year,name,college,pos,height_in,weight_lbs,hand_size_in,arm_length_in,wonderlic,40_yard,bench_press,vert_leap_in,broad_jump_in,shuttle,3cone,60yd_shuttle
2018,Josh Adams,Notre Dame,RB,74.0,213,9.25,33.75,,,18.0,,,,,
2018,Ola Adeniyi,Toledo,DE,74.0,248,9.63,31.75,,4.83,26.0,31.5,,4.28,7.21,12.79
2018,Jordan Akins,Central Florida,TE,75.0,249,9.5,32.5,,,,,,,,
2018,Jaire Alexander,Louisville,CB,71.0,192,,,,4.38,14.0,35.0,127.0,3.98,6.71,
2018,Austin Allen,Arkansas,QB,72.0,210,9.63,30.63,,4.81,,29.5,112.0,4.48,7.18,
2018,Brian Allen,Michigan State,C,73.0,298,9.25,32.38,,5.34,27.0,26.5,99.0,4.71,7.81,
2018,Josh Allen,Wyoming,QB,77.0,237,10.13,33.25,,4.75,,33.5,119.0,4.4,6.9,
2018,Marcus Allen,Penn State,FS,74.0,202,,,,,15.0,37.0,127.0,4.32,,
2018,Mark Andrews,Oklahoma,TE,77.0,256,10.5,33.5,,4.67,17.0,31.0,113.0,4.38,7.34,12.39
2018,Troy Apke,Penn State,SS,74.0,198,,,,4.34,16.0,41.0,131.0,4.03,6.56,
2018,Dorance Armstrong,Kansas,DE,76.0,257,10.0,34.75,,4.87,20.0,30.0,118.0,4.23,7.12,11.82
2018,Ade Aruna,Tulane (LA),DE,78.0,262,10.63,34.0,,4.6,18.0,38.5,128.0,4.48,7.53,
2018,Marcell Ateman,Oklahoma State,WR,76.0,216,9.88,32.88,,4.62,13.0,34.0,121.0,4.25,7.07,11.94
2018,John Atkins,Georgia,DT,76.0,321,9.25,34.0,,5.38,,24.0,89.0,4.75,7.95,
2018,Anthony Averett,Alabama,CB,72.0,185,,,,4.36,13.0,31.5,119.0,4.4,6.93,
2018,Genard Avery,Memphis,ILB,73.0,248,10.13,31.0,,4.59,26.0,36.0,124.0,4.36,6.9,
2018,Mike Badgley,Miami (FL),K,70.0,183,8.75,29.0,,4.94,,,111.0,,,
2018,Jerome Baker,Ohio State,OLB,73.0,229,10.38,31.5,,4.53,22.0,36.5,126.0,,,
2018,Kalen Ballage,Arizona State,RB,73.0,228,9.5,32.75,,4.46,15.0,33.5,122.0,4.35,6.91,
2018,Saquon Barkley,Penn State,RB,72.0,233,9.5,31.38,,4.4,29.0,41.0,,4.24,,
2018,J.T. Barrett,Ohio State,QB,73.0,224,9.88,32.0,,4.7,,30.0,108.0,4.44,7.38,
2018,Jessie Bates,Wake Forest,FS,74.0,195,,,,4.5,,35.5,117.0,4.26,6.78,11.34
2018,Marcus Baugh,Ohio State,TE,75.0,247,9.5,33.0,,4.81,,33.0,117.0,4.51,7.28,12.06
2018,Nick Bawden,San Diego State,FB,74.0,245,9.25,30.5,,,,,,,,
2018,Davin Bellamy,Georgia,OLB,77.0,255,9.5,33.25,,,15.0,,,,,
2018,Kurt Benkert,Virginia,QB,75.0,218,9.5,31.0,,4.95,16.0,31.0,112.0,4.33,7.15,
2018,Braxton Berrios,Miami (FL),WR,69.0,184,9.25,28.0,,,11.0,,,,,
2018,Keishawn Bierria,Washington,ILB,74.0,230,9.38,31.13,,4.79,21.0,30.5,117.0,,7.26,
2018,Quin Blanding,Virginia,FS,74.0,215,,,,4.63,,31.5,122.0,,,
2018,David Bright,Stanford,OT,77.0,307,10.25,33.25,,,,,,,,
2018,Andrew Brown,Virginia,DE,76.0,296,9.38,34.5,,5.03,31.0,28.0,101.0,4.48,7.51,
2018,Drew Brown,Nebraska,K,70.0,208,8.38,29.0,,,,,,,,
2018,Orlando Brown,Oklahoma,OT,80.0,345,9.75,35.0,,5.85,14.0,19.5,82.0,5.38,7.87,
2018,Tony Brown,Alabama,CB,72.0,198,,,,4.35,14.0,31.5,126.0,4.11,6.78,11.14
2018,Taven Bryan,Florida,DT,76.0,291,9.75,32.75,,4.98,30.0,35.0,119.0,4.48,7.12,
2018,Oren Burks,Vanderbilt,OLB,75.0,233,9.13,33.38,,4.59,18.0,39.5,131.0,4.15,6.82,
2018,Deontay Burnett,Southern California,WR,72.0,186,8.63,31.5,,,,,,,,
2018,Jason Cabinda,Penn State,ILB,73.0,239,9.63,32.0,,,19.0,,,,,
2018,Deon Cain,Clemson,WR,74.0,202,8.75,33.0,,4.43,11.0,33.5,115.0,4.37,6.71,11.78
2018,Antonio Callaway,Florida,WR,71.0,200,9.5,31.5,,4.41,,34.0,121.0,,,
2018,Chris Campbell,Penn State,CB,73.0,194,,,,,14.0,,,,,
2018,Dylan Cantrell,Texas Tech,WR,75.0,226,9.25,31.38,,4.59,18.0,38.5,130.0,4.03,6.56,10.85
2018,Alex Cappa,Humboldt State (CA),OT,78.0,305,9.25,32.63,,5.39,24.0,26.5,97.0,4.84,8.04,
2018,Tanner Carew,Oregon,LS,73.0,243,9.63,31.5,,5.0,18.0,30.0,111.0,4.28,7.26,
2018,Daniel Carlson,Auburn,K,77.0,213,9.75,32.0,,,,,,,,
2018,Darren Carrington,Utah,WR,74.0,199,10.38,32.75,,,,36.0,120.0,,,
2018,Lorenzo Carter,Georgia,OLB,78.0,250,10.38,34.0,,4.5,,36.0,130.0,,,
2018,Andre Chachere,San Jose State,CB,72.0,200,,,,4.49,13.0,38.0,123.0,4.07,6.78,11.43
2018,Sean Chandler,Temple,FS,72.0,190,,,,4.65,16.0,34.5,119.0,4.62,,
2018,D.J. Chark,Louisiana State,WR,75.0,199,9.25,32.38,,4.34,16.0,40.0,129.0,,,
2018,Geron Christian,Louisville,OT,77.0,298,10.75,35.0,,5.33,19.0,,,,,
2018,Bradley Chubb,North Carolina State,DE,76.0,269,9.88,34.0,,4.65,24.0,36.0,121.0,4.41,7.37,
2018,Nick Chubb,Georgia,RB,71.0,227,9.63,32.0,,4.52,29.0,38.5,128.0,4.25,7.09,
2018,Jack Cichy,Wisconsin,ILB,74.0,238,9.5,32.13,,,18.0,,,,,
2018,Will Clapp,Louisiana State,C,76.0,311,9.63,31.25,,5.39,25.0,29.0,97.0,4.92,8.04,
2018,Simmie Cobbs,Indiana,WR,75.0,220,9.25,32.0,,4.64,11.0,30.0,113.0,4.32,6.7,11.2
2018,Mason Cole,Michigan,C,76.0,307,9.63,32.13,,5.23,23.0,23.5,104.0,4.78,7.77,
2018,Lavon Coleman,Washington,RB,71.0,215,9.25,30.5,,4.65,23.0,33.0,120.0,,,
2018,Tyler Conklin,Central Michigan,TE,75.0,254,9.75,33.25,,4.8,18.0,38.0,120.0,4.23,7.13,11.43
2018,Austin Corbett,Nevada,OG,76.0,306,10.5,33.13,,5.15,19.0,28.0,106.0,4.5,7.87,
2018,Keke Coutee,Texas Tech,WR,70.0,181,8.38,29.88,,4.43,14.0,34.5,113.0,4.15,6.93,
2018,Chris Covington,Indiana,OLB,74.0,245,9.25,32.5,,4.78,23.0,,,,,
2018,Justin Crawford,West Virginia,RB,71.0,199,9.13,32.0,,4.64,11.0,33.5,122.0,,,
2018,Tyrell Crosby,Oregon,OT,77.0,309,10.75,35.25,,5.23,17.0,30.0,105.0,4.77,7.89,
2018,Dane Cruikshank,Arizona,SS,73.0,206,,,,4.41,25.0,38.5,121.0,4.24,6.89,
2018,Trevor Daniel,Tennessee,P,73.0,230,9.38,31.5,,4.98,23.0,32.5,119.0,,,
2018,James Daniels,Iowa,C,75.0,306,9.5,33.75,,,21.0,30.5,108.0,4.4,7.29,
2018,Sam Darnold,Southern California,QB,75.0,221,9.38,31.0,,4.85,,26.5,105.0,4.4,6.96,
2018,Marcus Davenport,Texas-San Antonio,DE,78.0,264,9.13,33.63,,4.58,22.0,33.5,124.0,4.41,7.2,
2018,Joseph Davidson,Bowling Green (OH),P,79.0,232,8.5,32.25,,,,,,,,
2018,Carlton Davis,Auburn,CB,73.0,203,,,,4.53,16.0,34.0,124.0,,,
2018,Duke Dawson,Florida,CB,70.0,208,,,,4.46,15.0,,,,,
2018,Dee Delaney,Miami (FL),CB,73.0,194,,,,4.46,13.0,32.5,120.0,4.25,6.95,
2018,Nick Deluca,North Dakota State,ILB,75.0,251,10.25,32.75,,4.85,18.0,29.5,112.0,4.23,7.09,
2018,Jamil Demby,Maine,OG,76.0,319,10.75,33.75,,5.58,17.0,23.5,98.0,4.95,7.86,
2018,Matt Dickerson,UCLA,DE,76.0,292,10.0,33.25,,5.06,26.0,31.0,,,,
2018,Michael Dickson,Texas,P,74.0,208,9.25,31.25,,,,,,,,
2018,Will Dissly,Washington,TE,76.0,262,10.25,32.0,,4.87,15.0,28.0,111.0,4.4,7.07,12.12
2018,Garret Dooley,Wisconsin,OLB,75.0,248,10.25,32.5,,4.8,21.0,33.0,121.0,4.28,,
2018,Chase Edmonds,Fordham (NY),RB,69.0,205,9.13,31.13,,4.55,19.0,34.0,122.0,4.07,6.79,11.63
2018,Terrell Edmunds,Virginia Tech,SS,74.0,220,,,,4.47,,41.5,134.0,,,
2018,Tremaine Edmunds,Virginia Tech,OLB,77.0,253,9.38,34.5,,4.54,19.0,,117.0,,,
2018,Duke Ejiofor,Wake Forest,DE,76.0,264,9.75,34.88,,,,,,,,
2018,Deshon Elliott,Texas,SS,74.0,205,,,,4.58,15.0,36.0,121.0,,,
2018,Donnie Ernsberger,Western Michigan,FB,75.0,241,9.75,31.63,,4.78,15.0,31.0,114.0,4.34,7.09,
2018,Danny Etling,Louisiana State,QB,74.0,222,9.38,31.0,,4.76,,30.5,114.0,4.37,7.09,
2018,Rashaan Evans,Alabama,OLB,75.0,232,10.0,32.25,,,,30.0,116.0,4.36,6.95,
2018,Brandon Facyson,Virginia Tech,CB,74.0,197,,,,4.53,16.0,,,,,
2018,Luke Falk,Washington State,QB,76.0,215,9.25,32.0,,,,26.5,103.0,,,
2018,Rashard Fant,Indiana,CB,70.0,175,,,,,,,,,,
2018,Foley Fatukasi,Connecticut,DT,76.0,318,10.25,34.13,,5.29,33.0,30.0,112.0,4.53,7.44,
2018,Riley Ferguson,Memphis,QB,75.0,212,9.63,30.88,,4.98,,29.0,110.0,4.4,6.96,
2018,Kylie Fitts,Utah,DE,76.0,263,9.5,33.0,,4.69,31.0,32.5,117.0,4.19,6.88,11.82
2018,Dimitri Flowers,Oklahoma,FB,74.0,248,9.25,30.75,,4.83,17.0,30.5,109.0,4.53,7.45,
2018,Quinton Flowers,South Florida,QB,70.0,214,9.75,30.88,,4.63,,,112.0,4.57,6.81,
2018,Tre Flowers,Oklahoma State,SS,75.0,200,,,,4.45,18.0,34.5,122.0,,,
2018,Robert Foster,Alabama,WR,74.0,196,9.25,32.13,,4.41,,31.0,116.0,4.2,6.9,11.9
2018,Jarvion Franklin,Western Michigan,RB,71.0,239,9.25,31.25,,4.63,18.0,30.0,109.0,4.31,6.93,11.81
2018,John Franklin-Myers,Stephen F. Austin (TX),DE,76.0,283,10.0,32.88,,4.75,26.0,33.0,113.0,4.48,7.36,
2018,Joshua Frazier,Alabama,DT,76.0,321,10.0,34.25,,,21.0,,,,,
2018,Royce Freeman,Oregon,RB,71.0,229,9.5,32.0,,4.54,17.0,34.0,118.0,4.16,6.9,11.64
2018,Troy Fumagalli,Wisconsin,TE,77.0,247,10.25,34.13,,,14.0,,,,,
2018,Michael Gallup,Colorado State,WR,73.0,205,9.25,31.5,,4.51,10.0,36.0,122.0,4.37,6.95,11.84
2018,Rashaan Gaulden,Tennessee,FS,73.0,193,,,,4.61,8.0,30.0,119.0,4.33,7.16,
2018,Mike Gesicki,Penn State,TE,77.0,247,10.13,34.0,,4.54,22.0,41.5,129.0,4.1,6.76,11.33
2018,Dallas Goedert,South Dakota State,TE,77.0,256,9.25,32.88,,,23.0,,,,,
2018,Colby Gossett,Appalachian State (NC),OG,77.0,311,10.88,33.88,,5.2,32.0,25.0,103.0,4.83,7.6,
2018,Davon Grayson,East Carolina (NC),WR,73.0,199,9.38,31.38,,4.51,19.0,34.5,124.0,,,
2018,Rasheem Green,Southern California,DE,77.0,275,9.88,33.75,,4.73,,32.5,118.0,4.39,7.24,
2018,Shaquem Griffin,Central Florida,OLB,73.0,227,9.0,32.13,,4.38,20.0,,117.0,,,
2018,Derrius Guice,Louisiana State,RB,70.0,224,9.75,30.75,,4.49,15.0,31.5,,,,
2018,Grant Haley,Penn State,CB,69.0,190,,,,4.44,15.0,34.0,119.0,3.94,6.51,
2018,Daesean Hamilton,Penn State,WR,73.0,203,9.38,31.0,,,,34.5,118.0,4.15,6.84,
2018,Shaun Dion Hamilton,Alabama,ILB,72.0,228,10.25,31.0,,,20.0,,,,,
2018,DaShawn Hand,Alabama,DE,76.0,297,9.75,34.38,,4.83,28.0,31.5,111.0,4.62,7.98,
2018,Davontae Harris,Illinois State,CB,72.0,200,,,,4.43,22.0,32.5,123.0,4.4,6.96,
2018,Marcell Harris,Florida,SS,72.0,208,,,,,16.0,,,,,
2018,Ronnie Harrison,Alabama,SS,75.0,214,,,,,,34.0,120.0,,,
2018,Marquis Haynes,Mississippi,OLB,75.0,235,10.0,33.25,,4.67,23.0,32.0,123.0,4.45,7.14,
2018,Taylor Hearn,Clemson,OG,76.0,320,8.75,32.5,,5.45,18.0,24.0,96.0,4.8,7.84,
2018,James Hearns,Louisville,OLB,75.0,239,9.38,32.5,,4.89,22.0,,,,,
2018,Quadree Henderson,Pittsburgh,WR,68.0,192,9.88,29.5,,4.5,12.0,32.5,120.0,4.28,6.89,
2018,Zaycoven Henderson,Texas A&M,DT,72.0,298,9.75,32.75,,5.16,20.0,29.5,105.0,4.58,7.33,
2018,Will Hernandez,Texas-El Paso,OG,74.0,327,9.88,32.0,,5.15,37.0,24.0,104.0,4.7,7.59,
2018,Chris Herndon,Miami (FL),TE,76.0,253,9.75,32.75,,,21.0,,,,,
2018,Kyle Hicks,Texas Christian,RB,70.0,204,9.5,32.5,,4.63,13.0,36.5,122.0,,,
2018,B.J. Hill,North Carolina State,DT,76.0,311,10.63,33.0,,4.99,35.0,26.5,101.0,4.53,7.28,
2018,Holton Hill,Texas,CB,75.0,200,,,,4.49,14.0,31.0,120.0,4.15,6.83,
2018,Nyheim Hines,North Carolina State,RB,68.0,198,8.88,30.75,,4.38,,35.5,119.0,4.35,7.18,
2018,Jeff Holland,Auburn,OLB,74.0,249,10.5,33.5,,4.79,,,116.0,,,
2018,Jalyn Holmes,Ohio State,DE,77.0,283,10.0,34.0,,4.82,25.0,32.0,,,,
2018,Sam Hubbard,Ohio State,DE,77.0,270,10.0,33.13,,,,35.0,116.0,4.32,6.84,11.61
2018,Mike Hughes,Central Florida,CB,71.0,191,,,,4.53,20.0,35.5,127.0,4.13,6.7,
2018,Hayden Hurst,South Carolina,TE,76.0,250,9.75,32.13,,4.67,,31.5,120.0,4.37,7.19,12.15
2018,Maurice Hurst,Michigan,DT,74.0,292,9.5,32.0,,,,,,,,
2018,Godwin Igwebuike,Northwestern,FS,72.0,205,,,,4.44,19.0,35.5,128.0,4.12,6.56,10.81
2018,Joel Iyiegbuniwe,Western Kentucky,ILB,73.0,229,10.25,32.63,,4.6,19.0,35.0,117.0,4.28,7.06,
2018,Ryan Izzo,Florida State,TE,77.0,256,9.25,31.38,,4.94,18.0,33.0,110.0,4.43,7.15,12.15
2018,Darius Jackson,Jacksonville State (AL),OLB,75.0,242,9.13,32.0,,4.87,21.0,26.5,113.0,,7.52,
2018,Donte Jackson,Louisiana State,CB,71.0,175,,,,4.32,7.0,,124.0,,,
2018,J.C. Jackson,Maryland,CB,71.0,193,,,,4.46,14.0,35.5,120.0,,,
2018,Josh Jackson,Iowa,CB,73.0,192,,,,4.56,18.0,38.0,123.0,4.03,6.86,
2018,Justin Jackson,Northwestern,RB,72.0,199,9.25,30.63,,4.52,13.0,38.5,122.0,4.07,6.81,11.06
2018,Lamar Jackson,Louisville,QB,74.0,216,9.5,33.13,,,,,,,,
2018,Leon Jacobs,Wisconsin,OLB,75.0,246,9.63,33.5,,4.48,26.0,34.5,122.0,4.44,7.14,12.15
2018,Natrell Jamerson,Wisconsin,FS,72.0,198,,,,4.4,25.0,35.5,120.0,,,
2018,Derwin James,Florida State,SS,75.0,215,,,,4.47,21.0,40.0,132.0,,,
2018,Richie James,Middle Tennessee State,WR,70.0,183,9.25,31.25,,4.48,6.0,35.5,122.0,4.16,6.87,11.44
2018,Malik Jefferson,Texas,ILB,75.0,236,9.63,32.0,,4.52,27.0,36.0,125.0,,,
2018,Josey Jewell,Iowa,ILB,73.0,234,10.0,32.0,,4.82,18.0,33.0,117.0,4.27,6.8,11.52
2018,Danny Johnson,Southern (LA),CB,70.0,185,,,,4.44,15.0,35.0,123.0,,,
2018,Kerryon Johnson,Auburn,RB,71.0,213,9.75,32.5,,,11.0,40.0,126.0,4.29,7.07,
2018,Taron Johnson,Weber State (UT),CB,72.0,180,,,,4.5,17.0,33.0,118.0,4.28,7.03,
2018,Chris Jones,Nebraska,CB,72.0,195,,,,4.57,14.0,,,,,
2018,Justin Jones,North Carolina State,DT,74.0,309,10.0,33.5,,5.09,24.0,29.0,104.0,4.74,7.82,
2018,Ronald Jones,Southern California,RB,71.0,205,8.75,31.13,,4.65,,36.5,,,,
2018,Sam Jones,Arizona State,OG,77.0,305,9.5,31.0,,5.32,28.0,27.0,101.0,4.86,7.92,
2018,Michael Joseph,Dubuque (IA),CB,73.0,181,,,,,17.0,34.0,,4.2,6.89,11.98
2018,Peter Kalambayi,Stanford,OLB,75.0,252,9.0,33.5,,4.57,19.0,34.0,121.0,4.36,7.13,
2018,Joshua Kalu,Nebraska,FS,73.0,195,,,,4.58,17.0,41.5,134.0,,,
2018,John Kelly,Tennessee,RB,70.0,216,9.38,31.38,,,15.0,35.0,120.0,4.51,7.13,
2018,Kameron Kelly,San Diego State,FS,74.0,200,,,,4.66,9.0,33.0,120.0,4.28,6.94,
2018,Arden Key,Louisiana State,DE,78.0,238,10.0,33.5,,,,31.0,117.0,4.25,7.16,
2018,Jamarcus King,South Carolina,CB,73.0,186,,,,4.7,,,,,,
2018,Christian Kirk,Texas A&M,WR,70.0,201,9.88,30.38,,4.47,20.0,35.5,115.0,4.45,7.09,12.03
2018,Micah Kiser,Virginia,ILB,74.0,238,9.38,32.0,,4.66,,35.5,121.0,4.24,7.05,
2018,Chris Lacy,Oklahoma State,WR,75.0,205,9.75,31.25,,4.51,11.0,33.5,120.0,,,
2018,Harold Landry,Boston College,OLB,75.0,252,9.38,32.88,,4.64,24.0,36.0,119.0,4.19,6.88,11.35
2018,Jordan Lasley,UCLA,WR,73.0,203,9.63,32.75,,4.5,8.0,34.5,112.0,4.19,,
2018,Kyle Lauletta,Richmond (VA),QB,75.0,222,9.75,30.63,,4.81,,31.0,113.0,4.07,6.95,
2018,Allen Lazard,Iowa State,WR,77.0,227,9.75,32.25,,4.55,17.0,38.0,122.0,,,
2018,Tanner Lee,Nebraska,QB,76.0,218,10.5,32.5,,4.98,,32.0,115.0,4.41,7.0,
2018,Darius Leonard,South Carolina State,OLB,74.0,234,10.25,34.38,,4.7,17.0,,,,,
2018,Tyquan Lewis,Ohio State,DE,75.0,265,10.38,33.0,,,,35.5,122.0,,,
2018,Chase Litton,Marshall (WV),QB,77.0,230,9.38,32.25,,4.9,,29.5,106.0,4.53,7.49,
2018,James Looney,California,DE,75.0,287,10.5,32.0,,4.89,28.0,35.5,113.0,4.37,7.32,
2018,Lowell Lotulelei,Utah,DT,74.0,315,9.63,33.0,,,28.0,,,,,
2018,Avonte Maddox,Pittsburgh,CB,69.0,180,,,,4.39,13.0,37.0,125.0,4.0,6.51,10.72
2018,Cole Madison,Washington State,OG,77.0,308,10.38,32.25,,5.33,26.0,28.5,97.0,4.88,7.86,
2018,K.J. Malone,Louisiana State,OG,76.0,303,9.25,33.5,,5.34,15.0,29.5,103.0,,,
2018,Tavares Martin,Washington State,WR,73.0,177,9.13,32.13,,4.8,,31.5,,,,
2018,Hercules MataAfa,Washington State,OLB,73.0,254,10.25,31.5,,4.76,26.0,31.5,108.0,4.37,7.24,
2018,Baker Mayfield,Oklahoma,QB,73.0,215,9.25,30.25,,4.84,,29.0,111.0,4.28,7.0,
2018,Ray-Ray Mccloud,Clemson,WR,69.0,190,9.25,30.25,,4.53,13.0,34.5,113.0,,,
2018,Mike Mccray,Michigan,OLB,76.0,243,9.13,32.63,,4.76,16.0,31.5,119.0,4.25,7.09,11.61
2018,KC Mcdermott,Miami (FL),OT,78.0,311,9.75,32.5,,5.35,26.0,23.5,97.0,4.82,7.72,
2018,Tarvarus Mcfadden,Florida State,CB,74.0,198,,,,4.67,,38.5,121.0,,,
2018,R.J. Mcintosh,Miami (FL),DT,76.0,286,9.38,33.88,,,,,,,,
2018,Kahlil Mckenzie,Tennessee,DT,77.0,314,10.13,31.5,,5.15,26.0,29.5,105.0,4.68,7.94,
2018,Sony Michel,Georgia,RB,71.0,214,9.13,31.25,,4.54,22.0,,,4.21,,
2018,Anthony Miller,Memphis,WR,71.0,201,10.63,31.63,,,22.0,,,,,
2018,Steven Mitchell,Southern California,WR,70.0,189,9.38,30.38,,4.56,13.0,32.5,121.0,4.4,6.75,
2018,D.J. Moore,Maryland,WR,72.0,210,9.63,31.63,,4.42,15.0,39.5,132.0,4.07,6.95,11.18
2018,JMon Moore,Missouri,WR,75.0,207,9.38,32.88,,4.6,21.0,38.0,120.0,4.04,6.56,
2018,Kamrin Moore,Boston College,CB,71.0,200,,,,,,,,,,
2018,Skai Moore,South Carolina,OLB,74.0,226,9.38,32.0,,4.73,,36.0,117.0,,,
2018,Ryan Nall,Oregon State,RB,74.0,232,10.5,31.5,,4.58,15.0,33.0,122.0,4.16,6.95,11.57
2018,Siran Neal,Jacksonville State (AL),SS,72.0,199,,,,4.56,17.0,40.5,122.0,4.28,7.0,
2018,Nick Nelson,Wisconsin,CB,71.0,208,,,,4.52,17.0,,123.0,,,
2018,Quenton Nelson,Notre Dame,OG,77.0,325,10.38,33.75,,,35.0,26.5,105.0,4.62,7.65,
2018,Bilal Nichols,Delaware,DT,76.0,306,10.25,33.38,,4.95,29.0,,,,,
2018,Parry Nickerson,Tulane (LA),CB,72.0,180,,,,4.32,15.0,,,,,
2018,Derrick Nnadi,Florida State,DT,73.0,317,9.88,33.5,,5.38,25.0,27.0,96.0,5.02,8.15,
2018,Kendrick Norton,Miami (FL),DT,75.0,314,10.75,33.75,,5.25,30.0,,,,,
2018,Uchenna Nwosu,Southern California,OLB,75.0,251,9.0,33.63,,4.65,20.0,32.0,119.0,,,
2018,Dorian ODaniel,Clemson,OLB,73.0,223,9.0,31.13,,4.61,21.0,32.0,119.0,4.07,6.64,
2018,Ogbonnia Okoronkwo,Oklahoma,DE,73.0,253,9.0,33.75,,4.77,27.0,38.0,121.0,,,
2018,Isaiah Oliver,Colorado,CB,73.0,190,,,,4.5,,,,,,
2018,Rashaad Penny,San Diego State,RB,71.0,220,9.25,31.25,,4.46,13.0,32.5,120.0,,,
2018,Dante Pettis,Washington,WR,72.0,186,9.5,32.25,,,,,,,,
2018,Kamryn Pettway,Auburn,RB,72.0,233,9.5,31.25,,4.74,22.0,33.5,116.0,,,
2018,Cam Phillips,Virginia Tech,WR,72.0,201,8.88,30.5,,,,,,,,
2018,Darius Phillips,Western Michigan,CB,70.0,190,,,,4.54,,,,,,
2018,Skyler Phillips,Idaho State,OG,75.0,318,9.5,33.0,,5.1,,29.0,104.0,4.69,7.95,
2018,Eddy Pineiro,Florida,K,72.0,185,8.25,29.88,,,,,,,,
2018,Billy Price,Ohio State,C,76.0,305,9.75,32.0,,,,,,,,
2018,Byron Pringle,Kansas State,WR,73.0,203,9.25,32.0,,4.46,15.0,33.5,120.0,4.4,6.87,
2018,Jacob Pugh,Florida State,OLB,76.0,246,10.13,34.38,,4.65,,38.5,122.0,,,
2018,Scott Quessenberry,UCLA,C,76.0,310,9.75,31.75,,5.09,25.0,33.5,111.0,4.69,7.5,
2018,Trey Quinn,Southern Methodist (TX),WR,71.0,203,10.13,30.75,,4.55,17.0,33.5,116.0,4.19,6.91,11.4
2018,Frank Ragnow,Arkansas,C,77.0,312,9.38,33.13,,,26.0,,,,,
2018,Martinas Rankin,Mississippi State,OT,76.0,308,10.13,33.75,,,24.0,,,,,
2018,Max Redfield,Indiana (PA),SS,73.0,205,,,,4.69,15.0,,,,,
2018,Justin Reid,Stanford,FS,73.0,204,,,,4.4,16.0,36.5,128.0,4.15,6.65,
2018,Demario Richard,Arizona State,FB,69.0,218,9.25,28.75,,4.7,12.0,29.5,115.0,,,
2018,Stephen Roberts,Auburn,FS,71.0,189,,,,4.53,,34.0,121.0,,,
2018,JaVon Rolland-Jones,Arkansas State,OLB,74.0,253,10.13,32.75,,4.88,23.0,,,,,
2018,Josh Rosen,UCLA,QB,76.0,226,9.88,31.75,,4.92,,31.0,111.0,4.28,7.09,
2018,Olubunmi Rotimi,Old Dominion (VA),DE,76.0,273,9.75,34.88,,,21.0,32.0,113.0,4.7,7.46,
2018,Mason Rudolph,Oklahoma State,QB,77.0,235,9.13,32.38,,4.9,,26.0,,,,
2018,Christian Sam,Arizona State,ILB,74.0,244,10.0,31.5,,4.75,28.0,32.0,114.0,4.25,7.03,
2018,Jaylen Samuels,North Carolina State,TE,71.0,225,9.5,31.25,,4.54,18.0,34.5,121.0,4.28,6.93,
2018,Domincik Sanders,Georgia,FS,72.0,193,,,,,14.0,,,,,
2018,Tegray Scales,Indiana,ILB,72.0,230,8.63,30.75,,4.77,27.0,,,,,
2018,Bo Scarbrough,Alabama,RB,73.0,228,10.5,33.5,,4.52,14.0,40.0,129.0,4.34,,
2018,Dalton Schultz,Stanford,TE,77.0,244,9.25,31.75,,4.75,15.0,32.0,120.0,4.4,7.0,
2018,JK Scott,Alabama,P,78.0,208,9.13,33.13,,4.83,,30.5,114.0,4.41,7.28,
2018,Coleman Shelton,Washington,C,75.0,292,8.5,31.5,,5.24,,26.5,110.0,4.59,7.62,
2018,Nic Shimonek,Texas Tech,QB,75.0,220,9.25,30.75,,4.88,,28.5,101.0,4.32,7.28,
2018,Andre Smith,North Carolina,ILB,72.0,237,10.0,33.13,,4.63,19.0,,,,,
2018,Braden Smith,Auburn,OG,78.0,315,9.38,32.25,,5.22,35.0,33.5,113.0,4.77,,
2018,Roquan Smith,Georgia,ILB,73.0,236,10.0,32.0,,4.51,,,,,,
2018,Van Smith,Clemson,FS,71.0,185,,,,4.61,,29.5,,,,
2018,Durham Smythe,Notre Dame,TE,77.0,253,10.75,32.5,,4.81,18.0,31.0,110.0,4.23,7.17,11.86
2018,Kentavius Street,North Carolina State,DE,74.0,280,10.25,32.88,,4.87,28.0,,,,,
2018,Josh Sweat,Florida State,OLB,76.0,251,10.25,34.63,,4.53,,39.5,124.0,4.28,,
2018,Wyatt Teller,Virginia Tech,OG,76.0,314,10.25,34.0,,5.24,30.0,29.0,114.0,4.84,7.45,
2018,Chad Thomas,Miami (FL),DE,78.0,281,10.25,33.5,,4.92,,29.0,116.0,,,
2018,Ian Thomas,Indiana,TE,76.0,259,11.5,34.13,,4.74,,36.0,123.0,4.2,7.15,
2018,Jordan Thomas,Mississippi State,TE,77.0,265,9.63,32.25,,4.74,16.0,27.0,111.0,4.75,7.5,
2018,Matthew Thomas,Florida State,OLB,75.0,232,8.88,33.0,,4.58,,41.5,131.0,4.28,6.85,
2018,Roc Thomas,Jacksonville State (AL),RB,70.0,198,9.25,31.63,,4.56,16.0,35.5,125.0,,,
2018,Johnny Townsend,Florida,P,73.0,210,9.5,30.63,,,,,,,,
2018,Shane Tripucka,Texas A&M,P,75.0,211,9.75,31.5,,,,,,,,
2018,Kemoko Turay,Rutgers,OLB,77.0,253,9.63,33.38,,4.65,,,,,,
2018,Salesi Uhatafe,Utah,OG,77.0,310,10.25,33.0,,5.4,,28.0,109.0,4.9,7.7,
2018,Leighton Vander Esch,Boise State,OLB,76.0,256,9.75,33.88,,4.65,20.0,39.5,124.0,4.15,6.88,11.57
2018,Azeem Victor,Washington,ILB,73.0,240,9.38,33.0,,4.72,19.0,32.5,115.0,4.4,7.2,
2018,Akrum Wadley,Iowa,RB,70.0,194,8.25,29.5,,4.54,12.0,32.0,,,,
2018,Trey Walker,Louisiana-Lafayette,SS,74.0,200,,,,4.51,14.0,33.0,119.0,4.28,7.0,11.27
2018,Mark Walton,Miami (FL),RB,70.0,202,9.25,30.0,,4.6,18.0,31.5,118.0,,,
2018,Chris Warren,Texas,RB,74.0,247,10.0,32.0,,4.69,25.0,33.0,121.0,4.18,6.98,12.03
2018,Armani Watts,Texas A&M,FS,71.0,205,,,,,13.0,35.0,120.0,4.37,7.25,
2018,Damon Webb,Ohio State,SS,71.0,195,,,,4.62,17.0,,,,,
2018,David Wells,San Diego State,TE,78.0,256,9.63,32.25,,4.75,20.0,33.0,116.0,4.59,7.5,12.41
2018,Sean Welsh,Iowa,OG,75.0,306,10.25,32.0,,5.43,20.0,25.0,103.0,4.81,7.9,
2018,Kyzir White,West Virginia,SS,74.0,216,,,,,21.0,35.5,113.0,,,
2018,Mike White,Western Kentucky,QB,77.0,224,9.5,31.88,,5.09,,27.0,96.0,4.4,7.4,
2018,Jordan Whitehead,Pittsburgh,FS,71.0,195,,,,,21.0,,,,,
2018,Jojo Wicker,Arizona State,DE,75.0,296,9.13,31.75,,5.16,25.0,30.0,105.0,,,
2018,Jordan Wilkins,Mississippi,RB,73.0,216,9.38,30.13,,,16.0,36.0,117.0,4.27,,
2018,Anthony Winbush,Ball State (IN),OLB,73.0,249,9.25,32.13,,,25.0,,110.0,,,
2018,Ryan Winslow,Pittsburgh,P,77.0,217,8.63,30.25,,,,,,,,
2018,Logan Woodside,Toledo,QB,73.0,213,9.75,31.0,,4.79,,31.5,103.0,4.15,6.94,
2018,Chris Worley,Ohio State,ILB,74.0,238,9.25,31.25,,4.86,15.0,29.5,,,,
2018,Isaiah Wynn,Georgia,OG,75.0,313,8.5,33.38,,,,,,,,
2018,Kenny Young,UCLA,ILB,73.0,236,9.5,32.38,,4.6,23.0,36.0,117.0,4.48,7.38,
2018,Trevon Young,Louisville,DE,76.0,258,10.0,33.75,,4.78,25.0,33.0,114.0,4.4,6.99,11.6
2017,Jamal Adams,Louisiana State,SS,71.63,214,9.25,33.38,11.0,4.56,18.0,31.5,120.0,4.13,6.96,
2017,Montravius Adams,Auburn,DT,75.63,304,9.25,32.75,,4.87,22.0,29.0,108.0,,7.62,
2017,Rodney Adams,South Florida,WR,73.25,189,9.0,32.0,,4.44,8.0,29.5,125.0,4.28,6.98,11.39
2017,Quincy Adeboyejo,Mississippi,WR,74.75,197,9.38,31.75,,4.42,8.0,34.5,123.0,4.14,6.73,
2017,Brian Allen,Utah,DB,74.88,215,10.0,34.0,,4.48,15.0,34.5,117.0,4.34,6.64,
2017,Jonathan Allen,Alabama,DE,74.63,286,9.38,33.63,27.0,5.0,21.0,30.0,108.0,4.44,7.49,
2017,Ryan Anderson,Alabama,OLB,74.13,253,9.38,31.5,,4.78,,,,,,
2017,Gavin Andrews,Oregon State,OG,77.0,340,,,,,,,,5.09,,
2017,Alex Anzalone,Florida,LB,75.0,241,9.13,32.13,26.0,4.63,16.0,30.5,116.0,,6.88,
2017,Isaac Asiata,Utah,OG,75.13,323,10.38,33.75,,5.34,35.0,25.5,102.0,4.93,7.83,
2017,Antony Auclair,Laval,TE,78.0,254,,,,,,,,4.45,,12.08
2017,Erik Austell,Charleston Southern,OT,75.13,301,9.0,32.0,,5.23,24.0,27.5,107.0,4.9,8.13,
2017,Chidobe Awuzie,Colorado,CB,71.75,202,8.5,30.63,34.0,4.43,16.0,34.5,132.0,4.14,6.81,
2017,Budda Baker,Washington,FS,69.63,195,9.0,30.75,14.0,4.45,15.0,32.5,115.0,4.08,6.76,
2017,Toby Baker,Arkansas,P,75.13,210,9.25,31.63,,,,,,,,
2017,Zach Banner,Southern California,OT,80.38,353,10.75,34.88,,5.58,22.0,23.5,92.0,5.21,8.31,
2017,Derek Barnett,Tennessee,DE,74.63,259,10.0,32.13,,4.88,,31.0,117.0,4.44,6.96,11.71
2017,Tarell Basham,Ohio,DE,75.63,269,10.25,34.25,,4.7,15.0,31.5,119.0,4.44,7.27,
2017,C.J. Beathard,Iowa,QB,74.13,219,9.38,30.63,26.0,,,31.0,113.0,,,
2017,Kendell Beckwith,Louisiana State,ILB,74.13,243,9.5,33.0,,,20.0,,,,,
2017,Collin Bevins,Northwest Missouri State,DE,78.0,285,,,,,,,,4.39,,
2017,Vince Biegel,Wisconsin,OLB,75.13,246,9.13,32.38,23.0,4.67,21.0,33.5,118.0,,6.92,
2017,Adam Bisnowaty,Pittsburgh,OT,77.63,304,11.38,33.88,,5.23,23.0,29.5,96.0,4.94,8.02,
2017,Victor Bolden,Oregon State,WR,68.13,178,9.0,31.13,,4.54,9.0,32.0,117.0,4.22,6.83,11.14
2017,Garett Bolles,Utah,OT,77.25,297,9.38,34.0,9.0,4.95,,28.0,115.0,4.55,7.29,
2017,Ben Boulware,Clemson,ILB,72.0,238,10.0,30.5,,,20.0,29.5,111.0,,7.02,
2017,Kendrick Bourne,Eastern Washington,WR,73.25,203,9.13,32.5,,4.68,9.0,34.0,125.0,4.21,6.73,12.21
2017,Tashawn Bower,Louisiana State,DE,76.75,250,9.88,33.38,,4.82,20.0,31.5,121.0,4.38,7.2,
2017,Tyus Bowser,Houston,LB,74.63,247,10.13,33.25,,4.65,21.0,37.5,127.0,4.29,6.75,
2017,Ben Braden,Michigan,OG,78.25,329,9.88,34.0,,5.04,25.0,28.0,102.0,4.9,7.85,
2017,Caleb Brantley,Florida,DT,74.63,307,9.75,32.0,29.0,5.14,21.0,27.0,105.0,4.5,7.66,
2017,Billy Brown,Shepherd (WV),WR,75.38,254,10.38,33.0,,4.7,23.0,29.0,118.0,4.14,,11.75
2017,Blair Brown,Ohio,LB,71.5,238,9.38,31.25,,4.65,,37.0,124.0,,6.92,
2017,Fadol Brown,Mississippi,DE,76.13,273,10.25,35.0,,4.94,19.0,34.0,115.0,,7.24,
2017,Jayon Brown,UCLA,LB,71.75,231,9.63,31.38,,4.7,17.0,31.5,120.0,,,
2017,Noah Brown,Ohio State,WR,74.0,222,9.13,31.75,,,19.0,,,4.33,7.07,
2017,Pharaoh Brown,Oregon,TE,77.63,255,10.38,35.63,,,24.0,34.0,,4.62,,
2017,Daniel Brunskill,San Diego State,OT,77.13,273,9.88,33.88,,,17.0,28.0,106.0,4.84,7.9,
2017,Collin Buchanan,Miami (OH),OL,76.63,316,10.5,32.38,,,23.0,25.0,97.0,4.75,,
2017,Riley Bullough,Michigan State,LB,73.63,226,9.88,31.25,,,20.0,31.5,116.0,4.38,,11.91
2017,Harrison Butker,Georgia Tech,K,75.63,199,8.75,31.75,,,,,,,,
2017,Jake Butt,Michigan,TE,77.13,246,10.0,32.0,32.0,,,,,,,
2017,KD Cannon,Baylor,WR,71.13,182,8.88,30.75,,4.41,13.0,37.0,119.0,4.2,,
2017,Josh Carraway,Texas Christian,DE,75.0,242,9.25,34.25,,4.74,25.0,29.5,120.0,4.42,7.2,12.48
2017,Christopher Carson,Oklahoma State,RB,72.25,218,9.63,33.25,,4.58,23.0,37.0,130.0,,,
2017,Cethan Carter,Nebraska,TE,74.75,241,9.0,32.38,,4.68,19.0,,,4.47,,
2017,Jamal Carter,Miami (FL),SS,72.63,218,9.38,31.0,,4.64,19.0,35.0,122.0,4.28,,
2017,Taco Charlton,Michigan,DE,77.63,277,9.75,34.25,22.0,4.92,25.0,33.0,116.0,,7.17,
2017,Jehu Chesson,Michigan,WR,74.75,204,9.13,33.25,,4.47,10.0,35.5,132.0,4.09,6.7,
2017,Chuck Clark,Virginia Tech,DB,71.63,208,9.0,32.25,,4.54,16.0,34.0,122.0,4.07,6.85,11.62
2017,Jeremy Clark,Michigan,CB,75.13,220,9.38,32.88,,,20.0,,,4.5,,
2017,Corey Clement,Wisconsin,RB,70.25,220,9.75,30.5,,4.68,19.0,28.5,115.0,4.53,,
2017,Chunky Clements,Illinois,DT,74.13,301,10.38,32.88,,,23.0,,,4.96,,
2017,Tarik Cohen,North Carolina A&T,RB,66.38,179,10.13,29.75,,4.42,11.0,31.5,118.0,,,
2017,Stacy Coley,Miami (FL),WR,72.13,195,9.75,32.25,,4.45,10.0,34.0,122.0,4.39,,
2017,Aviante Collins,Texas Christian,OT,76.25,295,9.38,33.38,,4.81,34.0,,,4.73,,
2017,Gareon Conley,Ohio State,CB,72.25,195,9.5,33.0,17.0,4.44,11.0,37.0,129.0,4.18,6.68,
2017,James Conner,Pittsburgh,RB,73.25,233,9.88,31.25,,4.65,20.0,29.0,113.0,,,
2017,Dalvin Cook,Florida State,RB,71.13,210,9.25,32.38,,4.49,22.0,30.5,116.0,4.53,7.27,
2017,Ethan Cooper,Indiana (PA),OG,74.0,322,10.38,32.63,11.0,5.36,26.0,24.5,99.0,4.88,8.02,
2017,Zach Cunningham,Vanderbilt,LB,75.25,234,9.25,34.38,22.0,4.67,15.0,35.0,125.0,,7.03,
2017,Jeremy Cutrer,Middle Tennessee State,CB,74.0,170,,,,,,,,4.26,,
2017,Darrell Daniels,Washington,TE,75.13,247,10.25,34.5,,4.55,17.0,32.0,116.0,4.47,7.09,
2017,Amara Darboh,Michigan,WR,73.75,214,9.88,32.63,,4.45,17.0,36.0,124.0,4.26,,11.88
2017,Julie'n Davenport,Bucknell (PA),OT,78.75,318,10.5,36.5,28.0,5.45,18.0,27.0,106.0,4.69,7.57,
2017,Corey Davis,Western Michigan,WR,74.75,209,9.13,33.0,31.0,,,,,4.28,,11.48
2017,Jarrad Davis,Florida,LB,73.25,238,9.75,33.5,22.0,,,,,4.39,,
2017,Justin Davis,Southern California,RB,72.63,208,9.63,31.0,,,21.0,,,4.32,,11.29
2017,Keionta Davis,Tennessee-Chattanooga,DE,75.0,271,9.5,34.0,,,,,,4.46,,
2017,Kevin Davis,Colorado State,LB,73.75,235,10.25,32.38,,4.91,11.0,30.5,110.0,4.5,7.18,
2017,Robert Davis,Georgia State,WR,74.75,219,9.63,33.0,,4.44,19.0,41.0,136.0,4.28,6.82,11.77
2017,Dion Dawkins,Temple,OG,75.88,314,9.88,35.0,12.0,5.11,26.0,26.0,106.0,4.78,7.3,
2017,Matt Dayes,North Carolina State,RB,68.63,205,10.5,30.0,12.0,,18.0,28.0,109.0,,,
2017,Treston Decoud,Oregon State,CB,73.75,206,9.25,33.0,,4.62,11.0,31.0,116.0,,,
2017,J.J. Dielman,Utah,C,76.75,309,10.0,32.25,,,27.0,,,4.84,,
2017,Joshua Dobbs,Tennessee,QB,75.25,216,9.25,32.63,29.0,4.64,,33.0,122.0,4.31,6.75,
2017,Dylan Donahue,West Georgia,DL,74.63,248,9.0,30.25,,4.75,26.0,29.5,116.0,,7.02,
2017,Rasul Douglas,West Virginia,CB,74.0,209,9.25,32.38,,4.59,16.0,33.5,120.0,4.26,6.97,
2017,Jessamen Dunker,Tennessee State,OG,76.13,318,10.0,33.5,,4.98,23.0,28.5,108.0,4.13,,11.2
2017,Malachi Dupre,Louisiana State,WR,74.13,196,9.0,31.5,,4.52,11.0,39.5,135.0,4.26,7.19,
2017,Travin Dural,Louisiana State,WR,73.0,202,9.0,32.0,,4.57,,30.5,116.0,4.55,7.29,
2017,Ken Ekanem,Virginia Tech,DL,74.63,257,10.5,32.0,,4.88,,30.5,115.0,4.4,7.38,
2017,Corn Elder,Miami (FL),CB,70.13,183,8.75,31.25,,4.55,,,,,,
2017,Pat Elflein,Ohio State,C,74.75,303,9.75,33.25,21.0,5.32,22.0,23.5,99.0,4.71,7.94,
2017,Jake Elliott,Memphis,K,69.25,167,9.0,29.0,,4.79,,,,,,
2017,Jermaine Eluemunor,Texas A&M,OL,75.63,332,9.5,33.25,,5.22,34.0,,,,,
2017,Darius English,South Carolina,OLB,78.0,245,,,,,,,,4.94,,
2017,Evan Engram,Mississippi,TE,75.13,234,10.0,33.5,26.0,4.42,19.0,36.0,125.0,4.23,6.92,
2017,Amba Etta-Tawo,Syracuse,WR,73.25,208,9.13,32.0,,4.49,14.0,31.0,126.0,4.32,6.95,
2017,Jerod Evans,Virginia Tech,QB,74.63,232,9.38,33.13,21.0,4.8,,26.5,112.0,4.41,,
2017,Justin Evans,Texas A&M,SS,72.0,199,9.75,32.0,25.0,,14.0,,,,,
2017,Gerald Everett,South Alabama,TE,74.75,239,8.5,33.0,24.0,4.62,22.0,37.5,126.0,4.33,6.99,11.57
2017,Dan Feeney,Indiana,OG,76.0,305,10.25,33.38,29.0,5.24,26.0,28.0,101.0,4.68,7.52,
2017,Devonte' Fields,Louisville,OLB,74.38,236,9.0,32.38,,4.72,,34.0,124.0,4.88,7.4,
2017,Tarean Folston,Notre Dame,RB,69.0,214,,,,,,,,4.2,,11.53
2017,Isaiah Ford,Virginia Tech,WR,73.25,194,9.25,32.63,,4.61,14.0,35.5,127.0,4.34,6.94,
2017,Rudy Ford,Auburn,FS,71.13,205,8.88,30.0,,,20.0,,,4.21,,11.22
2017,D'Onta Foreman,Texas,RB,72.25,233,10.13,31.38,,,18.0,,,4.28,,
2017,Reuben Foster,Alabama,LB,72.25,229,10.25,32.38,9.0,,,,,,,
2017,Leonard Fournette,Louisiana State,RB,72.13,240,9.25,31.63,11.0,4.51,,28.5,,,,
2017,Kyle Fuller,Baylor,C,76.75,307,9.38,32.88,,5.24,23.0,26.0,96.0,4.84,7.71,
2017,Wayne Gallman,Clemson,RB,72.25,215,9.13,32.63,,4.6,21.0,29.5,120.0,4.28,7.17,11.92
2017,Antonio Garcia,Troy (AL),OT,78.38,302,9.88,33.38,,5.15,24.0,31.0,108.0,4.94,7.98,
2017,Myles Garrett,Texas A&M,DE,76.25,272,10.25,35.25,31.0,4.64,33.0,41.0,128.0,4.2,,11.43
2017,Ben Gedeon,Michigan,ILB,73.63,244,10.0,32.63,,4.75,27.0,34.5,119.0,4.39,6.98,11.84
2017,Avery Gennesy,Texas A&M,OT,75.0,318,9.5,33.63,,5.35,24.0,20.0,91.0,5.0,8.08,
2017,Nate Gerry,Nebraska,SS,73.88,218,9.25,31.25,,4.58,17.0,30.5,122.0,,,
2017,Shelton Gibson,West Virginia,WR,71.13,191,8.88,32.0,,4.5,8.0,32.0,118.0,4.2,6.83,11.79
2017,Ryan Glasgow,Michigan,DT,74.88,302,9.63,33.38,,5.13,20.0,27.5,105.0,4.62,7.55,
2017,Davon Godchaux,Louisiana State,DT,75.13,310,10.25,32.38,,5.27,18.0,,,4.43,,
2017,Kenny Golladay,Northern Illinois,WR,75.75,218,9.75,32.0,,4.5,18.0,35.5,120.0,4.15,7.0,
2017,Zane Gonzalez,Arizona State,K,72.25,202,9.0,29.5,,,,,,,,
2017,Evan Goodman,Arizona State,OG,76.0,306,,,,,,,,4.81,,
2017,Shaquill Griffin,Central Florida,DB,71.75,194,8.75,32.38,,4.38,17.0,38.5,132.0,4.14,6.87,
2017,Nate Hairston,Temple,CB,71.88,196,9.5,31.0,,4.52,14.0,35.5,118.0,4.45,,
2017,Daeshon Hall,Texas A&M,DE,77.38,266,9.63,35.0,,4.76,18.0,36.0,123.0,4.63,7.03,
2017,Chad Hansen,California,WR,73.75,202,10.13,32.13,,4.53,11.0,35.0,119.0,4.13,6.74,11.17
2017,Sean Harlow,Oregon State,OG,76.13,303,9.5,32.0,,5.15,26.0,30.5,105.0,4.81,8.16,
2017,Charles Harris,Missouri,DE,74.63,253,9.63,32.38,23.0,4.82,21.0,32.0,109.0,4.56,7.47,
2017,Connor Harris,Lindenwood (MO),ILB,71.0,242,9.38,30.13,25.0,4.73,18.0,33.0,114.0,4.18,7.13,
2017,Josh Harvey-Clemons,Louisville,FS,76.13,217,10.38,35.38,,,12.0,31.5,121.0,,,
2017,Keon Hatcher,Arkansas,WR,73.25,212,9.5,32.0,,4.64,16.0,,,4.28,,
2017,Carlos Henderson,Louisiana Tech,WR,70.75,199,9.13,31.38,,4.46,13.0,36.0,131.0,4.35,7.18,
2017,DeAngelo Henderson,Coastal Carolina (SC),RB,67.5,208,9.5,29.0,,4.48,20.0,34.0,120.0,,,
2017,Trey Hendrickson,Florida Atlantic,DE,75.88,266,9.88,32.0,,4.65,,33.5,122.0,4.4,7.03,12.43
2017,Jordan Herdman,Simon Fraser (Canada),LB,71.0,238,8.13,29.88,,,,,,,,
2017,Cole Hikutini,Louisville,TE,76.13,247,10.0,32.75,,,20.0,,,4.34,,
2017,Brian Hill,Wyoming,RB,72.63,219,8.88,31.38,,4.54,15.0,34.0,125.0,4.32,7.03,
2017,Delano Hill,Michigan,SS,72.63,216,9.38,32.13,,4.47,17.0,33.5,115.0,4.27,6.96,
2017,Bucky Hodges,Virginia Tech,TE,78.13,257,10.13,32.5,,4.57,18.0,39.0,134.0,4.45,,11.46
2017,Krishawn Hogan,Marian (IN),WR,74.63,222,9.88,32.13,,4.56,13.0,36.5,124.0,4.21,6.74,
2017,Colin Holba,Louisville,LS,76.38,248,9.63,33.63,,5.19,,28.0,115.0,,,
2017,Mack Hollins,North Carolina,WR,75.75,221,9.75,33.25,,4.53,,,,,,
2017,Elijah Hood,North Carolina,RB,71.75,232,9.38,30.38,,,18.0,,,4.34,,
2017,Malik Hooker,Ohio State,FS,73.38,206,10.75,32.25,17.0,,,,,,,
2017,Bug Howard,North Carolina,WR,75.63,221,10.38,33.13,,4.58,,37.5,119.0,4.14,6.95,
2017,O.J. Howard,Alabama,TE,77.63,251,10.0,33.75,27.0,4.51,22.0,30.0,121.0,4.16,6.85,12.38
2017,Marlon Humphrey,Alabama,CB,72.25,197,8.75,32.25,20.0,4.41,10.0,,125.0,4.28,6.75,
2017,Hayden Hunt,Colorado State,P,71.75,212,9.25,29.88,,,,,,,,
2017,Kareem Hunt,Toledo,RB,70.5,216,9.63,31.38,,4.62,18.0,36.5,119.0,,,
2017,Danny Isidora,Miami (FL),OG,75.25,306,9.88,33.0,,5.03,26.0,29.0,94.0,4.9,8.13,
2017,Adoree Jackson,Southern California,CB,69.75,186,9.25,31.38,,4.42,,36.0,122.0,,,
2017,Eddie Jackson,Alabama,FS,72.0,201,9.25,32.25,,,10.0,,,4.2,,11.5
2017,Blake Jarwin,Oklahoma State,TE,77.0,248,,,,,,,,4.33,,12.06
2017,Lorenzo Jerome,St. Francis (PA),SS,70.5,204,8.63,30.63,,4.7,11.0,,,4.68,7.63,11.57
2017,Dorian Johnson,Pittsburgh,OG,76.63,300,10.88,35.25,24.0,5.27,21.0,30.0,114.0,5.09,8.39,
2017,Jadar Johnson,Clemson,FS,72.5,206,9.25,32.0,,4.6,19.0,33.0,119.0,4.2,6.9,
2017,Jaleel Johnson,Iowa,DT,74.88,316,9.63,33.25,,5.38,19.0,28.0,100.0,4.75,7.64,
2017,John Johnson,Boston College,FS,72.63,208,9.88,32.0,,4.61,14.0,37.0,119.0,4.18,6.72,
2017,Roderick Johnson,Florida State,OT,78.63,298,10.75,36.0,23.0,,,,,5.17,,
2017,Cameron Johnston,Ohio State,P,71.25,194,9.0,31.0,,4.92,,,,,,
2017,Aaron Jones,Texas-El Paso,RB,69.13,208,9.5,32.5,,4.56,16.0,37.5,127.0,4.2,6.82,
2017,D.J. Jones,Mississippi,DT,72.63,319,10.25,32.5,,5.04,25.0,28.5,108.0,4.66,7.73,
2017,Jarron Jones,Notre Dame,DT,77.63,316,10.5,35.5,,5.33,22.0,20.5,,4.53,,
2017,Josh Jones,North Carolina State,FS,73.25,220,9.38,32.0,17.0,4.41,20.0,37.5,132.0,4.27,,
2017,Nazair Jones,North Carolina,DT,76.63,304,10.88,34.63,,5.11,,24.5,101.0,,7.93,
2017,Sidney Jones,Washington,CB,71.75,186,9.38,31.5,,4.47,,33.5,123.0,4.28,7.02,
2017,Zay Jones,East Carolina (NC),WR,73.88,201,9.0,32.5,,4.45,15.0,36.5,133.0,4.01,6.79,
2017,Brad Kaaya,Miami (FL),QB,75.75,214,9.75,32.0,34.0,,,,,,,
2017,Kyle Kalis,Michigan,OG,76.0,308,10.25,32.88,,,,,,4.62,,
2017,Alvin Kamara,Tennessee,RB,69.75,214,9.25,32.75,24.0,4.56,15.0,39.5,131.0,4.56,,11.78
2017,Damontae Kazee,San Diego State,CB,70.25,184,8.63,30.88,,4.54,11.0,34.0,124.0,,,
2017,Chad Kelly,Mississippi,QB,74.0,224,,,22.0,,,,,4.08,,
2017,Desmond King,Iowa,CB,70.25,201,9.63,31.13,,,14.0,34.0,117.0,4.18,6.67,12.06
2017,Kevin King,Washington,CB,75.25,200,9.5,32.0,,4.43,11.0,39.5,,3.89,6.56,
2017,George Kittle,Iowa,TE,75.75,247,9.25,33.13,,4.52,18.0,35.0,132.0,4.59,,12.41
2017,DeShone Kizer,Notre Dame,QB,76.13,233,9.88,33.13,28.0,4.83,,30.5,107.0,4.53,7.4,
2017,Tanoh Kpassagnon,Villanova,DE,78.88,289,10.63,35.63,,4.83,23.0,30.0,128.0,4.69,7.46,
2017,Cooper Kupp,Eastern Washington,WR,73.75,204,9.5,31.5,37.0,4.62,,31.0,116.0,4.08,6.75,
2017,Forrest Lamp,Western Kentucky,OG,75.75,309,10.63,32.25,25.0,5.0,34.0,27.5,111.0,4.62,7.55,
2017,Ashton Lampkin,Oklahoma State,CB,72.0,189,9.38,31.0,,4.52,19.0,34.5,120.0,4.21,,11.19
2017,Jerome Lane,Akron,WR,74.13,226,9.75,31.5,,4.6,16.0,35.0,125.0,4.12,6.87,
2017,Harvey Langi,Brigham Young,DE,73.63,251,9.13,32.88,,,23.0,33.0,118.0,,7.0,
2017,Brendan Langley,Lamar (TX),CB,72.25,201,9.5,32.0,,4.43,22.0,35.5,123.0,4.21,7.06,
2017,Marshon Lattimore,Ohio State,CB,72.0,193,8.88,31.25,23.0,4.36,,38.5,132.0,4.12,,11.45
2017,Carl Lawson,Auburn,DE,73.63,261,10.38,31.5,,4.67,35.0,33.0,114.0,4.62,7.46,
2017,Javarius Leamon,South Carolina State,OL,78.75,332,9.63,35.25,,,22.0,23.5,,,,
2017,Jeremiah Ledbetter,Arkansas,DE,74.88,280,10.0,34.25,,4.84,29.0,32.5,113.0,4.47,7.55,12.14
2017,Cameron Lee,Illinois State,OG,76.63,312,10.88,33.88,,5.44,18.0,25.5,100.0,4.75,8.02,
2017,Elijah Lee,Kansas State,LB,75.0,228,,,,,,,,4.3,,
2017,Marquel Lee,Wake Forest,LB,75.25,240,9.5,32.5,,,25.0,31.0,118.0,,,
2017,Jordan Leggett,Clemson,TE,77.0,258,10.38,33.5,,,18.0,33.0,114.0,4.33,7.12,12.34
2017,Mitch Leidner,Minnesota,QB,75.38,226,10.0,33.75,,4.93,,34.5,123.0,4.25,6.96,
2017,Corey Levin,Tennessee-Chattanooga,OL,75.75,307,10.88,33.5,,5.16,26.0,26.5,106.0,4.73,7.55,
2017,Jourdan Lewis,Michigan,CB,70.0,188,9.25,31.63,,4.54,15.0,34.5,121.0,,,
2017,William Likely,Maryland,FS,67.13,180,9.5,29.0,,,15.0,,,,,
2017,Sefo Liufau,Colorado,QB,75.38,232,10.75,33.5,,5.08,,27.0,105.0,4.45,7.32,
2017,T.J. Logan,North Carolina,RB,69.13,196,9.0,32.0,,4.37,17.0,33.5,121.0,4.43,,12.0
2017,Shalom Luani,Washington State,SS,71.38,202,9.75,32.0,,4.55,12.0,31.0,116.0,4.21,6.87,
2017,Keevan Lucas,Tulsa (OK),WR,69.13,192,9.88,31.88,,4.55,11.0,32.5,119.0,4.43,7.23,
2017,Marlon Mack,South Florida,RB,70.75,213,9.0,32.0,,4.5,15.0,35.5,125.0,4.22,,11.03
2017,Erik Magnuson,Michigan,OG,78.0,305,,,,,,,,4.94,,
2017,Patrick Mahomes,Texas Tech,QB,74.13,225,9.25,33.25,24.0,4.8,,30.0,114.0,4.08,6.88,
2017,Josh Malone,Tennessee,WR,74.63,208,9.63,31.38,,4.4,10.0,30.5,121.0,4.19,7.05,11.32
2017,Damien Mama,Southern California,OG,75.25,334,11.0,35.0,,5.84,,24.5,96.0,5.38,8.51,
2017,Gabe Marks,Washington State,WR,70.75,189,8.75,30.38,,4.56,11.0,29.5,117.0,4.2,7.01,
2017,JoJo Mathis,Washington,OLB,74.13,266,9.0,33.0,,,24.0,,,,,
2017,Art Maulet,Memphis,DB,69.75,189,9.63,31.25,,4.62,18.0,34.5,120.0,4.22,,
2017,Marcus Maye,Florida,FS,71.63,210,9.13,32.5,,,,,,4.12,,11.19
2017,Christian McCaffrey,Stanford,RB,71.25,202,9.0,30.0,21.0,4.48,10.0,37.5,121.0,4.22,6.57,11.03
2017,Conor McDermott,UCLA,OT,80.13,307,11.0,34.75,,5.18,,28.5,105.0,4.58,7.52,
2017,Malik McDowell,Michigan State,DT,77.75,295,10.5,34.75,15.0,4.85,23.0,28.5,112.0,,7.69,
2017,Elijah McGuire,Louisiana-Lafayette,RB,69.75,214,9.0,31.0,,4.53,15.0,36.0,120.0,4.56,7.26,
2017,Takkarist McKinley,UCLA,DE,74.13,250,9.75,34.75,,4.59,24.0,33.0,122.0,4.32,7.48,11.83
2017,Raekwon McMillan,Ohio State,LB,73.75,240,9.75,33.0,28.0,4.61,23.0,33.0,121.0,,7.15,
2017,Jeremy McNichols,Boise State,RB,68.63,214,10.0,31.5,,4.49,,35.5,121.0,4.28,6.93,
2017,Obi Melifonwu,Connecticut,FS,76.0,224,9.13,32.5,,4.4,17.0,44.0,141.0,,,
2017,Matt Milano,Boston College,OLB,72.25,223,9.38,32.0,,4.67,24.0,35.0,126.0,4.38,,
2017,Joe Mixon,Oklahoma,RB,73.0,226,,,12.0,,,,,,,
2017,Fabian Moreau,UCLA,CB,71.88,206,9.0,31.38,23.0,4.35,,38.0,136.0,4.12,6.94,
2017,Drew Morgan,Arkansas,WR,71.75,190,9.5,30.38,,4.74,10.0,30.0,112.0,4.12,6.85,11.31
2017,Jordan Morgan,Kutztown (PA),OG,74.75,309,10.0,34.63,,5.36,21.0,27.0,102.0,4.73,8.13,11.71
2017,Avery Moss,Youngstown State (OH),DE,75.13,264,10.38,34.5,,4.79,14.0,32.5,114.0,4.62,7.25,
2017,Taylor Moton,Western Michigan,OG,77.38,319,10.63,34.13,,5.18,23.0,30.5,109.0,4.58,7.73,
2017,Al-Quadin Muhammad,Miami (FL),DE,75.25,253,9.38,33.25,,4.88,22.0,30.5,117.0,4.37,7.25,
2017,Levon Myers,Northern Illinois,OT,77.0,309,,,,,,,,5.06,,
2017,Jalen Myrick,Minnesota,CB,69.63,200,8.75,31.63,,4.28,13.0,37.5,124.0,4.22,7.06,11.84
2017,Montae Nicholson,Michigan State,SS,73.63,212,9.5,33.38,,4.42,,35.0,125.0,4.19,,
2017,Hardy Nickerson,Illinois,LB,71.75,232,10.0,32.0,,4.78,18.0,33.0,116.0,4.21,,
2017,David Njoku,Miami (FL),TE,75.75,246,10.0,35.25,24.0,4.64,21.0,37.5,133.0,4.34,6.97,
2017,Speedy Noil,Texas A&M,WR,71.13,199,9.25,30.0,,,18.0,43.5,133.0,,,
2017,Bradley Northnagel,California,LS,74.0,243,10.0,32.5,,5.3,,25.5,99.0,4.33,,
2017,Noble Nwachukwu,West Virginia,DE,73.0,268,9.0,33.13,,4.83,27.0,30.5,110.0,4.37,,
2017,Ifeadi Odenigbo,Northwestern,DL,75.13,258,10.5,32.63,,4.72,25.0,31.5,128.0,,7.26,
2017,Dare Ogunbowale,Wisconsin,RB,70.75,213,9.13,31.38,36.0,4.65,14.0,35.0,120.0,4.34,6.99,11.75
2017,Larry Ogunjobi,North Carolina Charlotte,DT,74.63,305,10.0,32.63,,4.97,26.0,32.0,116.0,4.72,7.55,
2017,Tyler Orlosky,West Virginia,C,75.13,298,9.75,32.25,,,24.0,,,3.89,,11.14
2017,Scott Orndoff,Pittsburgh,TE,76.75,253,10.0,33.25,,4.84,17.0,27.0,112.0,4.45,7.37,
2017,Zach Pascal,Old Dominion (VA),WR,73.75,219,10.0,32.0,,4.55,14.0,36.0,126.0,4.29,7.11,
2017,Jabrill Peppers,Michigan,LB,71.38,213,9.63,30.75,26.0,4.46,19.0,35.5,128.0,,,
2017,Samaje Perine,Oklahoma,RB,70.63,233,10.0,30.38,,4.65,30.0,33.0,116.0,4.37,7.26,
2017,Nathan Peterman,Pittsburgh,QB,74.63,226,9.88,32.0,33.0,4.82,,31.0,110.0,4.31,7.14,
2017,Caleb Peterson,North Carolina,OG,77.0,300,,,,,,,,4.84,,
2017,Carroll Phillips,Illinois,DE,75.25,242,9.75,33.0,10.0,4.64,23.0,30.0,123.0,4.41,7.06,
2017,Antonio Pipkin,Tiffin (OH),QB,73.0,225,10.0,32.25,,,,,,,,
2017,Hayden Plinke,Texas-El Paso,TE,75.75,264,10.0,32.5,,4.97,18.0,28.0,109.0,4.59,7.55,
2017,Ethan Pocic,Louisiana State,C,78.0,310,10.13,33.13,29.0,5.15,26.0,27.0,107.0,4.81,7.89,
2017,Ejuan Price,Pittsburgh,DE,70.88,241,10.0,32.75,,4.84,20.0,31.5,117.0,4.31,,11.84
2017,Donnel Pumphrey,San Diego State,RB,68.25,176,8.5,29.0,21.0,4.48,5.0,33.5,117.0,4.46,,12.03
2017,Elijah Qualls,Washington,DT,73.13,313,9.38,30.63,,5.13,33.0,31.5,105.0,4.57,7.65,
2017,James Quick,Louisville,WR,72.25,186,9.0,30.75,,4.6,11.0,31.0,115.0,4.39,7.0,
2017,Ryan Ramczyk,Wisconsin,OT,77.75,310,10.88,33.75,20.0,,25.0,,,4.82,,
2017,Michael Rector,Stanford,WR,72.13,193,9.25,32.5,,4.42,,36.5,129.0,4.19,6.77,
2017,Haason Reddick,Temple,DE,73.25,237,10.13,32.75,21.0,4.52,24.0,36.5,133.0,5.0,7.01,
2017,Devine Redding,Indiana,RB,68.25,205,9.63,29.25,,4.76,16.0,30.5,116.0,4.46,7.18,11.21
2017,Jalen Reeves-Maybin,Tennessee,LB,72.25,230,9.63,32.25,,,,,,,,
2017,Austin Rehkow,Idaho,P,74.63,214,9.88,31.88,,,,,,4.47,,
2017,Josh Reynolds,Texas A&M,WR,74.75,194,9.38,31.5,,4.52,,37.0,124.0,4.13,6.83,11.68
2017,Duke Riley,Louisiana State,OLB,72.25,232,9.25,32.0,,4.58,18.0,34.5,122.0,,6.89,
2017,Derek Rivers,Youngstown State (OH),DE,76.13,248,9.38,32.75,,4.61,30.0,35.0,123.0,,6.94,
2017,Michael Roberts,Toledo,TE,76.38,270,11.5,33.0,,4.86,,30.0,110.0,4.51,7.05,
2017,Jalen Robinette,Air Force,WR,74.75,220,10.88,32.38,,4.62,13.0,31.5,120.0,4.46,6.77,
2017,Cam Robinson,Alabama,OT,77.75,322,10.5,35.5,16.0,5.15,,26.0,106.0,4.82,7.81,
2017,Isaac Rochell,Notre Dame,DT,76.38,280,9.75,32.75,,4.89,25.0,31.5,114.0,,,
2017,Darreus Rogers,Southern California,WR,72.63,216,10.13,32.0,,,8.0,26.5,112.0,4.54,7.22,11.39
2017,Sam Rogers,Virginia Tech,FB,70.25,231,9.75,30.25,,4.93,19.0,32.0,114.0,4.34,7.27,
2017,Fred Ross,Mississippi State,WR,72.63,213,9.25,31.25,,4.51,10.0,35.0,113.0,4.28,6.99,
2017,John Ross,Washington,WR,70.75,188,8.75,31.5,16.0,4.22,,37.0,133.0,4.33,,
2017,Chase Roullier,Wyoming,C,75.75,312,9.5,32.25,31.0,5.54,19.0,26.5,97.0,4.47,7.6,
2017,Travis Rudolph,Florida State,WR,72.25,189,9.25,31.88,,4.65,12.0,31.5,114.0,4.46,6.93,
2017,Cooper Rush,Central Michigan,QB,74.63,228,9.13,32.38,,4.93,,27.0,105.0,4.47,7.23,
2017,Seth Russell,Baylor,QB,74.88,213,9.63,32.25,,,,,,,,
2017,Victor Salako,Oklahoma State,OT,78.0,335,,,,,,,,4.78,,
2017,Curtis Samuel,Ohio State,WR,71.0,196,9.5,31.25,22.0,4.31,18.0,37.0,119.0,4.33,7.09,
2017,Eric Saubert,Drake (IA),TE,76.63,253,10.38,33.5,35.0,,22.0,33.0,121.0,,,
2017,Artavis Scott,Clemson,WR,70.25,193,9.38,31.0,,4.61,13.0,31.0,116.0,4.49,7.19,
2017,Ricky Seals-Jones,Texas A&M,WR,76.63,243,9.63,33.13,,4.69,17.0,28.0,121.0,4.33,7.46,
2017,Justin Senior,Mississippi State,OT,76.63,331,10.25,34.0,,5.55,,23.0,98.0,5.06,8.19,
2017,Adam Shaheen,Ashland (OH),TE,77.75,278,9.63,33.5,24.0,4.79,24.0,32.5,121.0,4.38,7.09,
2017,David Sharpe,Florida,OT,77.75,343,10.0,35.38,,5.44,19.0,20.5,97.0,4.78,7.87,
2017,Rushel Shell,West Virginia,RB,69.63,227,9.63,30.0,,4.74,21.0,32.5,,4.08,,
2017,Garrett Sickels,Penn State,DE,75.13,261,9.5,32.13,,4.9,20.0,28.0,105.0,4.39,7.21,
2017,Nico Siragusa,San Diego State,OG,76.38,319,10.63,33.5,31.0,5.35,28.0,32.0,110.0,4.56,7.71,
2017,Dan Skipper,Arkansas,OT,81.63,309,10.5,33.38,,5.42,,26.0,97.0,5.01,7.61,
2017,Tanzel Smart,Tulane (LA),DT,72.63,296,9.63,32.88,,5.24,22.0,27.0,105.0,,7.53,
2017,De'Veon Smith,Michigan,RB,70.88,223,9.0,29.5,,,22.0,29.0,108.0,4.56,7.3,
2017,Jonnu Smith,Florida International,TE,74.75,248,9.25,32.88,,4.62,22.0,38.0,127.0,4.18,,
2017,JuJu Smith-Schuster,Southern California,WR,73.25,215,10.5,32.88,,4.54,15.0,32.5,120.0,5.01,,
2017,Dawuane Smoot,Illinois,DE,74.88,264,9.25,33.25,,4.77,,29.5,117.0,4.28,7.18,
2017,Jeremy Sprinkle,Arkansas,TE,77.0,252,10.75,34.5,,4.69,,29.0,116.0,4.33,,11.85
2017,Jamari Staples,Louisville,WR,75.0,195,9.5,33.5,,4.51,,36.0,130.0,4.14,,
2017,Jordan Sterns,Oklahoma State,SS,71.0,196,8.88,31.38,,,,,,4.2,,10.71
2017,Freddie Stevenson,Florida State,FB,72.0,234,9.63,32.75,,4.75,24.0,28.0,111.0,4.36,7.65,11.65
2017,ArDarius Stewart,Alabama,WR,71.25,204,9.38,32.5,20.0,4.49,,34.0,124.0,4.21,,11.23
2017,Channing Stribling,Michigan,CB,73.0,188,8.5,31.5,,4.6,5.0,31.5,114.0,4.56,6.94,
2017,Cameron Sutton,Tennessee,CB,71.0,188,8.25,30.0,,4.52,11.0,34.0,120.0,,6.81,
2017,Ryan Switzer,North Carolina,WR,68.5,181,9.25,28.0,,4.51,11.0,32.0,116.0,4.0,6.77,11.14
2017,Teez Tabor,Florida,CB,72.25,199,8.63,32.0,,4.62,9.0,31.0,120.0,,,
2017,Cordrea Tankersley,Clemson,CB,72.75,199,9.13,32.25,,4.4,13.0,29.5,121.0,4.32,7.0,
2017,Taywan Taylor,Western Kentucky,WR,71.0,203,9.25,32.63,,4.5,13.0,33.5,132.0,4.21,6.57,
2017,Trent Taylor,Louisiana Tech,WR,67.63,181,8.25,28.75,,4.63,13.0,33.0,117.0,4.01,6.74,
2017,Vincent Taylor,Oklahoma State,DT,74.75,304,10.13,34.38,,5.07,26.0,28.5,108.0,4.59,7.58,
2017,Sam Tevi,Utah,OT,77.0,311,10.13,34.0,,5.27,15.0,26.0,107.0,4.6,7.84,
2017,Nate Theaker,Wayne St. (MI),OG,77.0,315,9.63,32.63,,5.41,23.0,27.0,105.0,4.55,7.97,
2017,Jahad Thomas,Temple,RB,69.63,190,9.0,30.13,,4.62,11.0,32.0,116.0,,,
2017,Noel Thomas,Connecticut,WR,72.13,205,8.75,30.0,,4.63,9.0,32.5,118.0,,,
2017,Solomon Thomas,Stanford,DE,74.75,273,9.38,33.0,24.0,4.69,30.0,35.0,126.0,4.58,6.95,12.3
2017,Tedric Thompson,Colorado,FS,71.75,204,9.63,31.5,,4.6,17.0,32.5,117.0,4.36,7.11,12.13
2017,Jack Tocho,North Carolina State,CB,71.88,202,9.38,31.63,,4.54,21.0,35.0,125.0,4.07,,
2017,Dalvin Tomlinson,Alabama,DT,75.0,310,10.13,33.5,25.0,5.19,,27.0,110.0,4.39,7.68,
2017,Alek Torgersen,Pennsylvania,QB,75.0,230,,,,,,,,4.31,,
2017,Jon Toth,Kentucky,C,77.0,307,10.0,33.63,,5.51,21.0,25.5,100.0,4.37,8.09,11.77
2017,Damarius Travis,Minnesota,SS,72.75,206,9.0,31.75,,,13.0,32.5,115.0,4.28,7.08,
2017,Mitchell Trubisky,North Carolina,QB,74.13,222,9.5,32.0,25.0,4.67,,27.5,116.0,4.25,6.87,
2017,Stevie Tu'ikolovatu,Southern California,DT,73.13,331,10.25,33.0,,5.45,28.0,24.5,91.0,4.65,7.83,
2017,Josh Tupou,Colorado,NT,75.0,325,,,,,,,,4.93,,
2017,Michael Tyson,Cincinnati,SS,72.88,204,9.25,31.75,,4.56,17.0,33.0,118.0,,,
2017,Jerry Ugokwe,William & Mary (VA),OT,79.25,321,10.38,35.38,,5.61,18.0,26.0,103.0,5.17,8.35,
2017,Conrad Ukropina,Stanford,K,72.0,190,9.13,31.38,,,,,,,,
2017,Tanner Vallejo,Boise State,LB,72.75,228,9.63,30.5,,4.67,,33.5,121.0,,,
2017,Eddie Vanderdoes,UCLA,DT,75.13,305,10.63,33.13,20.0,4.99,28.0,28.5,111.0,,7.69,
2017,Justin Vogel,Miami (FL),P,76.0,219,9.0,32.5,,4.7,,34.0,,4.53,,
2017,Charles Walker,Oklahoma,DT,74.13,310,9.63,33.75,,4.96,25.0,28.0,107.0,4.13,7.89,11.58
2017,Demarcus Walker,Florida State,DE,75.75,280,10.5,33.0,,,18.0,,,4.89,,
2017,Carlos Watkins,Clemson,DT,75.13,309,10.38,34.63,,,25.0,,,4.73,,
2017,Deshaun Watson,Clemson,QB,74.13,221,9.75,33.0,20.0,4.66,,32.5,119.0,4.31,6.95,
2017,T.J. Watt,Wisconsin,LB,76.25,252,11.0,33.13,29.0,4.69,21.0,37.0,128.0,4.78,6.79,
2017,Davis Webb,California,QB,77.0,229,9.25,33.13,25.0,4.79,,33.0,118.0,,6.92,
2017,Mike Williams,Clemson,WR,75.75,218,9.38,33.38,17.0,,15.0,32.5,121.0,,,
2016,Mehdi Abdesmad,Boston College,DT,78.25,284,9.75,33.38,,5.1,25.0,29.5,108.0,4.62,7.55,
2016,Jerell Adams,South Carolina,TE,77.13,247,9.75,34.38,,4.64,,32.5,117.0,4.31,7.05,11.52
2016,Vernon Adams,Oregon,QB,70.88,200,9.13,30.25,,4.83,,29.5,114.0,4.2,6.82,
2016,Bralon Addison,Oregon,WR,69.25,197,9.13,29.5,,4.66,13.0,34.5,116.0,4.14,6.95,11.53
2016,Dominique Alexander,Oklahoma,ILB,72.25,232,9.0,32.25,,,17.0,28.5,104.0,,,
2016,Mackensie Alexander,Clemson,CB,70.38,190,9.13,31.38,,,11.0,,,,,
2016,Vadal Alexander,Louisiana State,G,77.25,326,10.5,35.25,,5.57,25.0,24.0,95.0,4.9,8.04,
2016,Brandon Allen,Arkansas,QB,73.38,217,8.88,31.25,,4.84,,28.0,110.0,4.33,7.06,
2016,Jack Allen,Michigan State,C,73.25,294,10.13,32.25,,5.29,23.0,26.5,101.0,4.73,7.9,
2016,Geronimo Allison,Illinois,WR,75.25,196,9.5,32.88,,4.67,,33.0,127.0,4.28,7.4,11.54
2016,Stephen Anderson,California,TE,74.13,230,9.25,32.0,,,16.0,38.0,119.0,,,
2016,Eli Apple,Ohio State,CB,72.63,199,9.38,31.38,,4.4,13.0,,,,,
2016,Demarcus Ayers,Houston,WR,69.38,182,9.25,31.25,,4.72,,33.0,123.0,,,
2016,Sterling Bailey,Georgia,DE,76.0,285,10.25,33.38,,5.23,20.0,30.0,111.0,4.73,7.46,
2016,Peyton Barber,Auburn,RB,70.0,228,9.38,30.25,,4.64,20.0,32.5,111.0,4.21,7.0,11.65
2016,Jimmy Bean,Oklahoma State,DE,77.0,264,9.75,33.5,,,20.0,,,,,
2016,Willie Beavers,Western Michigan,OT,76.63,321,9.5,33.5,,5.28,20.0,25.5,103.0,4.71,7.96,
2016,Vonn Bell,Ohio State,SS,70.75,199,9.5,32.38,,,16.0,,,,,
2016,Caleb Benenoch,UCLA,OT,77.5,311,,,,4.98,,28.0,104.0,5.11,8.15,
2016,Andrew Billings,Baylor,DT,72.63,311,10.0,33.0,,5.05,31.0,27.5,113.0,4.82,8.05,
2016,Ronald Blair,Appalachian State (NC),DE,74.13,284,10.25,34.0,,5.15,32.0,30.0,113.0,4.53,7.95,
2016,Austin Blythe,Iowa,C,74.13,298,9.38,30.25,,5.36,29.0,27.5,99.0,4.53,7.52,
2016,Briean Boddy-Calhoun,Minnesota,CB,69.5,193,9.13,31.0,,4.47,10.0,35.0,123.0,4.22,7.16,11.69
2016,Evan Boehm,Missouri,C,74.13,302,10.25,31.63,,5.33,24.0,28.5,96.0,4.69,7.52,
2016,Devante Bond,Oklahoma,OLB,73.13,235,9.25,32.38,,4.7,21.0,37.5,121.0,4.36,7.07,
2016,Devontae Booker,Utah,RB,70.75,219,8.63,31.63,,,22.0,,,,,
2016,Joey Bosa,Ohio State,DE,77.25,269,10.25,33.38,,4.86,24.0,32.0,120.0,4.21,6.89,
2016,Tyler Boyd,Pittsburgh,WR,73.5,197,9.75,32.0,,4.58,11.0,34.0,119.0,4.35,6.9,
2016,Trevone Boykin,Texas Christian,QB,72.0,212,9.38,31.63,,4.77,,32.0,110.0,4.4,,
2016,James Bradberry,Samford (AL),CB,72.75,211,9.13,33.38,,4.5,16.0,36.0,124.0,4.21,6.91,11.49
2016,Ben Braunecker,Harvard,TE,75.38,250,9.5,32.75,,4.73,20.0,35.5,121.0,4.2,6.9,11.32
2016,Jake Brendel,UCLA,C,76.13,303,,,,5.01,25.0,28.0,108.0,4.27,7.31,
2016,Jacoby Brissett,North Carolina State,QB,75.75,231,9.75,32.25,,4.94,,31.0,113.0,4.53,7.17,
2016,Kentrell Brothers,Missouri,ILB,72.38,245,9.75,30.75,,4.89,19.0,28.5,110.0,4.11,6.99,
2016,Anthony Brown,Purdue,CB,71.25,192,8.25,31.75,,4.33,19.0,35.0,115.0,4.19,7.03,11.19
2016,Beniquez Brown,Mississippi State,OLB,72.75,229,9.13,31.38,,4.77,18.0,31.0,110.0,4.28,7.07,
2016,Chris Brown,Notre Dame,WR,74.0,194,9.0,32.25,,,,,,,,
2016,Lamarcus Brutus,Florida State,FS,71.63,206,,,,4.76,14.0,33.0,114.0,4.33,7.08,
2016,DeForest Buckner,Oregon,DE,79.0,291,11.75,34.38,9.0,5.05,,32.0,116.0,4.47,7.51,
2016,Jonathan Bullard,Florida,DE,75.0,285,10.0,33.63,,4.93,23.0,32.0,116.0,4.56,7.31,
2016,Aaron Burbridge,Michigan State,WR,72.0,206,8.25,31.63,,4.56,20.0,30.5,115.0,4.31,7.22,11.9
2016,Artie Burns,Miami (FL),CB,71.88,193,9.5,33.25,,4.46,,31.5,,,,
2016,Juston Burris,North Carolina State,CB,72.25,212,8.88,31.5,,4.53,19.0,36.5,122.0,4.4,7.1,11.65
2016,Deon Bush,Miami (FL),FS,72.38,199,9.25,30.88,,4.64,17.0,36.0,123.0,,,
2016,Vernon Butler,Louisiana Tech,DT,75.63,323,10.75,35.13,,5.33,26.0,29.5,104.0,4.76,7.82,
2016,Devon Cajuste,Stanford,WR,75.75,234,10.75,33.0,,4.62,12.0,36.0,123.0,4.2,6.49,11.5
2016,Shilique Calhoun,Michigan State,DE,76.38,251,9.88,34.25,,4.82,23.0,35.0,115.0,4.25,6.97,
2016,Taveze Calhoun,Mississippi State,CB,72.38,192,9.0,31.88,,4.58,14.0,33.5,,,,
2016,DeVondre Campbell,Minnesota,OLB,75.63,232,9.63,33.63,,4.58,16.0,34.0,116.0,,,
2016,Maurice Canady,Virginia,CB,73.0,193,9.13,31.63,,4.49,16.0,38.0,124.0,4.09,7.03,
2016,Leonte Carroo,Rutgers,WR,71.88,211,9.63,31.38,,4.5,14.0,35.5,120.0,,,
2016,Tra Carson,Texas A&M,RB,71.25,227,9.25,31.5,,,19.0,,,,,
2016,Tevin Carter,Utah,SS,73.25,218,9.25,32.0,,,19.0,,,,,
2016,Jeremy Cash,Duke,SS,72.38,212,10.5,32.38,,,,,,,,
2016,Joseph Cheek,Texas A&M,G,78.0,295,9.25,32.75,,,20.0,,,,,
2016,Kenny Clark,UCLA,DT,74.63,314,10.5,32.13,,5.06,29.0,28.5,102.0,4.62,,
2016,LeRaven Clark,Texas Tech,OT,77.25,316,11.88,36.13,,5.16,18.0,,,,,
2016,Corey Coleman,Baylor,WR,70.63,194,9.0,30.25,,,17.0,40.5,129.0,,,
2016,Shon Coleman,Auburn,OT,77.5,307,10.63,35.13,,,22.0,,,,,
2016,Alex Collins,Arkansas,RB,70.0,217,9.25,30.25,,4.59,18.0,28.5,113.0,,,
2016,Maliek Collins,Nebraska,DT,73.88,311,9.5,33.13,,5.03,25.0,29.5,109.0,4.52,7.53,
2016,Jack Conklin,Michigan State,OT,77.75,308,10.38,35.0,,5.0,25.0,30.0,103.0,4.57,7.63,
2016,Connor Cook,Michigan State,QB,76.0,217,9.75,33.0,,4.79,,33.0,113.0,4.28,7.21,
2016,Fahn Cooper,Mississippi,OT,76.5,303,10.0,34.75,,5.17,19.0,25.0,102.0,4.89,7.85,
2016,Pharoh Cooper,South Carolina,WR,71.13,203,9.13,32.25,,,15.0,31.0,115.0,,,
2016,Marshaun Coprich,Illinois State,RB,68.0,207,9.0,29.63,,4.47,17.0,34.0,112.0,4.58,7.26,12.09
2016,Cody Core,Mississippi,WR,74.63,205,,,,4.47,14.0,31.5,119.0,,,
2016,Kamalei Correa,Boise State,DE,74.63,243,9.38,31.63,,4.69,21.0,33.0,108.0,,,
2016,James Cowser,Southern Utah,DE,75.13,248,10.25,32.88,,4.82,21.0,31.5,111.0,4.31,6.8,
2016,Sua Cravens,Southern California,OLB,72.75,226,9.5,32.13,,,16.0,27.0,114.0,,,
2016,Ken Crawley,Colorado,CB,72.38,187,9.0,30.5,,4.43,,36.5,119.0,,,
2016,Joe Dahl,Washington State,G,76.13,304,9.13,33.13,,5.18,28.0,31.0,109.0,4.77,7.64,
2016,Steven Daniels,Boston College,ILB,71.5,243,,,,4.86,16.0,32.0,112.0,4.54,7.33,
2016,Sean Davis,Maryland,FS,73.0,201,9.5,31.38,,4.46,21.0,37.5,126.0,3.97,6.64,11.53
2016,Trevor Davis,California,WR,73.13,188,10.0,31.0,,4.42,11.0,38.5,124.0,4.22,6.6,10.94
2016,Sheldon Day,Notre Dame,DT,72.63,293,9.63,32.63,,5.07,21.0,30.0,102.0,4.5,7.44,
2016,Taylor Decker,Ohio State,OT,79.0,310,10.0,33.75,,5.23,20.0,29.0,101.0,4.76,7.7,
2016,KJ Dillon,West Virginia,SS,72.38,210,,,,4.53,11.0,,121.0,,,
2016,Kenneth Dixon,Louisiana Tech,RB,70.13,215,9.5,31.38,,4.56,18.0,37.5,121.0,4.28,6.97,11.5
2016,Josh Doctson,Texas Christian,WR,74.0,202,9.88,31.88,,4.5,14.0,41.0,131.0,4.08,6.84,11.06
2016,Kevin Dodd,Clemson,DE,77.0,277,10.0,34.0,,4.86,,,,,,
2016,Brandon Doughty,Western Kentucky,QB,74.75,213,9.13,32.0,,5.22,,27.0,103.0,4.52,7.49,
2016,Kenyan Drake,Alabama,RB,72.63,210,9.75,31.75,,4.45,10.0,34.5,123.0,4.21,7.04,
2016,Spencer Drango,Baylor,G,77.63,315,9.5,33.75,,5.27,30.0,27.0,100.0,4.66,7.88,
2016,Jeff Driskel,Louisiana Tech,QB,76.0,234,9.75,33.5,,4.56,,32.0,122.0,4.25,7.19,
2016,Thomas Duarte,UCLA,TE,74.13,231,10.0,33.0,,4.72,12.0,33.5,118.0,4.24,6.97,
2016,Parker Ehinger,Cincinnati,G,78.25,310,9.88,33.0,,5.26,,27.5,97.0,,,
2016,DeAndre Elliott,Colorado State,CB,72.88,188,9.63,32.0,,4.55,,41.0,125.0,3.94,6.93,
2016,Ezekiel Elliott,Ohio State,RB,71.75,225,10.25,31.25,,4.47,,32.5,118.0,,,
2016,Tyler Ervin,San Jose State,RB,69.88,192,9.13,29.75,,4.41,17.0,39.0,130.0,,,
2016,Kyler Fackrell,Utah State,OLB,77.0,245,10.13,33.25,,4.72,15.0,34.5,121.0,,,
2016,Jason Fanaika,Utah,DE,73.75,271,9.88,32.63,,4.92,23.0,35.5,113.0,4.39,7.06,
2016,Travis Feeney,Washington,OLB,75.63,230,9.5,33.38,,4.5,,40.0,130.0,4.42,7.2,11.71
2016,Josh Ferguson,Illinois,RB,69.5,198,9.0,30.0,,4.48,21.0,34.5,120.0,,,
2016,Leonard Floyd,Georgia,OLB,77.63,244,10.13,33.13,,4.6,,39.5,127.0,,,
2016,Josh Forrest,Kentucky,ILB,75.13,249,9.5,33.5,,4.91,11.0,30.5,118.0,,,
2016,D.J. Foster,Arizona State,WR,70.25,193,9.25,30.5,,4.57,14.0,35.5,117.0,4.07,6.75,11.12
2016,Kavon Frazier,Central Michigan,FS,71.88,217,9.0,32.25,,,18.0,,,,,
2016,Kris Frost,Auburn,OLB,74.13,240,10.5,32.5,,4.97,,29.0,113.0,,,
2016,Kendall Fuller,Virginia Tech,CB,71.5,187,10.0,31.5,,,15.0,,,,,
2016,Will Fuller,Notre Dame,WR,72.13,186,8.25,30.75,,4.32,10.0,33.5,126.0,4.27,6.93,11.44
2016,Joshua Garnett,Stanford,G,76.38,312,10.13,33.88,,5.32,30.0,29.0,99.0,4.64,7.62,
2016,Keyarris Garrett,Tulsa (OK),WR,75.38,220,9.0,34.5,,4.53,14.0,36.5,128.0,4.33,7.3,11.72
2016,Graham Glasgow,Michigan,G,77.88,307,10.75,33.63,,5.13,23.0,25.0,106.0,4.63,7.63,
2016,Jared Goff,California,QB,76.0,215,9.0,32.75,36.0,4.82,,27.0,110.0,4.47,7.17,
2016,B.J. Goodson,Clemson,ILB,72.63,242,10.0,33.25,,4.69,30.0,34.5,118.0,4.51,7.05,
2016,Adam Gotsis,Georgia Tech,DT,76.5,287,10.75,34.13,,,,,,,,
2016,T.J. Green,Clemson,FS,74.5,209,9.63,32.0,,4.34,13.0,35.5,129.0,,,
2016,Darrell Greene,San Diego State,G,74.75,321,9.63,31.63,,5.2,28.0,21.5,98.0,4.98,8.07,
2016,David Grinnage,North Carolina State,TE,77.25,248,,,,4.9,,29.5,106.0,,,
2016,Glenn Gronkowski,Kansas State,RB,74.13,239,9.5,30.75,,4.71,17.0,33.0,120.0,4.45,7.1,11.95
2016,Christian Hackenberg,Penn State,QB,76.38,223,9.0,32.0,,4.78,,31.0,114.0,4.33,7.04,
2016,Joe Haeg,North Dakota State,OT,78.0,304,9.63,33.75,,5.16,,27.5,111.0,4.47,7.47,
2016,Deiondre Hall,Northern Iowa,CB,73.63,199,9.75,34.38,,4.68,,37.0,127.0,4.06,7.07,
2016,Javon Hargrave,South Carolina State,DT,73.38,309,9.63,32.0,,4.93,29.0,34.5,109.0,4.7,7.9,
2016,Vernon Hargreaves,Florida,CB,70.5,204,8.75,30.63,,4.5,15.0,39.0,130.0,3.98,,
2016,DeVante Harris,Texas A&M,CB,70.63,176,,,,4.56,,38.5,124.0,4.06,6.82,
2016,Jerald Hawkins,Louisiana State,OT,77.63,305,9.63,34.25,,5.23,23.0,23.5,100.0,4.89,8.19,
2016,Joel Heath,Michigan State,DT,77.25,293,10.5,34.5,,5.02,26.0,33.0,113.0,4.52,7.44,
2016,Temarrick Hemingway,South Carolina State,TE,76.88,244,,,,4.71,18.0,30.5,115.0,4.31,6.88,
2016,Derrick Henry,Alabama,RB,74.63,247,8.75,33.0,,4.54,22.0,37.0,130.0,4.38,7.2,11.5
2016,Hunter Henry,Arkansas,TE,76.88,250,9.25,32.75,,,13.0,,,,,
2016,Willie Henry,Michigan,DT,74.75,303,10.88,33.38,,5.0,28.0,30.5,110.0,4.53,7.57,
2016,Quayvon Hicks,Georgia,RB,72.88,259,9.63,31.25,,,,,,,,
2016,Tyler Higbee,Western Kentucky,TE,77.75,249,10.25,33.25,,,,,,,,
2016,Rashard Higgins,Colorado State,WR,73.38,196,9.75,32.25,,4.64,13.0,32.0,116.0,,,
2016,Kevin Hogan,Stanford,QB,75.25,218,10.25,32.38,,4.78,,32.5,113.0,4.31,6.9,
2016,Johnny Holton,Cincinnati,WR,72.63,190,9.88,32.88,,4.54,8.0,31.5,123.0,,,
2016,Austin Hooper,Stanford,TE,75.75,254,10.63,33.75,,4.72,19.0,33.0,117.0,4.32,7.0,11.93
2016,DeAndre Houston-Carson,William & Mary (VA),FS,72.75,201,9.13,30.13,,4.54,13.0,32.5,115.0,4.28,7.15,11.89
2016,Jordan Howard,Indiana,RB,71.88,230,9.0,32.25,,,16.0,34.0,122.0,,,
2016,Xavien Howard,Baylor,CB,72.13,201,9.13,31.25,,4.58,11.0,33.0,122.0,4.15,7.18,
2016,Germain Ifedi,Texas A&M,OT,77.75,324,10.75,36.0,,5.27,24.0,32.5,109.0,4.75,,
2016,Matt Ioannidis,Temple,DT,75.5,299,,,,5.03,32.0,28.0,108.0,4.68,7.78,
2016,Myles Jack,UCLA,OLB,73.0,245,10.25,33.63,,,19.0,,,,,
2016,Branden Jackson,Texas Tech,DE,75.88,273,10.25,33.38,,5.06,20.0,31.5,113.0,4.77,7.4,
2016,Dominick Jackson,Alabama,OT,77.0,313,9.75,33.0,,,20.0,26.0,97.0,,,
2016,William Jackson,Houston,CB,72.38,189,9.25,31.75,,4.37,10.0,,116.0,,,
2016,Andy Janovich,Nebraska,RB,73.0,238,9.75,31.63,,4.81,30.0,34.0,119.0,4.32,7.28,11.95
2016,Quinton Jefferson,Maryland,DT,75.88,291,8.88,33.38,,4.95,24.0,29.0,,4.37,7.95,
2016,Jordan Jenkins,Georgia,OLB,74.63,259,11.25,34.25,,4.8,16.0,36.5,121.0,,,
2016,Austin Johnson,Penn State,DT,76.38,314,9.88,32.75,,5.32,25.0,26.0,96.0,4.75,7.84,
2016,C.J. Johnson,Mississippi,ILB,73.38,234,8.88,32.75,,4.81,,,,4.52,,
2016,Devon Johnson,Marshall (WV),RB,72.5,238,9.25,31.25,,,,,,,,
2016,Tyler Johnstone,Oregon,OT,77.5,301,10.38,34.0,,5.21,24.0,30.5,104.0,4.6,7.31,
2016,Cardale Jones,Ohio State,QB,77.0,253,9.75,33.75,,4.81,,36.0,,,,
2016,Cayleb Jones,Arizona,WR,74.63,209,9.25,32.75,,4.65,9.0,33.5,,4.14,6.99,11.46
2016,Chris Jones,Mississippi State,DT,77.75,310,9.0,32.75,,5.03,26.0,24.5,106.0,4.62,7.44,
2016,Cyrus Jones,Alabama,CB,69.88,197,9.13,31.38,,4.49,10.0,33.0,116.0,4.21,6.71,
2016,Deion Jones,Louisiana State,OLB,72.88,222,9.25,32.38,,4.59,,33.0,120.0,,,
2016,Jonathan Jones,Auburn,CB,69.13,186,8.75,30.25,,4.33,19.0,36.0,123.0,4.25,7.25,
2016,Karl Joseph,West Virginia,SS,69.63,205,9.75,32.13,,,,,,,,
2016,Matt Judon,Grand Valley State (MI),DE,75.0,275,9.5,33.88,,4.73,30.0,35.0,109.0,4.52,7.67,
2016,Ufomba Kamalu,Miami (FL),DT,77.13,295,10.0,35.0,,5.01,26.0,25.0,106.0,4.58,7.32,
2016,Nila Kasitati,Oklahoma,G,75.25,317,10.5,32.0,,5.32,12.0,27.5,107.0,4.83,8.3,
2016,Bronson Kaufusi,Brigham Young,DE,78.5,285,9.75,34.5,,4.87,25.0,30.0,111.0,4.25,7.03,
2016,Jayron Kearse,Clemson,SS,76.0,216,9.63,34.25,,4.62,16.0,31.5,124.0,,7.06,
2016,Ryan Kelly,Alabama,C,76.0,311,9.63,33.63,,5.03,26.0,30.0,103.0,4.59,7.58,
2016,Cody Kessler,Southern California,QB,73.25,220,10.88,32.63,,4.89,,29.5,104.0,4.0,7.32,
2016,Miles Killebrew,Southern Utah,SS,73.88,217,9.5,32.13,,4.65,22.0,38.0,127.0,4.18,6.93,11.02
2016,Derrick Kindred,Texas Christian,SS,70.0,207,9.38,31.25,,4.5,,37.5,123.0,4.29,7.05,
2016,Raphael Kirby,Miami (FL),ILB,72.0,236,9.88,31.0,,,27.0,,,,,
2016,Denver Kirkland,Arkansas,G,76.5,335,9.63,34.63,,5.55,19.0,22.5,94.0,5.06,8.72,
2016,Nick Kwiatkoski,West Virginia,ILB,74.0,243,9.5,31.75,,4.73,19.0,32.0,120.0,4.22,7.16,
2016,Daniel Lasco,California,RB,72.25,209,9.13,32.0,,4.46,23.0,41.5,135.0,4.26,7.22,11.31
2016,Darius Latham,Indiana,DT,76.25,311,10.0,34.75,,5.32,,29.0,100.0,4.63,7.76,
2016,Kenny Lawler,California,WR,74.5,203,10.5,33.38,,4.64,,31.0,111.0,4.2,7.13,11.28
2016,Nile Lawrence-Stample,Florida State,DT,73.0,320,9.88,32.75,,,,,,,,
2016,Shaq Lawson,Clemson,DE,74.63,269,10.0,32.75,,4.7,,33.0,120.0,4.21,7.16,
2016,Darron Lee,Ohio State,OLB,72.75,232,9.75,33.25,,4.47,17.0,35.5,133.0,4.2,7.12,
2016,Alex Lewis,Nebraska,OT,78.0,312,10.0,34.0,,5.22,27.0,29.5,100.0,4.72,7.94,
2016,Roger Lewis,Bowling Green (OH),WR,72.38,201,9.75,32.0,,4.57,8.0,33.5,116.0,,,
2016,Kolby Listenbee,Texas Christian,WR,72.0,197,8.25,31.38,,4.39,15.0,35.5,129.0,,,
2016,Cory Littleton,Washington,OLB,75.13,238,10.13,33.38,,4.73,,29.5,114.0,4.32,7.11,11.65
2016,Jordan Lomax,Iowa,FS,69.88,202,8.75,32.0,,4.75,8.0,36.0,120.0,4.15,7.18,
2016,Steve Longa,Rutgers,OLB,72.63,241,9.75,32.0,,4.78,19.0,32.0,116.0,4.56,7.5,12.0
2016,Ricardo Louis,Auburn,WR,73.75,215,9.5,32.38,,4.43,18.0,38.0,132.0,,,
2016,Dean Lowry,Northwestern,DE,77.75,296,9.38,31.0,,4.87,30.0,32.5,114.0,4.38,7.26,
2016,Jordan Lucas,Penn State,SS,71.63,201,10.0,30.13,,,,,,,,
2016,Paxton Lynch,Memphis,QB,78.63,244,10.25,34.25,,4.86,,36.0,118.0,4.26,7.14,
2016,Tre Madden,Southern California,RB,72.25,223,9.38,29.75,,,24.0,,,,,
2016,Luther Maddy,Virginia Tech,DT,72.0,287,9.0,33.25,,,29.0,,,,,
2016,Curt Maggitt,Tennessee,OLB,75.25,247,10.13,33.0,,,,,,,,
2016,Ryan Malleck,Virginia Tech,TE,76.5,247,9.38,32.5,,,18.0,34.5,121.0,4.33,7.0,
2016,Byron Marshall,Oregon,WR,69.38,201,9.5,30.25,,,17.0,,,,,
2016,Jalin Marshall,Ohio State,WR,70.5,200,9.63,31.5,,4.6,16.0,37.5,125.0,4.13,6.8,
2016,Keith Marshall,Georgia,RB,71.38,219,9.38,31.63,,4.31,25.0,30.5,,,,
2016,Nick Martin,Notre Dame,C,76.13,299,9.75,32.5,,5.22,28.0,28.0,97.0,4.72,7.57,
2016,Blake Martinez,Stanford,ILB,73.63,237,10.88,31.63,,4.71,22.0,28.5,113.0,4.2,6.98,
2016,Tyler Marz,Wisconsin,OT,78.75,316,10.0,33.5,,5.54,19.0,27.5,99.0,4.97,8.38,
2016,Tyler Matakevich,Temple,ILB,72.0,238,9.5,31.25,,4.81,22.0,31.0,112.0,4.5,7.19,
2016,Chris Mayes,Georgia,DT,75.13,338,9.0,34.0,,5.34,33.0,23.5,104.0,5.13,,
2016,Alex McCalister,Florida,DL,78.13,239,9.38,36.0,,4.8,,34.5,128.0,4.0,7.01,
2016,Jake McGee,Florida,TE,77.5,250,9.63,32.38,,,17.0,,,,,
2016,Connor McGovern,Missouri,G,76.25,306,10.38,32.88,,5.11,33.0,33.0,109.0,4.65,7.5,
2016,Mekale McKay,Cincinnati,WR,75.63,207,9.5,30.63,,4.55,12.0,35.0,123.0,4.63,7.08,11.89
2016,Cassanova McKinzy,Auburn,ILB,73.0,248,9.88,31.25,,,21.0,,,,,
2016,Braxton Miller,Ohio State,WR,73.38,201,9.13,31.75,,4.5,17.0,35.0,123.0,4.07,6.65,10.84
2016,Harlan Miller,Southeastern Louisiana,CB,71.88,182,9.38,31.38,,4.65,6.0,35.5,118.0,4.43,7.44,11.9
2016,Jalen Mills,Louisiana State,FS,72.0,191,9.13,31.13,,4.61,16.0,37.0,123.0,4.0,6.86,11.53
2016,Malcolm Mitchell,Georgia,WR,71.63,198,10.5,32.63,,4.45,15.0,36.0,129.0,4.34,6.94,
2016,Chris Moore,Cincinnati,WR,73.0,206,9.38,33.38,,4.53,10.0,37.0,130.0,4.2,6.76,11.37
2016,David Morgan,Texas-San Antonio,TE,76.13,262,10.5,33.63,,5.02,29.0,30.0,115.0,4.19,6.93,11.6
2016,Antonio Morrison,Florida,ILB,73.0,232,9.0,30.38,,,,,,,,
2016,Kyle Murphy,Stanford,OT,78.38,305,9.75,33.5,,,23.0,,,,,
2016,Eric Murray,Minnesota,CB,70.63,199,9.0,31.75,,4.49,15.0,39.5,124.0,4.05,7.08,11.19
2016,Carl Nassib,Penn State,DE,78.88,277,10.38,34.5,,4.84,21.0,28.5,114.0,4.37,7.27,
2016,Keanu Neal,Florida,FS,72.0,211,10.63,32.75,,4.62,17.0,38.0,132.0,4.38,7.09,11.58
2016,Stephane Nembot,Colorado,OT,78.75,322,10.75,34.63,,5.39,32.0,26.5,103.0,5.15,8.55,
2016,Giorgio Newberry,Florida State,DE,77.5,285,9.5,34.0,,4.94,20.0,30.0,114.0,4.78,7.53,
2016,Yannick Ngakoue,Maryland,DE,74.0,252,9.5,32.5,,4.75,26.0,34.5,118.0,4.5,7.35,
2016,Dadi Nicolas,Virginia Tech,DE,74.88,235,10.38,34.75,,4.74,14.0,41.0,116.0,4.38,7.04,
2016,Robert Nkemdiche,Mississippi,DT,75.5,294,10.75,33.88,,4.87,28.0,35.0,116.0,,,
2016,Jared Norris,Utah,ILB,73.25,241,10.13,31.5,,4.8,19.0,29.5,114.0,4.52,,
2016,Marquez North,Tennessee,WR,74.5,223,10.25,33.38,,4.48,17.0,35.0,123.0,4.13,6.9,
2016,Shawn Oakman,Baylor,DE,79.63,287,10.63,35.75,,4.96,23.0,32.0,123.0,4.56,7.53,
2016,Victor Ochi,Stony Brook (NY),DE,73.13,246,10.13,33.75,,4.86,,32.0,119.0,4.4,7.24,
2016,Rees Odhiambo,Boise State,G,75.88,314,9.63,33.25,,,23.0,,,,,
2016,Emmanuel Ogbah,Oklahoma State,DE,76.25,273,10.0,35.5,,4.63,20.0,35.5,121.0,4.5,7.26,
2016,Romeo Okwara,Notre Dame,DE,76.63,265,10.13,34.13,,4.9,23.0,33.0,120.0,4.53,7.38,
2016,Drew Ott,Iowa,DE,76.5,273,9.63,32.25,,,,,,,,
2016,Montese Overton,East Carolina (NC),OLB,73.75,223,9.5,32.75,,4.61,18.0,34.0,123.0,4.47,7.15,
2016,Gionni Paul,Utah,ILB,70.13,231,8.13,31.0,,5.05,22.0,31.0,113.0,,,
2016,Jordan Payton,UCLA,WR,73.13,207,10.13,32.5,,4.47,,34.5,121.0,4.33,7.08,
2016,Charone Peake,Clemson,WR,74.38,209,9.25,34.0,,4.45,12.0,35.5,122.0,4.46,6.96,11.69
2016,Paul Perkins,UCLA,RB,70.38,208,9.0,31.63,,4.54,19.0,32.0,124.0,,,
2016,Joshua Perry,Ohio State,OLB,75.75,254,10.25,33.88,,4.68,20.0,33.5,124.0,,,
2016,Kevin Peterson,Oklahoma State,CB,70.38,181,8.63,31.5,,4.58,14.0,35.5,121.0,4.31,6.94,
2016,D.J. Pettway,Alabama,DE,74.13,265,9.5,32.25,,4.99,17.0,28.0,108.0,4.69,7.74,
2016,Tyvis Powell,Ohio State,FS,74.75,211,9.5,32.75,,4.46,15.0,34.5,120.0,4.25,7.03,11.63
2016,Dak Prescott,Mississippi State,QB,74.25,226,10.88,32.25,,4.79,,32.5,116.0,4.32,7.11,
2016,C.J. Prosise,Notre Dame,RB,72.5,220,8.5,32.13,,4.48,,35.5,121.0,,,
2016,Jimmy Pruitt,San Jose State,CB,71.63,198,9.38,30.38,,4.73,19.0,32.0,117.0,,,
2016,Reggie Ragland,Alabama,ILB,73.25,247,9.88,32.0,,4.72,,31.5,116.0,4.28,,
2016,Jalen Ramsey,Florida State,FS,73.25,209,9.5,33.38,,4.41,14.0,41.5,135.0,4.18,6.94,11.1
2016,Sheldon Rankins,Louisville,DT,73.13,299,9.38,33.38,,5.03,28.0,34.5,118.0,4.59,7.44,
2016,D.J. Reader,Clemson,DT,74.63,327,9.5,33.63,,5.33,30.0,29.5,99.0,4.71,7.9,
2016,Alex Redmond,UCLA,G,76.75,294,10.5,33.25,,5.3,30.0,28.0,111.0,4.9,7.75,
2016,Will Redmond,Mississippi State,CB,70.75,182,9.13,30.38,,,,,,,,
2016,Jarran Reed,Alabama,DT,74.88,307,10.5,33.38,,5.21,,31.0,104.0,4.75,7.77,
2016,Hassan Ridgeway,Texas,DT,75.38,303,9.38,33.0,,5.02,24.0,32.0,113.0,4.82,8.28,
2016,Dominique Robertson,West Georgia,OT,76.63,324,10.38,36.0,,5.36,30.0,28.5,100.0,4.83,8.42,
2016,AShawn Robinson,Alabama,DT,75.63,307,10.5,34.5,,5.2,22.0,26.0,106.0,4.74,7.8,
2016,Demarcus Robinson,Florida,WR,73.38,203,9.5,33.0,,4.59,,34.5,123.0,4.19,6.77,
2016,Rashard Robinson,Louisiana State,CB,73.5,171,9.0,32.25,,4.49,,35.5,121.0,,,
2016,Alonzo Russell,Toledo,WR,75.63,206,9.5,33.88,,4.54,12.0,29.5,112.0,4.33,7.18,11.88
2016,KeiVarae Russell,Notre Dame,CB,71.13,192,10.0,31.63,,,17.0,,,,,
2016,Zack Sanchez,Oklahoma,CB,70.88,185,9.38,31.38,,,19.0,35.5,116.0,,,
2016,Beau Sandland,Montana State,TE,76.5,253,10.13,34.25,,4.74,23.0,35.0,124.0,4.33,7.1,11.75
2016,Joe Schobert,Wisconsin,OLB,73.38,244,9.75,31.5,,4.76,22.0,33.5,111.0,4.3,7.11,11.59
2016,Rashawn Scott,Miami (FL),WR,72.88,199,9.38,31.38,,,17.0,32.5,116.0,,,
2016,Isaac Seumalo,Oregon State,G,75.88,303,9.88,33.0,,5.19,,26.0,105.0,4.52,7.4,
2016,Kevon Seymour,Southern California,CB,71.5,186,9.0,30.75,,4.39,12.0,35.0,124.0,4.18,,
2016,Hunter Sharp,Utah State,WR,71.5,198,9.38,31.63,,4.58,12.0,32.5,116.0,4.19,7.12,11.4
2016,Tajae Sharpe,Massachusetts,WR,74.0,194,8.38,32.25,,4.55,11.0,33.5,114.0,,,
2016,Brandon Shell,South Carolina,OT,77.38,324,10.75,34.75,,5.22,22.0,30.5,112.0,,,
2016,Sterling Shepard,Oklahoma,WR,70.25,194,9.75,30.38,,4.48,20.0,41.0,123.0,4.35,7.0,
2016,Elijah Shumate,Notre Dame,SS,71.0,216,9.75,31.13,,4.58,18.0,33.0,119.0,4.51,,
2016,Devaunte Sigler,Jacksonville State (AL),DT,75.5,298,9.88,33.75,,5.15,23.0,25.0,,4.97,7.9,
2016,Justin Simmons,Boston College,FS,74.38,202,9.63,32.63,,4.61,16.0,40.0,126.0,3.85,6.58,10.84
2016,LeShaun Sims,Southern Utah,CB,72.5,203,8.13,31.63,,4.53,11.0,37.0,120.0,4.19,7.08,11.18
2016,Matt Skura,Duke,C,75.38,305,,,,5.39,27.0,24.0,103.0,4.76,7.89,
2016,Pearce Slater,San Diego State,OT,78.75,329,,,,5.42,17.0,23.0,92.0,5.12,8.36,
2016,Wendell Smallwood,West Virginia,RB,70.5,208,9.25,30.5,,4.47,14.0,33.5,120.0,4.28,6.83,11.14
2016,Jaylon Smith,Notre Dame,OLB,74.0,223,9.5,33.0,,,,,,,,
2016,Ryan Smith,North Carolina Central,CB,71.0,189,8.88,30.5,,4.47,18.0,36.0,122.0,4.09,6.88,11.18
2016,Terrance Smith,Florida State,OLB,74.88,235,9.88,32.75,,4.77,19.0,34.5,120.0,,,
2016,Noah Spence,Eastern Kentucky,DE,74.5,251,10.75,33.0,,4.8,25.0,35.0,121.0,4.35,7.21,
2016,Jason Spriggs,Indiana,OT,77.63,301,10.13,34.13,,4.94,31.0,31.5,115.0,4.44,7.7,
2016,Nelson Spruce,Colorado,WR,73.13,206,10.0,30.0,,4.69,12.0,35.0,114.0,4.2,7.09,11.9
2016,A.J. Stamps,Kentucky,FS,70.88,193,9.63,31.38,,4.79,15.0,33.0,115.0,4.25,7.17,11.56
2016,Ronnie Stanley,Notre Dame,OT,77.75,312,10.63,35.63,,5.2,,28.5,,4.9,8.03,
2016,Joel Stave,Wisconsin,QB,77.25,236,10.75,33.25,,4.8,,33.5,115.0,4.33,7.29,
2016,Eric Striker,Oklahoma,OLB,71.0,227,10.13,31.25,,4.8,23.0,30.0,116.0,4.46,7.3,
2016,Nate Sudfeld,Indiana,QB,78.13,234,9.88,34.25,,,,29.0,105.0,,,
2016,Charles Tapper,Oklahoma,DE,74.63,271,11.5,34.38,,4.59,23.0,34.0,119.0,,,
2016,Kelvin Taylor,Florida,RB,70.25,207,8.25,29.25,,4.6,15.0,32.0,113.0,,,
2016,John Theus,Georgia,OT,78.5,313,10.13,34.5,,5.22,,28.0,103.0,4.78,7.9,
2016,Lawrence Thomas,Michigan State,DE,75.5,286,10.13,33.25,,4.98,,35.0,113.0,,,
2016,Michael Thomas,Ohio State,WR,74.75,212,10.5,32.13,,4.57,18.0,35.0,126.0,4.13,6.8,11.7
2016,Darian Thompson,Boise State,FS,73.0,208,9.13,30.38,,4.69,12.0,32.5,118.0,4.33,7.26,
2016,Ron Thompson,Syracuse,DE,75.0,253,9.38,32.25,,4.92,18.0,,,4.5,7.46,
2016,Shadrach Thornton,North Carolina State,RB,71.63,217,,,,4.75,12.0,31.0,116.0,4.21,6.85,
2016,Joe Thuney,North Carolina State,G,76.63,304,9.63,32.25,,4.95,28.0,28.5,110.0,4.54,7.47,
2016,Cole Toner,Harvard,OT,77.25,306,9.75,33.13,,5.32,22.0,26.0,103.0,4.59,7.88,
2016,Laquon Treadwell,Mississippi,WR,74.0,221,9.5,33.38,,,12.0,33.0,117.0,,,
2016,Sebastian Tretola,Arkansas,G,76.13,314,10.38,31.5,,5.45,22.0,23.5,90.0,5.02,7.94,
2016,Max Tuerk,Southern California,C,77.0,298,10.75,32.5,,,22.0,,,,,
2016,Laremy Tunsil,Mississippi,OT,77.0,310,10.0,34.25,,,,,,,,
2016,Landon Turner,North Carolina,G,75.88,330,10.38,32.88,,5.58,30.0,19.0,88.0,,,
2016,Soma Vainuku,Southern California,RB,71.5,246,9.5,32.75,,4.68,26.0,32.0,108.0,,,
2016,Halapoulivaati Vaitai,Texas Christian,OT,78.0,320,10.63,34.25,,5.26,23.0,29.0,113.0,5.0,8.26,
2016,Vincent Valentine,Nebraska,DT,75.63,329,9.63,33.13,,5.19,17.0,29.0,110.0,4.59,8.03,
2016,Nick Vannett,Ohio State,TE,78.0,257,10.0,34.25,,,17.0,30.5,111.0,4.2,7.05,11.5
2016,Nick Vigil,Utah State,ILB,74.38,239,10.25,32.38,,4.72,,31.5,115.0,4.0,6.73,
2016,Dan Vitale,Northwestern,RB,72.0,239,9.75,31.75,,4.6,30.0,38.5,123.0,4.12,7.12,11.36
2016,Cleveland Wallace,San Jose State,CB,70.75,188,9.5,31.75,,4.68,,35.5,123.0,,,
2016,Jihad Ward,Illinois,DE,77.13,297,9.38,33.88,,5.11,20.0,25.0,111.0,4.63,7.38,
2016,Adolphus Washington,Ohio State,DT,75.38,301,9.88,34.5,16.0,5.17,21.0,27.0,99.0,4.79,8.06,
2016,DeAndre Washington,Texas Tech,RB,68.25,204,9.0,30.0,,4.49,24.0,34.5,116.0,4.2,7.03,11.63
2016,Stephen Weatherly,Vanderbilt,OLB,76.38,267,10.25,34.5,,4.61,23.0,31.0,117.0,,,
2016,Carson Wentz,North Dakota State,QB,77.25,237,10.0,33.25,29.0,4.77,,30.5,118.0,4.15,6.86,
2016,Christian Westerman,Arizona State,G,75.13,298,11.88,33.5,,5.12,34.0,,98.0,4.71,7.69,
2016,D.J. White,Georgia Tech,CB,70.88,193,9.25,31.5,,4.49,17.0,33.0,132.0,4.33,7.18,
2016,Cody Whitehair,Kansas State,G,75.0,301,10.13,32.38,,5.02,16.0,25.5,110.0,4.58,7.32,
2016,Brandon Wilds,South Carolina,RB,72.75,220,,,,4.54,21.0,36.5,118.0,4.33,7.08,
2016,Brandon Williams,Texas A&M,FS,71.38,197,8.63,32.5,,4.37,18.0,30.5,118.0,4.19,6.85,11.27
2016,Bryce Williams,East Carolina (NC),TE,77.0,257,9.63,33.63,,4.94,19.0,29.5,111.0,4.53,7.19,12.03
2016,Duke Williams,Auburn,WR,74.25,229,,,,4.72,14.0,30.0,121.0,4.47,7.43,
2016,Jonathan Williams,Arkansas,RB,70.0,220,10.0,31.63,,,16.0,,,,,
2016,DeRunnya Wilson,Mississippi State,WR,76.0,224,9.25,33.88,,4.85,,28.0,113.0,,,
2016,Josh Woodrum,Liberty (VA),QB,74.0,231,9.25,31.88,,4.8,,31.0,116.0,4.31,6.74,
2016,Antwaun Woods,Southern California,DT,72.13,318,9.63,31.0,,,,,,,,
2016,Daryl Worley,West Virginia,CB,72.75,204,10.25,33.38,,4.64,14.0,35.5,123.0,4.15,6.98,10.87
2016,Scooby Wright,Arizona,ILB,71.0,239,9.75,30.5,,4.9,22.0,31.0,113.0,4.47,,
2016,Connor Wujciak,Boston College,DT,74.0,291,10.0,33.25,,4.91,22.0,34.5,117.0,4.27,7.32,
2016,Avery Young,Auburn,OT,76.0,328,10.5,33.75,,5.39,,,,4.91,8.22,
2016,Tavon Young,Temple,CB,69.0,183,9.13,30.63,,4.46,9.0,34.5,118.0,3.93,6.8,11.26
2016,Anthony Zettel,Penn State,DE,75.0,277,9.5,31.13,,4.81,28.0,30.5,109.0,4.39,7.63,
2015,Ameer Abdullah,Nebraska,RB,68.75,205,8.63,30.0,,4.6,24.0,42.5,130.0,3.95,6.79,11.18
2015,Nelson Agholor,Southern California,WR,72.13,198,9.25,32.25,,4.42,12.0,,,,,
2015,Malcolm Agnew,Southern Illinois,RB,70.0,202,,,,4.59,,,,,,
2015,Jay Ajayi,Boise State,RB,71.75,221,10.0,32.0,24.0,4.57,19.0,39.0,121.0,4.1,7.1,11.1
2015,Brandon Alexander,Central Florida,FS,74.0,195,,,,4.59,,,,,,
2015,Kwon Alexander,Louisiana State,OLB,72.75,227,9.25,30.25,,4.55,24.0,36.0,121.0,4.2,7.14,
2015,Mario Alford,West Virginia,WR,68.5,180,9.38,31.25,,4.43,13.0,34.0,121.0,4.07,6.64,11.22
2015,Detric Allen,East Carolina (NC),CB,73.0,200,,,,4.59,,,,,,
2015,Javorius Allen,Southern California,RB,72.5,221,9.38,31.75,12.0,4.53,11.0,35.5,121.0,4.28,6.96,
2015,Jordan Allen,Arizona,DE,77.0,254,,,,4.83,,,,,,
2015,Quinton Alston,Iowa,ILB,73.0,232,,,,4.69,,,,,,
2015,Adrian Amos,Penn State,FS,72.5,218,9.13,32.25,,4.56,,35.5,122.0,4.03,7.09,11.33
2015,Dres Anderson,Utah,WR,73.13,187,9.38,31.63,,4.53,13.0,,,,,
2015,Henry Anderson,Stanford,DE,78.25,294,9.75,33.5,36.0,4.97,,30.0,111.0,4.19,7.2,
2015,Rory Anderson,South Carolina,TE,76.63,244,,,,4.73,,,,,,
2015,Zaire Anderson,Nebraska,OLB,71.0,224,,,,4.68,,,,,,
2015,David Andrews,Georgia,C,75.0,294,,,,5.12,,,,,,
2015,Stephone Anthony,Clemson,ILB,74.63,243,10.38,32.5,23.0,4.56,23.0,37.0,122.0,4.03,7.07,
2015,Chi Chi Ariguzo,Northwestern,OLB,73.0,234,,,,4.87,,,,,,
2015,Thurston Armbrister,Miami (FL),OLB,74.0,241,,,,4.77,,,,,,
2015,Arik Armstead,Oregon,DT,79.13,292,10.5,33.0,26.0,5.1,24.0,34.0,117.0,4.53,7.57,
2015,Cameron Artis-Payne,Auburn,RB,69.75,212,8.88,29.63,,4.53,,36.5,118.0,,7.13,
2015,Kennard Backman,Alabama-Birmingham,TE,75.0,239,,,,4.76,,,,,,
2015,Quinn Backus,Coastal Carolina (SC),SS,69.0,216,,,,4.67,,,,,,
2015,Neiron Ball,Florida,OLB,74.38,236,9.38,33.63,,4.68,22.0,,,,,
2015,Deion Barnes,Penn State,DE,76.0,260,,,,4.75,,,,,,
2015,Tavaris Barnes,Clemson,DE,75.75,282,8.5,33.13,,4.8,22.0,,,,,
2015,Austin Barron,Florida State,C,75.0,293,,,,5.17,,,,,,
2015,Jermaine Barton,Illinois State,OT,79.0,315,,,,5.38,,,,,,
2015,Houston Bates,Louisiana Tech,OLB,73.0,245,,,,4.77,,,,,,
2015,Mickey Baucus,Arizona,OT,79.0,309,,,,5.33,,,,,,
2015,Will Baumann,North Carolina State,P,77.63,187,,,,5.14,,,,,,
2015,DeJuan Beard,Washburn (KS),WR,73.0,195,,,,4.56,,,,,,
2015,Vic Beasley,Clemson,OLB,75.0,246,9.38,32.5,29.0,4.53,35.0,41.0,130.0,4.15,6.91,
2015,Ben Beckwith,Mississippi State,OG,76.0,317,,,,5.24,,,,,,
2015,Blake Bell,Oklahoma,TE,78.25,252,10.0,33.13,,4.8,14.0,33.0,116.0,4.32,6.85,11.81
2015,Kenny Bell,Nebraska,WR,73.13,197,9.25,31.63,,4.42,7.0,41.5,129.0,4.15,6.66,11.6
2015,Mitchell Bell,Louisiana Tech,OG,74.0,348,,,,5.48,,,,,,
2015,Bill Belton,Penn State,RB,69.0,204,,,,4.55,,,,,,
2015,Bryan Bennett,Southeastern Louisiana,QB,74.25,211,9.5,31.0,,4.81,,37.0,125.0,4.2,7.13,
2015,Bryon Bennett,Mississippi,DT,74.0,293,,,,5.12,,,,,,
2015,Michael Bennett,Georgia,WR,74.0,202,10.25,33.63,,4.59,,,,,,
2015,Mike Bennett,Ohio State,DT,74.0,293,,,43.0,4.96,,,,,,
2015,Tim Bennett,Indiana,CB,69.0,186,,,,4.52,,,,,,
2015,Joe Bergeron,Texas A&M-Commerce,RB,73.0,235,,,,4.62,,,,,,
2015,Seth Betancourt,Boston College,OT,77.0,300,,,,5.16,,,,,,
2015,Brennen Beyer,Michigan,OLB,75.0,256,,,,4.9,,,,,,
2015,E.J. Bibbs,Iowa State,TE,74.0,258,10.25,31.13,,4.76,20.0,,,,,
2015,Craig Bills,Brigham Young,SS,73.0,205,,,,4.68,,,,,,
2015,Angelo Blackson,Auburn,DT,76.38,318,9.75,33.75,,5.02,20.0,31.0,101.0,4.57,7.5,
2015,Bernard Blake,Colorado State,CB,71.0,177,,,,4.52,,,,,,
2015,Brian Blechen,Utah,SS,74.0,216,,,,4.7,,,,,,
2015,Al Bond,Memphis,OG,75.75,303,10.25,33.38,,5.57,22.0,23.5,90.0,4.65,7.9,
2015,TraMayne Bondurant,Arizona,FS,70.0,212,,,,4.54,,,,,,
2015,Chris Bonner,Colorado State-Pueblo,QB,78.0,237,,,,5.12,,,,,,
2015,Detrick Bonner,Virginia Tech,FS,71.75,207,8.88,31.25,,4.56,15.0,,,,,
2015,Anthony Boone,Duke,QB,72.25,231,9.63,31.63,20.0,5.03,,26.5,100.0,4.62,7.47,
2015,Cameron Botticelli,Minnesota,DT,76.0,292,,,,4.98,,,,,,
2015,Gerald Bowman,Southern California,SS,73.0,205,,,,4.58,,,,,,
2015,Brett Boyko,Nevada Las Vegas,OG,78.63,301,9.0,32.0,,5.6,,25.0,103.0,4.75,7.91,
2015,Nick Boyle,Delaware,TE,76.5,268,10.38,33.38,,5.04,20.0,30.5,112.0,4.23,7.13,11.65
2015,Brandon Bridge,South Alabama,QB,76.38,229,9.25,34.25,,4.72,,33.0,110.0,4.37,7.18,
2015,Kyle Brindza,Notre Dame,K,72.63,236,10.0,33.25,,5.17,14.0,,,,,
2015,Terrance Broadway,Louisiana-Lafayette,QB,73.0,223,,,,4.62,,,,,,
2015,Cariel Brooks,Adams State (CO),CB,69.0,196,,,,4.53,,,,,,
2015,Artez Brown,Arkansas State,CB,73.0,182,,,,4.52,,,,,,
2015,Da'Ron Brown,Northern Illinois,WR,72.13,205,,,,4.54,17.0,37.0,120.0,4.11,7.04,
2015,Dominique Brown,Louisville,RB,73.88,234,9.5,32.38,,4.62,17.0,,,,,
2015,Jamon Brown,Louisville,OT,75.63,323,9.75,34.38,,5.44,,,,,,
2015,Leon Brown,Alabama,OG,78.0,346,,,,5.67,,,,,,
2015,Malcolm Brown,Texas,RB,71.38,224,10.25,32.75,,4.62,19.0,34.5,117.0,4.15,6.86,11.32
2015,Malcom Brown,Texas,DT,74.38,319,10.0,32.5,19.0,5.05,26.0,29.5,98.0,4.59,7.84,
2015,Trent Brown,Florida,OT,80.5,355,,,,5.29,20.0,23.5,97.0,4.78,8.23,
2015,Serderius Bryant,Mississippi,SS,68.0,228,,,,4.64,,,,,,
2015,Quayshawne Buckley,Idaho,DT,74.0,302,,,,5.26,,,,,,
2015,Betim Bujari,Rutgers,C,75.0,298,,,,5.27,,,,,,
2015,Malcolm Bunche,UCLA,OG,78.0,320,,,,5.24,,,,,,
2015,Blair Burns,Wyoming,CB,70.0,186,,,,4.55,,,,,,
2015,Clay Burton,Florida,TE,75.0,248,,,,4.76,,,,,,
2015,Mike Burton,Rutgers,FB,71.25,242,,,,4.74,25.0,33.0,115.0,4.34,7.2,
2015,Damiere Byrd,South Carolina,WR,69.0,162,,,,4.39,,,,,,
2015,Bryce Callahan,Rice (TX),CB,69.0,184,,,,4.49,,,,,,
2015,Jesse Callier,Washington,RB,70.0,202,,,,4.53,,,,,,
2015,Ibraheim Campbell,Northwestern,SS,71.38,208,10.25,30.38,26.0,4.59,23.0,,,,,
2015,A.J. Cann,South Carolina,OG,74.75,313,10.25,32.63,,5.18,26.0,,,,,
2015,Nordly Capi,Akron,DE,75.0,252,,,,4.86,,,,,,
2015,Shane Carden,East Carolina (NC),QB,73.88,218,9.75,33.25,25.0,4.94,,29.5,104.0,4.45,7.17,
2015,Joe Cardona,Navy,LS,74.0,242,9.63,31.5,,4.91,30.0,33.0,,,,
2015,Alex Carter,Stanford,CB,72.13,196,9.13,32.13,30.0,4.51,17.0,40.0,121.0,4.07,7.05,11.31
2015,DeAndre Carter,Sacramento State (CA),WR,68.0,186,,,,4.48,,,,,,
2015,Sam Carter,Texas Christian,SS,73.0,216,,,,4.63,,,,,,
2015,Tevin Carter,Utah,FS,73.0,215,9.25,32.0,,4.54,19.0,,,,,
2015,James Castleman,Oklahoma State,DT,75.0,311,,,,5.12,,,,,,
2015,B.J. Catalon,Texas Christian,RB,67.38,186,9.0,30.0,,4.57,,36.0,114.0,4.15,6.9,
2015,Rakeem Cato,Marshall (WV),QB,71.0,171,,,,4.7,,,,,,
2015,Donald Celiscar,Western Michigan,CB,70.88,194,9.25,31.38,,4.62,,,120.0,,,
2015,Tyson Chandler,North Carolina State,OT,78.0,354,,,,5.42,,,,,,
2015,Anthony Chickillo,Miami (FL),DE,75.13,267,10.13,33.5,,4.79,27.0,34.5,114.0,4.25,7.17,
2015,Jawon Chisholm,Akron,RB,73.0,202,,,,4.63,,,,,,
2015,Gerald Christian,Louisville,TE,75.0,244,10.75,32.5,,4.87,28.0,,,4.7,7.62,12.66
2015,Kyle Christy,Florida,P,74.25,202,8.88,30.0,,4.93,,,,,,
2015,Tyler Cierski,Maryland,FB,71.0,260,,,,4.74,,,,,,
2015,Imoan Claiborne,Northwestern State (LA),CB,70.0,189,,,,4.53,,,,,,
2015,Ace Clark,Western Carolina,SS,74.0,217,,,,4.68,,,,,,
2015,Frank Clark,Michigan,DE,74.88,271,10.13,34.38,,4.79,19.0,38.5,118.0,4.05,7.08,11.22
2015,Marquez Clark,Central Oklahoma,WR,70.0,190,,,,4.58,,,,,,
2015,Blaine Clausell,Mississippi State,OT,78.0,329,,,,5.37,,,,,,
2015,Kaelin Clay,Utah,WR,69.63,195,9.0,30.88,,4.51,10.0,33.0,113.0,4.26,6.97,
2015,Cameron Clear,Texas A&M,OT,77.38,277,9.63,33.63,,4.98,,32.0,108.0,4.48,7.52,12.07
2015,T.J. Clemmings,Pittsburgh,OT,76.75,309,10.38,35.13,,5.14,22.0,32.5,111.0,4.54,7.68,
2015,Cameron Clemmons,Western Kentucky,OT,78.0,300,,,,5.28,,,,,,
2015,Reshard Cliett,South Florida,OLB,74.0,221,,,,4.67,,,,,,
2015,Sammie Coates,Auburn,WR,73.38,212,9.38,33.38,14.0,4.43,23.0,41.0,131.0,4.06,6.98,11.81
2015,David Cobb,Minnesota,RB,70.88,229,9.38,31.63,,4.59,17.0,38.5,121.0,,,
2015,Takoby Cofield,Duke,OT,76.25,310,10.0,34.0,,5.19,23.0,30.0,101.0,4.79,8.09,
2015,Justin Coleman,Tennessee,CB,70.63,185,9.38,31.25,,4.53,20.0,37.5,124.0,3.98,6.61,11.21
2015,Tevin Coleman,Indiana,RB,71.38,206,8.63,32.0,,4.59,22.0,,,,,
2015,Henry Coley,Virginia,ILB,73.0,239,,,,4.95,,,,,,
2015,Jalen Collins,Louisiana State,CB,73.5,203,9.38,32.13,28.0,4.48,,36.0,124.0,4.27,6.77,11.32
2015,La`el Collins,Louisiana State,OT,76.5,305,,,12.0,5.12,21.0,27.0,108.0,4.63,7.7,
2015,Landon Collins,Alabama,SS,72.0,228,9.38,31.5,17.0,4.53,,35.0,120.0,4.33,7.38,11.94
2015,Austin Collinsworth,Notre Dame,SS,73.0,205,,,,4.62,,,,,,
2015,Chris Conley,Georgia,WR,73.88,213,9.88,33.75,,4.35,18.0,45.0,139.0,4.3,7.06,11.65
2015,Brey Cook,Arkansas,OT,77.0,317,,,,5.29,,,,,,
2015,Kenny Cook,Gardner-Webb (NC),WR,75.0,215,,,,4.56,,,,,,
2015,Amari Cooper,Alabama,WR,72.88,211,10.0,31.5,21.0,4.42,,33.0,120.0,3.98,6.71,
2015,Corey Cooper,Nebraska,SS,73.0,209,,,,4.62,,,,,,
2015,Xavier Cooper,Washington State,DT,74.88,293,9.38,31.5,,4.86,29.0,29.0,110.0,4.37,7.23,
2015,Christian Covington,Rice (TX),DT,74.38,289,10.0,33.25,,5.09,,,,,,
2015,Justin Cox,Mississippi State,CB,72.63,191,9.0,31.25,,4.36,15.0,38.0,129.0,4.07,7.05,11.2
2015,Corey Crawford,Clemson,DE,77.0,283,9.25,34.5,,5.01,,33.0,110.0,4.65,7.64,
2015,Tony Creecy,North Carolina State,RB,71.0,215,,,,4.56,,,,,,
2015,Rob Crisp,North Carolina State,OT,78.63,301,10.0,34.5,,5.26,26.0,32.5,107.0,4.6,8.07,
2015,John Crockett,North Dakota State,RB,71.75,217,9.75,31.0,,4.62,15.0,40.0,125.0,4.25,7.15,
2015,Jamison Crowder,Duke,WR,68.38,185,8.75,30.38,,4.56,10.0,37.0,115.0,4.32,7.17,
2015,Antwan Crutcher,Ohio,DT,73.0,297,,,,5.18,,,,,,
2015,Yannik Cudjoe-Virgil,Maryland,OLB,74.13,248,9.75,32.63,,4.74,25.0,,,,,
2015,Robertson Daniel,Brigham Young,CB,73.0,198,,,,4.56,,,,,,
2015,DaVaris Daniels,Notre Dame,WR,73.5,201,9.0,31.25,,4.62,13.0,37.0,122.0,,,
2015,Ronald Darby,Florida State,CB,70.63,193,8.63,31.38,17.0,4.38,12.0,41.5,129.0,4.14,6.94,
2015,Erick Dargan,Oregon,SS,71.0,217,,,,4.62,,,,,,
2015,Aaron Davis,Colorado State,OLB,71.63,225,9.0,31.0,,4.95,16.0,29.0,107.0,4.37,7.38,12.01
2015,Andre Davis,South Florida,WR,73.0,207,,,,4.55,,,,,,
2015,Carl Davis,Iowa,DT,76.63,320,11.0,34.63,,5.07,,33.0,103.0,4.47,7.91,
2015,Devante Davis,Nevada Las Vegas,WR,74.88,220,9.5,32.38,,4.57,16.0,35.5,115.0,4.12,7.25,11.6
2015,Dyshawn Davis,Syracuse,OLB,74.0,222,,,,4.72,,,,,,
2015,Geremy Davis,Connecticut,WR,74.38,216,9.5,32.25,,4.58,23.0,36.5,124.0,4.18,6.86,11.28
2015,Kalon Davis,Clemson,OG,77.0,340,,,,5.46,,,,,,
2015,Mike Davis,South Carolina,RB,69.13,217,9.38,30.25,,4.61,17.0,34.0,116.0,4.18,7.0,11.65
2015,Titus Davis,Central Michigan,WR,72.75,196,8.25,29.63,,4.51,,32.5,119.0,4.28,7.14,
2015,Tyeler Davison,Frenso State (CA),DT,73.63,316,10.75,34.0,,5.18,32.0,33.0,105.0,4.46,7.53,
2015,Lamar Dawson,Southern California,ILB,73.0,230,,,,4.78,,,,,,
2015,Paul Dawson,Texas Christian,ILB,72.13,235,9.5,31.5,20.0,4.93,21.0,28.0,109.0,4.49,,
2015,Dillon Day,Mississippi State,C,76.0,305,,,,5.26,,,,,,
2015,Synjyn Days,Georgia Tech,RB,73.0,232,,,,4.67,,,,,,
2015,Andre Debose,Florida,WR,73.0,190,,,,4.49,,,,,,
2015,Ryan Delaire,Towson (MD),DE,76.13,254,10.38,32.5,,4.97,23.0,,,,,
2015,Trey DePriest,Alabama,ILB,72.38,254,9.0,31.63,,4.92,,,,,,
2015,A.J. Derby,Arkansas,TE,75.75,255,9.5,30.5,,4.73,15.0,,,,,
2015,Travis Dickson,Louisiana State,TE,75.0,237,,,,4.74,,,,,,
2015,Xzavier Dickson,Alabama,OLB,75.5,260,10.0,33.5,,4.74,19.0,29.5,100.0,4.53,7.56,
2015,Miles Dieffenbach,Penn State,OG,75.0,305,,,,5.29,,,,,,
2015,Jarrett Dieudonne,Wagner (NY),FS,73.0,190,,,,4.62,,,,,,
2015,Quandre Diggs,Texas,CB,69.13,196,9.63,29.63,,4.56,17.0,35.5,113.0,4.15,7.22,11.84
2015,Stefon Diggs,Maryland,WR,72.0,195,10.0,31.25,,4.46,,35.0,115.0,4.32,7.03,
2015,Reese Dismukes,Auburn,C,74.75,296,8.88,32.25,,5.31,23.0,27.5,107.0,4.7,8.14,
2015,Larry Dixon,Army,FB,70.0,237,,,,4.78,,,,,,
2015,Travell Dixon,Washington,CB,73.0,198,,,,4.52,,,,,,
2015,Michael Doctor,Oregon State,OLB,71.0,221,,,,4.64,,,,,,
2015,Andrew Donnal,Iowa,OT,77.88,313,10.0,33.5,,5.31,17.0,32.0,101.0,4.77,7.84,
2015,Sean Donnelly,Tulane (LA),OT,80.0,317,,,,5.47,,,,,,
2015,Matt Dooley,Indiana,LS,76.0,245,,,,5.08,,,,,,
2015,Phillip Dorsett,Miami (FL),WR,69.75,185,9.38,30.25,,4.33,13.0,37.0,122.0,4.11,6.7,
2015,Lorenzo Doss,Tulane (LA),CB,70.38,182,9.0,29.75,,4.5,9.0,33.5,115.0,4.26,7.2,11.9
2015,Jamil Douglas,Arizona State,OG,76.0,304,10.75,33.38,,5.25,28.0,29.0,99.0,4.75,7.99,
2015,Ray Drew,Georgia,DE,76.0,284,,,,4.81,,,,,,
2015,Kurtis Drummond,Michigan State,FS,72.63,208,10.38,32.25,,4.65,,39.5,119.0,4.33,7.09,12.03
2015,B.J. Dubose,Louisville,DE,76.0,284,9.75,33.0,,5.06,26.0,,,,,
2015,Quinton Dunbar,Florida,WR,73.0,195,,,,4.44,,,,,,
2015,Chris Dunkley,South Florida,CB,71.0,182,,,,4.46,,,,,,
2015,Alvin Dupree,Kentucky,DE,76.0,269,,,13.0,4.56,,42.0,138.0,,,
2015,Lemar Durant,Simon Fraser (Canada),WR,73.0,231,,,,4.59,,,,,,
2015,Dechane Durante,Northern Illinois,FS,74.0,194,,,,4.56,,,,,,
2015,Michael Dyer,Louisville,RB,68.5,218,9.5,30.63,,4.58,26.0,34.0,120.0,,,
2015,Andrew East,Vanderbilt,LS,74.0,239,,,,4.87,,,,,,
2015,Nick Easton,Harvard,C,74.0,307,,,,5.15,,,,,,
2015,Quinterrius Eatmon,South Florida,OT,77.0,313,,,,5.37,,,,,,
2015,Fabbians Ebbele,Arizona,OT,80.0,311,,,,5.29,,,,,,
2015,Steve Edmond,Texas,ILB,75.0,253,,,,4.84,,,,,,
2015,Jahwan Edwards,Ball State (IN),RB,69.5,220,8.88,31.63,,4.8,16.0,35.5,117.0,4.5,7.63,12.4
2015,Mario Edwards,Florida State,DE,74.63,279,10.88,33.25,,4.84,32.0,32.5,120.0,4.55,7.44,
2015,SaQwan Edwards,New Mexico,CB,73.0,200,,,,4.52,,,,,,
2015,Ifo Ekpre-Olomu,Oregon,CB,69.13,192,9.63,30.88,,4.52,,,,,,
2015,Kyle Emanuel,North Dakota State,OLB,75.25,255,9.38,31.0,,4.77,27.0,34.0,120.0,4.25,7.1,11.78
2015,Quinn Epperly,Princeton,QB,73.0,218,,,,4.89,,,,,,
2015,Zac Epping,Minnesota,OG,74.0,318,,,,5.48,,,,,,
2015,Cameron Erving,Florida State,C,77.5,313,10.38,34.13,,5.15,30.0,30.5,112.0,4.63,7.48,
2015,Durrell Eskridge,Syracuse,FS,74.88,208,,,,4.63,,31.0,117.0,4.26,7.09,
2015,Kaleb Eulls,Mississippi State,DT,75.0,305,,,,5.23,,,,,,
2015,Randall Evans,Kansas State,CB,73.0,190,,,,4.57,,,,,,
2015,Antoine Everett,McNeese State (LA),OG,74.0,328,,,,5.32,,,,,,
2015,Deshazor Everett,Texas A&M,CB,71.0,188,,,,4.49,,,,,,
2015,Tayo Fabuluje,Texas Christian,OG,78.38,353,9.88,34.0,,5.55,,29.5,,4.77,,
2015,Cody Fajardo,Nevada,QB,73.5,223,9.5,31.38,31.0,4.63,,32.5,118.0,4.1,6.95,
2015,Maurice Falls,East Carolina (NC),OLB,75.0,247,,,,4.67,,,,,,
2015,Ethan Farmer,North Carolina,DT,74.0,291,,,,5.04,,,,,,
2015,George Farmer,Southern California,WR,73.0,220,,,,4.38,,,,,,
2015,Tom Farniok,Iowa State,C,75.0,300,,,,5.27,,,,,,
2015,Cole Farrand,Maryland,ILB,75.0,244,,,,4.86,,,,,,
2015,Landon Feichter,Purdue,FS,73.0,192,,,,4.62,,,,,,
2015,Jon Feliciano,Miami (FL),OG,75.88,323,9.75,32.38,,5.33,,26.5,97.0,4.74,,
2015,Sam Ficken,Penn State,K,73.5,191,9.0,31.0,,5.06,,,,,,
2015,B.J. Finney,Kansas State,C,75.75,318,10.0,32.0,,5.25,20.0,24.0,99.0,4.76,,
2015,Jake Fisher,Oregon,OT,78.13,306,10.38,33.75,,5.01,25.0,32.5,,4.33,7.25,
2015,Daniel Fitzpatrick,Tennessee State,SS,73.0,206,,,,4.68,,,,,,
2015,Ereck Flowers,Miami (FL),OT,78.25,329,9.88,34.5,,5.31,37.0,,,,,
2015,Trey Flowers,Arkansas,DE,74.13,266,10.0,34.25,,4.93,28.0,36.5,121.0,4.4,7.34,12.03
2015,Terell Floyd,Louisville,CB,69.0,187,,,,4.57,,,,,,
2015,Dante Fowler,Florida,OLB,74.63,261,9.5,33.75,16.0,4.6,19.0,32.5,112.0,4.32,7.4,11.89
2015,Jalston Fowler,Alabama,FB,71.0,254,10.5,32.75,,4.94,23.0,33.5,114.0,4.4,7.56,
2015,Garrett Frye,Georgia Southern,OT,76.0,288,,,,5.08,,,,,,
2015,Alani Fua,Brigham Young,OLB,76.75,238,10.13,32.0,,4.73,18.0,34.5,118.0,4.15,6.83,11.54
2015,Clay Fuller,Baylor,WR,73.0,210,,,,4.55,,,,,,
2015,Devin Funchess,Michigan,WR,76.25,232,9.75,33.5,,4.7,17.0,38.5,122.0,,,
2015,Charles Gaines,Louisville,CB,69.88,180,8.75,31.38,,4.44,,34.5,123.0,4.2,7.07,
2015,Andy Gallik,Boston College,C,74.38,306,10.25,32.75,,5.5,29.0,27.0,96.0,4.58,7.66,
2015,Doniel Gambrell,Notre Dame,OT,77.0,306,,,,5.27,,,,,,
2015,Jacob Gannon,Iowa State,OT,78.0,315,,,,5.19,,,,,,
2015,Max Garcia,Florida,C,76.13,309,10.25,33.13,,5.24,,,,,,
2015,Devin Gardner,Michigan,WR,76.0,217,,,,4.62,,,,,,
2015,Charles Garrett,Nevada,CB,71.0,205,,,,4.58,,,,,,
2015,Keyarris Garrett,Tulsa (OK),WR,75.0,206,9.0,34.5,,4.64,14.0,36.5,128.0,4.33,7.3,11.72
2015,Clayton Geathers,Central Florida,SS,73.63,218,9.13,31.63,,4.55,22.0,37.0,120.0,4.27,7.21,12.57
2015,Laurence Gibson,Virginia Tech,OT,77.75,305,10.38,35.13,,5.04,24.0,33.5,113.0,4.56,7.72,
2015,Reggie Gilbert,Arizona,DE,75.0,261,,,,4.84,,,,,,
2015,Jacoby Glenn,Central Florida,CB,72.0,179,8.63,31.25,,4.64,,34.0,123.0,4.26,6.97,11.97
2015,Mark Glowinski,West Virginia,OG,76.38,307,9.75,33.13,,5.2,31.0,29.5,113.0,4.58,7.56,
2015,Stephen Godbolt,Webber International (FL),CB,70.0,176,,,,4.54,,,,,,
2015,Markus Golden,Missouri,OLB,74.38,260,10.5,31.13,,4.9,,,,,,
2015,Eddie Goldman,Florida State,DT,75.88,336,10.13,33.13,,5.28,,,,,,
2015,Senquez Golson,Mississippi,CB,68.63,176,9.38,29.75,,4.46,15.0,33.5,120.0,4.2,6.81,
2015,Antwan Goodley,Baylor,WR,70.25,209,9.25,30.75,,4.44,,,,,,
2015,Melvin Gordon,Wisconsin,RB,72.63,215,9.75,32.38,20.0,4.52,19.0,35.0,126.0,4.07,7.04,11.0
2015,Jabari Gorman,Florida,FS,70.0,184,,,,4.58,,,,,,
2015,Jourdon Grandon,Arizona,FS,70.0,183,,,,4.54,,,,,,
2015,Corey Grant,Auburn,RB,69.0,201,,,,4.28,,,,,,
2015,Curtis Grant,Ohio State,ILB,75.0,240,,,,4.73,,,,,,
2015,Doran Grant,Ohio State,CB,70.25,200,9.38,30.25,,4.44,21.0,33.0,116.0,4.33,,
2015,Hroniss Grasu,Oregon,C,75.0,297,10.25,32.13,28.0,5.12,,,,,,
2015,Garrett Grayson,Colorado State,QB,74.5,213,10.0,30.0,20.0,4.84,,,,,,
2015,Chaz Green,Florida,OT,76.63,314,10.88,33.38,,5.16,21.0,29.5,106.0,4.7,8.0,
2015,Christian Green,Florida State,WR,73.0,196,,,,4.54,,,,,,
2015,Dorial Green-Beckham,Missouri,WR,77.13,237,9.0,32.5,20.0,4.49,13.0,33.5,119.0,4.45,6.89,11.89
2015,Deontay Greenberry,Houston,WR,75.0,198,,,,4.64,,,,,,
2015,Rashad Greene,Florida State,WR,71.38,182,9.0,31.63,24.0,4.53,,36.5,122.0,4.12,6.88,
2015,Randy Gregory,Nebraska,DE,76.88,235,10.0,34.0,28.0,4.64,24.0,36.5,125.0,,,
2015,Geneo Grissom,Oklahoma,OLB,75.38,262,10.25,33.38,,4.81,20.0,37.0,117.0,4.38,7.24,12.44
2015,Prince-Tyson Gulley,Syracuse,RB,68.0,194,,,,4.63,,,,,,
2015,Ladarius Gunter,Miami (FL),CB,73.5,202,9.63,31.5,,4.69,12.0,33.5,108.0,4.41,7.18,12.44
2015,Todd Gurley,Georgia,RB,72.63,222,10.0,31.5,12.0,4.52,17.0,,,,,
2015,Steven Gurrola,Arizona,C,74.0,291,,,,5.27,,,,,,
2015,Obum Gwacham,Oregon State,DE,77.38,246,10.0,34.38,,4.72,22.0,36.0,121.0,4.28,7.28,
2015,Chris Hackett,Texas Christian,FS,72.25,195,9.88,31.5,,4.81,,32.0,110.0,4.2,7.12,12.14
2015,Jordan Haden,Toledo,FS,71.0,200,,,,4.53,,,,,,
2015,Bryce Hager,Baylor,ILB,72.75,234,9.0,31.38,,4.6,26.0,35.0,117.0,4.36,7.15,
2015,Jimmy Hall,Northwestern,OLB,73.0,228,,,,4.48,,,,,,
2015,Rannell Hall,Central Florida,WR,72.38,198,8.63,30.5,,4.6,16.0,41.0,132.0,4.15,6.86,
2015,Justin Halley,Florida International,FS,74.0,190,,,,4.56,,,,,,
2015,Connor Halliday,Washington State,QB,75.0,196,8.38,31.25,31.0,4.87,,,,,,
2015,Chad Hamilton,Coastal Carolina (SC),OG,74.0,292,9.38,34.0,,5.27,,,,,,
2015,Justin Hamilton,Louisiana-Lafayette,DT,74.0,315,,,,5.12,,,,,,
2015,Ray Hamilton,Iowa,TE,76.0,252,,,,4.78,,,,,,
2015,Connor Hamlett,Oregon State,TE,79.0,265,,,,4.82,,,,,,
2015,Kevin Haplea,Florida State,TE,75.0,247,,,,4.86,,,,,,
2015,Marcus Hardison,Arizona State,DT,75.13,307,10.38,33.5,,4.96,27.0,,,,,
2015,Justin Hardy,East Carolina (NC),WR,70.25,192,10.0,32.13,,4.56,11.0,36.5,114.0,4.21,6.63,
2015,Eli Harold,Virginia,OLB,75.13,247,9.38,33.0,,4.6,,35.0,123.0,4.16,7.07,11.81
2015,Sage Harold,James Madison (VA),OLB,75.0,242,,,,4.65,,,,,,
2015,Chris Harper,California,WR,71.0,176,,,,4.53,,,,,,
2015,Josh Harper,Frenso State (CA),WR,72.88,191,8.75,30.88,,4.64,13.0,32.0,108.0,4.36,7.15,12.26
2015,Rowdy Harper,Houston,OG,78.0,295,,,,5.29,,,,,,
2015,Alonzo Harris,Louisiana-Lafayette,RB,73.0,243,,,,4.56,,,,,,
2015,Anthony Harris,Virginia,SS,72.63,183,9.25,32.0,,4.57,,,,,,
2015,R.J. Harris,New Hampshire,WR,73.0,191,,,,4.68,,,,,,
2015,Trevor Harris,Houston,DE,77.0,233,,,,4.68,,,,,,
2015,Desmond Harrison,Texas,OT,80.0,318,,,,5.39,,,,,,
2015,Jarvis Harrison,Texas A&M,OG,76.13,330,9.75,33.5,,5.19,26.0,29.5,102.0,4.62,7.51,
2015,Bobby Hart,Florida State,OG,76.75,329,10.13,33.0,,5.46,,,,,,
2015,Dee Hart,Colorado State,RB,67.5,199,9.0,29.75,,4.8,,33.0,113.0,4.38,7.2,
2015,Terrell Hartsfield,Cincinnati,DE,74.0,245,,,,4.89,,,,,,
2015,Nick Harwell,Kansas,WR,71.0,193,,,,4.57,,,,,,
2015,Tajh Hasson,Nevada Las Vegas,CB,73.0,198,,,,4.48,,,,,,
2015,Micah Hatchie,Washington,OT,76.0,301,,,,5.28,,,,,,
2015,Rob Havenstein,Wisconsin,OT,79.38,321,9.88,33.75,,5.46,16.0,28.5,96.0,4.87,8.28,
2015,Quentin Hayes,Oklahoma,SS,73.0,190,,,,4.62,,,,,,
2015,Braylon Heard,Kentucky,RB,69.63,198,9.0,30.25,,4.63,19.0,30.5,116.0,4.4,7.19,
2015,Grant Hedrick,Boise State,QB,73.0,191,,,,4.76,,,,,,
2015,Ben Heeney,Kansas,ILB,72.25,231,9.0,30.75,,4.59,19.0,33.5,120.0,4.0,6.68,11.06
2015,Taylor Heinicke,Old Dominion (VA),QB,73.0,211,,,,4.76,,,,,,
2015,Brock Hekking,Nevada,OLB,75.0,250,,,,4.64,,,,,,
2015,David Helton,Duke,OLB,75.0,235,,,,4.85,,,,,,
2015,Greg Henderson,Colorado,CB,71.0,181,,,,4.53,,,,,,
2015,Matt Hermanson,Montana,FS,73.0,198,,,,4.62,,,,,,
2015,Amarlo Herrera,Georgia,ILB,72.63,244,9.63,32.75,,4.83,23.0,32.0,111.0,4.27,7.35,
2015,Warren Herring,Wisconsin,DT,74.0,287,,,,5.2,,,,,,
2015,Jeff Heuerman,Ohio State,TE,77.13,254,10.13,33.25,,4.8,26.0,,,,,
2015,Sean Hickey,Syracuse,OT,77.38,309,10.5,32.75,,5.14,35.0,,,,,
2015,Jordan Hicks,Texas,OLB,73.38,236,10.0,32.0,28.0,4.68,20.0,38.0,124.0,4.15,6.78,11.34
2015,Austin Hill,Arizona,WR,74.0,214,,,,4.59,,,,,,
2015,Joe Hill,Utah State,RB,70.0,183,,,,4.3,,,,,,
2015,Keshawn Hill,Sam Houston State (TX),RB,70.0,211,,,,4.59,,,,,,
2015,Nick Hill,Michigan State,RB,68.0,197,,,,4.4,,,,,,
2015,Troy Hill,Oregon,CB,70.0,182,8.75,29.5,,4.55,,32.5,120.0,4.21,6.81,11.77
2015,Kenny Hilliard,Louisiana State,RB,71.63,226,9.25,31.25,,4.83,,27.0,111.0,4.4,7.17,
2015,Matt Hoch,Missouri,DT,76.0,295,,,,5.1,,,,,,
2015,Zack Hodges,Harvard,OLB,74.5,250,9.88,34.25,,4.68,,33.5,125.0,4.65,,
2015,Gerod Holliman,Louisville,FS,71.75,218,9.5,32.0,,4.54,17.0,,,,,
2015,Desmond Hollin,Florida State,DT,75.0,285,,,,4.92,,,,,,
2015,Gabe Holmes,Purdue,TE,77.0,256,,,,4.78,,,,,,
2015,DreQuan Hoskey,Virginia,CB,73.0,180,,,,4.49,,,,,,
2015,Andrew Hudson,Washington,DE,74.0,250,,,,4.86,,,,,,
2015,Travis Hughes,North Carolina,OLB,74.0,225,,,,4.68,,,,,,
2015,Mike Hull,Penn State,OLB,71.88,237,9.38,30.5,,4.68,31.0,,,4.15,6.99,11.52
2015,D.J. Humphries,Florida,OT,77.0,307,10.0,33.63,12.0,5.12,26.0,31.0,104.0,4.64,7.87,
2015,Brett Hundley,UCLA,QB,75.25,226,10.5,32.13,26.0,4.63,,36.0,120.0,3.98,6.93,
2015,Akeem Hunt,Purdue,RB,69.0,189,,,,4.38,,,,,,
2015,Chucky Hunter,Texas Christian,DT,73.0,298,,,,5.12,,,,,,
2015,Danielle Hunter,Louisiana State,DE,77.13,252,10.5,34.25,,4.57,25.0,,,,,
2015,Martin Ifedi,Memphis,DE,75.13,275,10.0,33.88,,4.88,16.0,31.0,111.0,4.58,7.39,
2015,Jeremy Ioane,Boise State,SS,70.0,192,,,,4.59,,,,,,
2015,Joey Iosefa,Hawaii,FB,71.75,247,10.25,31.75,,5.02,30.0,31.5,110.0,4.33,7.24,
2015,Brandon Ivory,Alabama,DT,75.0,308,,,,5.38,,,,,,
2015,Tre Jackson,Florida State,OG,75.75,330,10.88,32.63,,5.52,,25.0,96.0,,,
2015,Tank Jakes,Memphis,OLB,70.0,218,,,,4.82,,,,,,
2015,Jesse James,Penn State,TE,79.0,261,9.38,33.0,,4.83,26.0,37.5,121.0,4.5,7.53,12.15
2015,Jordon James,UCLA,RB,68.0,194,,,,4.43,,,,,,
2015,Grady Jarrett,Clemson,DT,72.75,304,10.0,32.38,31.0,5.06,30.0,31.0,112.0,4.56,7.37,
2015,Kyshoen Jarrett,Virginia Tech,SS,69.88,200,9.75,31.0,,4.57,21.0,33.0,109.0,4.4,6.95,11.61
2015,Chris Jasperse,Marshall (WV),C,75.0,297,,,,5.38,,,,,,
2015,Anthony Jefferson,UCLA,SS,72.88,198,8.5,31.5,,4.72,15.0,33.5,116.0,4.15,7.18,
2015,Matt Joeckel,Texas Christian,QB,76.0,237,,,,4.95,,,,,,
2015,A.J. Johnson,Tennessee,ILB,74.0,242,,,,4.79,,,,,,
2015,Anthony Johnson,West Texas A&M,WR,73.0,194,10.38,33.0,,4.56,20.0,24.5,102.0,4.83,7.93,
2015,Antonio Johnson,North Texas,OT,77.0,310,,,,,,,,,,
2015,David Johnson,Northern Iowa,RB,72.63,224,9.63,31.25,,4.5,25.0,41.5,127.0,4.27,6.82,
2015,Duke Johnson,Miami (FL),RB,69.13,207,9.25,30.38,,4.54,,33.5,121.0,,,
2015,Gus Johnson,Stephen F. Austin (TX),RB,69.63,215,9.13,29.63,,4.7,26.0,36.5,120.0,4.13,7.09,11.76
2015,Isaiah Johnson,Georgia Tech,SS,73.0,213,,,,4.56,,,,,,
2015,Jabral Johnson,Oregon State,ILB,73.0,224,,,,4.84,,,,,,
2015,Jeremiah Johnson,Maryland,CB,71.0,195,,,,4.54,20.0,35.0,115.0,,,
2015,Kaleb Johnson,Rutgers,OG,76.0,303,,,,5.08,,,,,,
2015,Kevin Johnson,Wake Forest,CB,72.25,188,8.38,31.0,17.0,4.52,,41.5,130.0,3.89,6.79,12.19
2015,Malcolm Johnson,Mississippi State,FB,73.0,231,,,,4.76,,,,,,
2015,Vernon Johnson,Texas A&M-Commerce,WR,71.0,188,,,,4.47,,,,,,
2015,Will Johnson,Texas State,P,73.88,206,,,,5.02,,,,,,
2015,Byron Jones,Connecticut,CB,72.63,199,10.0,32.0,33.0,4.49,,44.5,147.0,3.94,6.78,10.98
2015,Chris Jones,Alabama,WR,70.13,182,9.0,32.75,,4.63,8.0,32.5,119.0,4.19,6.91,
2015,DeAndre Jones,Wyoming,CB,73.0,186,,,,4.54,,,,,,
2015,Matt Jones,Florida,RB,74.38,231,8.63,32.0,,4.61,20.0,31.5,112.0,4.2,,
2015,Taiwan Jones,Michigan State,ILB,74.63,245,10.0,34.0,,4.95,19.0,32.0,115.0,4.33,7.25,
2015,Tebucky Jones,Fordham (NY),WR,71.0,197,,,,4.53,,,,,,
2015,Terrence Jones,Troy (AL),OG,75.0,319,,,,5.5,,,,,,
2015,Tony Jones,Northwestern,WR,71.0,197,,,,4.42,,,,,,
2015,Terris Jones-Grigsby,Arizona,RB,67.0,198,,,,4.56,,,,,,
2015,Hunter Joyer,Florida,FB,71.0,232,,,,4.73,,,,,,
2015,Taylor Kelly,Arizona State,QB,74.0,198,,,,4.84,,,,,,
2015,Eric Kendricks,UCLA,ILB,72.25,232,9.63,31.0,14.0,4.61,19.0,38.0,124.0,,,
2015,Malcome Kennedy,Texas A&M,WR,71.0,207,,,,4.57,,,,,,
2015,Hau'oli Kikaha,Washington,OLB,74.38,253,9.63,32.5,29.0,4.74,,,,,,
2015,Darius Kilgo,Maryland,DT,76.0,320,,,,5.34,,,,,,
2015,Nigel King,Kansas,WR,74.0,213,,,,4.57,,,,,,
2015,Marvin Kloss,South Florida,K,71.0,196,,,,4.94,,,,,,
2015,Daniel Koenig,Oklahoma State,OT,78.0,300,,,,5.3,,,,,,
2015,Arie Kouandjio,Alabama,OG,76.75,310,10.88,34.13,,5.43,,,,,,
2015,Ben Koyack,Notre Dame,TE,76.88,255,10.75,32.63,,4.77,,,,,,
2015,Tyler Kroft,Rutgers,TE,77.5,246,9.63,33.0,32.0,4.69,17.0,,,,,
2015,Jake Kumerow,Wisconsin-Whitewater,WR,77.0,209,,,,4.54,,,,,,
2015,Josh Lambo,Texas A&M,K,72.25,216,9.0,29.5,,5.16,,,,,,
2015,Kendall Lamm,Appalachian State (NC),OT,77.0,303,,,,5.22,,,,,,
2015,Marlin Lane,Tennessee,RB,71.0,210,,,,4.59,,,,,,
2015,Jeremy Langford,Michigan State,RB,71.63,208,8.75,31.5,,4.42,,34.5,118.0,4.32,7.22,
2015,B.J. Larsen,Utah State,DE,77.0,271,,,,4.96,,,,,,
2015,Paul Lasike,Brigham Young,FB,70.0,257,,,,4.73,,,,,,
2015,Zach Laskey,Georgia Tech,FB,73.0,218,,,,4.76,,,,,,
2015,Khari Lee,Bowie State (MD),TE,76.0,267,,,,4.85,,,,,,
2015,Qushaun Lee,Arkansas State,ILB,71.0,225,,,,4.78,,,,,,
2015,Eric Lefeld,Cincinnati,OT,78.0,310,,,,5.22,,,,,,
2015,Cyril Lemon,North Texas,OG,75.0,317,,,,5.34,,,,,,
2015,Matt Lengel,Eastern Kentucky,TE,79.0,265,,,,4.79,,,,,,
2015,Dallas Lewallen,Wisconsin,OG,78.0,322,,,,5.32,,,,,,
2015,Dez Lewis,Central Arkansas,WR,75.75,214,,,,4.58,16.0,33.5,119.0,4.28,7.11,
2015,Jameon Lewis,Mississippi State,WR,68.0,184,,,,4.57,,,,,,
2015,RobDonovan Lewis,Louisiana-Monroe,CB,70.0,188,,,,4.59,,,,,,
2015,LeVander Liggins,Louisiana Tech,CB,70.0,191,,,,4.49,,,,,,
2015,Tony Lippett,Michigan State,WR,74.5,192,9.88,32.75,,4.61,10.0,36.0,114.0,4.13,6.92,11.44
2015,Tyler Lockett,Kansas State,WR,69.88,182,8.38,30.0,,4.4,,35.5,121.0,4.07,6.89,11.14
2015,Deon Long,Maryland,WR,71.63,192,9.5,31.0,,4.51,12.0,34.0,120.0,4.27,6.98,
2015,Ty Long,Alabama-Birmingham,K,73.0,206,,,,4.87,,,,,,
2015,Kyle Loomis,Portland State (OR),P,73.63,221,9.88,32.25,,5.08,,,,,,
2015,Tyler Loos,Northern Illinois,OT,77.0,302,,,,5.35,,,,,,
2015,Derrick Lott,Tennessee-Chattanooga,DT,76.0,314,9.13,33.63,,4.99,30.0,26.5,106.0,4.44,7.3,
2015,Jerry Lovelocke,Prairie View A&M,QB,76.5,248,10.5,34.25,,4.99,,31.5,113.0,4.51,7.3,
2015,John Lowdermilk,Iowa,SS,73.0,210,,,,4.58,,,,,,
2015,Keanon Lowe,Oregon,WR,69.0,186,,,,4.46,,,,,,
2015,Jeff Luc,Cincinnati,ILB,73.0,263,,,,4.83,,,,,,
2015,Tello Luckett,Harding (AR),WR,71.75,211,,,,4.65,17.0,34.0,118.0,4.5,7.51,
2015,Blake Lueders,Stanford,DE,77.0,260,,,,4.89,,,,,,
2015,Cameron Lynch,Syracuse,OLB,71.0,227,,,,4.75,,,,,,
2015,D.J. Lynch,Bowling Green (OH),ILB,73.0,249,,,,4.77,,,,,,
2015,Caushaud Lyons,Tusculum (TN),DE,76.0,285,,,,4.96,,,,,,
2015,Terrence Magee,Louisiana State,RB,68.5,213,9.0,30.0,,4.57,22.0,37.0,115.0,4.37,7.52,
2015,Craig Mager,Texas State,CB,71.5,201,9.25,29.75,,4.44,17.0,38.0,130.0,4.07,6.83,11.35
2015,Devin Mahina,Brigham Young,TE,78.0,256,,,,4.83,,,,,,
2015,Marcus Mallett,Texas Christian,ILB,73.0,227,,,,4.62,,,,,,
2015,Derrick Malone,Oregon,OLB,74.0,220,,,,4.68,,,,,,
2015,Greg Mancz,Toledo,C,76.0,301,10.0,,,5.08,,,,,,
2015,Cole Manhart,Nebraska-Kearney,OG,75.0,305,,,,5.38,,,,,,
2015,Andrew Manley,Eastern Illinois,QB,75.0,225,,,,4.9,,,,,,
2015,Sean Mannion,Oregon State,QB,77.63,229,9.0,33.5,40.0,5.14,,31.0,105.0,4.39,7.29,
2015,Justin Manton,Louisiana-Monroe,K,74.75,196,,,,4.93,,,,,,
2015,Marcus Mariota,Oregon,QB,75.75,222,9.88,32.0,,4.52,,36.0,121.0,4.11,6.87,
2015,Venric Mark,West Texas A&M,RB,67.0,175,,,,4.38,,,,,,
2015,Dean Marlowe,James Madison (VA),FS,73.5,203,8.75,31.0,,4.58,16.0,33.5,114.0,4.18,7.0,11.53
2015,Ali Marpet,Hobart & William Smith (NY),OG,75.88,307,10.0,33.38,33.0,4.98,30.0,30.5,108.0,4.47,7.33,
2015,Nick Marshall,Auburn,CB,73.5,207,9.25,32.13,,4.54,12.0,37.5,124.0,4.15,6.96,
2015,Gabe Martin,Bowling Green (OH),OLB,74.0,234,,,,4.65,,,,,,
2015,Ronald Martin,Louisiana State,SS,73.0,217,,,,4.59,,,,,,
2015,Kevonte Martin-Manley,Iowa,WR,73.0,205,,,,4.56,,,,,,
2015,Hutson Mason,Georgia,QB,74.0,207,,,,4.79,,,,,,
2015,Shaquille Mason,Georgia Tech,C,74.0,310,,,,5.27,,,,,,
2015,Dior Mathis,Oregon,CB,68.0,175,,,,4.49,,,,,,
2015,Josue Matias,Florida State,OG,77.5,309,10.0,33.13,,5.52,,17.5,84.0,5.12,8.19,
2015,Lorenzo Mauldin,Louisville,OLB,75.63,259,9.88,33.0,,4.85,23.0,32.0,112.0,4.58,7.47,
2015,Vince Mayle,Washington State,WR,74.0,224,9.0,31.75,,4.67,,35.5,117.0,4.13,6.93,
2015,David Mayo,Texas State,ILB,73.0,242,,,,4.83,,,,,,
2015,Joey Mbu,Houston,DT,74.88,313,9.25,35.0,,5.54,,22.5,97.0,5.01,8.2,
2015,Tre McBride,William & Mary (VA),WR,72.25,210,9.0,32.13,,4.41,16.0,38.0,122.0,4.08,6.96,11.7
2015,Bobby McCain,Memphis,CB,69.5,195,9.0,30.5,,4.51,17.0,36.0,130.0,3.82,6.8,11.22
2015,Ellis McCarthy,UCLA,DT,76.63,338,9.88,34.13,,5.21,24.0,32.0,109.0,5.07,8.16,
2015,Justin McCay,Kansas,WR,74.0,210,,,,4.54,,,,,,
2015,Lyle McCombs,Rhode Island,RB,68.0,171,,,,4.57,,,,,,
2015,Shane McDermott,Miami (FL),C,76.0,302,,,,5.21,,,,,,
2015,Dexter McDonald,Kansas,CB,73.0,203,,,,4.57,,,,,,
2015,Tevin McDonald,Eastern Washington,FS,71.38,195,9.0,29.75,,4.63,19.0,33.0,112.0,4.26,7.01,11.77
2015,Mike McFarland,South Florida,TE,77.0,260,,,,4.82,,,,,,
2015,Benardrick McKinney,Mississippi State,ILB,76.13,246,9.0,33.0,14.0,4.66,16.0,40.5,121.0,4.27,7.21,
2015,Connor McLaurin,South Carolina,FB,71.0,243,,,,4.85,,,,,,
2015,Karl Mickelsen,Frenso State (CA),ILB,73.0,234,,,,4.83,,,,,,
2015,Brian Mihalik,Boston College,DE,81.0,288,,,,4.96,,,,,,
2015,Darrian Miller,Kentucky,OT,76.88,307,9.75,33.0,,5.51,,25.0,97.0,4.87,7.91,
2015,John Miller,Louisville,OG,74.5,303,10.25,33.25,14.0,5.33,29.0,27.0,104.0,4.75,8.2,
2015,Matt Miller,Boise State,WR,75.0,220,,,,4.79,,,,,,
2015,Patrick Miller,Auburn,OT,79.0,292,,,,5.18,,,,,,
2015,Steve Miller,Ohio State,DE,75.0,255,,,,4.81,,,,,,
2015,Matt Milton,Louisville,WR,77.0,205,,,,4.62,,,,,,
2015,Jonathon Mincy,Auburn,CB,70.0,191,,,,4.55,,,,,,
2015,Tevin Mitchel,Arkansas,CB,73.0,183,,,,4.52,,,,,,
2015,Braylon Mitchell,Arkansas,OLB,73.0,226,,,,4.76,,,,,,
2015,Nick Montana,Tulane (LA),QB,73.0,207,,,,4.84,,,,,,
2015,Ty Montgomery,Stanford,WR,71.88,221,10.13,31.0,,4.55,,40.5,121.0,4.21,6.97,11.57
2015,Corey Moore,Georgia,SS,74.0,206,,,,4.53,,,,,,
2015,Kendall Moore,Notre Dame,ILB,73.0,242,,,,4.65,,,,,,
2015,Tyler Moore,Florida,OG,77.0,325,,,,5.18,,,,,,
2015,Max Morgan,Colorado State,ILB,73.0,231,,,,4.79,,,,,,
2015,Cory Morrissey,Iowa State,DE,76.0,260,,,,4.86,,,,,,
2015,Mitch Morse,Missouri,OG,77.38,305,9.25,32.25,29.0,5.14,36.0,31.0,112.0,4.5,7.6,
2015,Raheem Mostert,Purdue,RB,71.0,190,,,,4.34,,,,,,
2015,Deiontrez Mount,Louisville,DE,77.0,243,,,,4.84,,,,,,
2015,Ryan Mueller,Kansas State,DE,74.0,248,,,,4.84,,,,,,
2015,Keith Mumphery,Michigan State,WR,71.63,215,9.13,31.13,,4.54,,32.5,121.0,4.25,7.07,
2015,Jimmay Mundine,Kansas,FB,73.0,237,,,,4.66,,,,,,
2015,Marcus Murphy,Missouri,RB,68.0,193,8.63,31.0,,4.61,11.0,29.0,109.0,4.4,,
2015,Ryan Murphy,Oregon State,FS,73.0,209,,,,4.59,,,,,,
2015,Tyler Murphy,Boston College,QB,73.0,210,,,,4.78,,,,,,
2015,Mark Myers,John Carroll (OH),QB,76.0,220,,,,4.92,,,,,,
2015,Robert Myers,Tennessee State,OG,76.75,326,9.5,33.75,,5.44,,27.5,94.0,4.91,8.1,
2015,Chuka Ndulue,Oklahoma,DT,73.0,288,,,,4.91,,,,,,
2015,Quayshawn Nealy,Georgia Tech,ILB,73.0,237,,,,4.82,,,,,,
2015,Conner Neighbors,Louisiana State,FB,70.0,242,,,,4.72,,,,,,
2015,Chase Nelson,Toledo,OT,80.0,335,,,,5.26,,,,,,
2015,DeMarieya Nelson,Arizona State,FB,74.0,235,,,,4.76,,,,,,
2015,J.J. Nelson,Alabama-Birmingham,WR,70.25,156,8.25,31.13,,4.28,,36.0,127.0,4.15,7.02,11.89
2015,Steven Nelson,Oregon State,CB,70.13,197,9.25,30.63,,4.49,19.0,34.5,115.0,4.07,6.88,11.52
2015,Merrill Noel,Wake Forest,CB,67.0,174,,,,4.53,,,,,,
2015,Art Norman,North Carolina State,DE,73.0,252,,,,4.79,,,,,,
2015,Cheatham Norrils,Toledo,CB,73.0,195,,,,4.62,,,,,,
2015,Levi Norwood,Baylor,WR,73.0,193,,,,4.52,,,,,,
2015,Gary Nova,Rutgers,QB,73.0,222,,,,4.63,,,,,,
2015,Rakeem Nunez-Roches,Southern Mississippi,DT,74.25,307,10.13,32.63,,5.02,26.0,34.0,114.0,4.69,7.67,
2015,Cameron Nwosu,Southern Methodist (TX),ILB,70.0,240,,,,4.76,,,,,,
2015,Mark Nzeocha,Wyoming,OLB,74.38,232,10.0,33.0,,4.56,24.0,,,,,
2015,Nick O'Leary,Florida State,TE,75.25,252,9.38,29.75,,4.93,21.0,30.5,110.0,4.5,7.4,12.4
2015,Michael Odiari,Texas State,OLB,73.0,245,,,,4.78,,,,,,
2015,Owamagbe Odighizuwa,UCLA,DE,75.5,267,11.0,33.75,,4.62,25.0,39.0,127.0,4.19,7.36,11.75
2015,Cedric Ogbuehi,Texas A&M,OT,77.25,306,10.0,35.88,23.0,4.98,23.0,,,,,
2015,C.J. Olaniyan,Penn State,OLB,75.0,250,,,,4.82,,,,,,
2015,Efrem Oliphant,Houston,OLB,73.0,230,,,,4.76,,,,,,
2015,Darragh ONeill,Colorado,P,73.0,187,,,,4.89,,,,,,
2015,Michael Orakpo,Texas State,OLB,73.0,226,,,,4.59,,,,,,
2015,Nate Orchard,Utah,DE,75.25,250,10.13,33.75,21.0,4.8,,31.5,115.0,4.43,7.28,12.06
2015,Leon Orr,Florida,DT,76.88,323,9.38,34.13,,5.16,,28.0,100.0,4.9,8.26,
2015,James OShaughnessy,Illinois State,TE,76.0,245,,,,4.69,,,,,,
2015,Norkeithus Otis,North Carolina,OLB,74.0,234,,,,4.73,,,,,,
2015,LaDarius Owens,Auburn,DE,73.0,236,,,,4.92,,,,,,
2015,Reggie Owens,Old Dominion (VA),CB,73.0,189,,,,,,,,,,
2015,Trevor Pardula,Kansas,P,76.38,227,9.5,32.63,,5.12,,,,,,
2015,Brian Parker,Albany (NY),TE,76.0,265,,,,4.72,,,,,,
2015,DeVante Parker,Louisville,WR,74.63,209,9.25,33.25,15.0,4.45,17.0,36.5,125.0,,,
2015,Juda Parker,Colorado,DE,74.0,270,,,,,,,,,,
2015,Kevin Parks,Virginia,RB,66.0,201,,,,4.53,,,,,,
2015,Damian Parms,Florida Atlantic,SS,73.0,206,,,,4.59,,,,,,
2015,David Parry,Stanford,DT,73.25,308,9.88,31.0,,5.38,34.0,29.0,103.0,,,
2015,Andrus Peat,Stanford,OT,78.88,313,10.63,34.38,,5.18,,31.0,105.0,4.62,8.01,
2015,Breshad Perriman,Central Florida,WR,74.0,212,9.25,32.0,,4.52,,,,,,
2015,Nick Perry,Alabama,FS,73.0,205,9.5,33.0,,4.63,35.0,38.5,124.0,4.66,7.25,
2015,Denzel Perryman,Miami (FL),ILB,70.75,236,9.5,31.88,17.0,4.78,27.0,32.0,113.0,,,
2015,Garry Peters,Clemson,CB,71.75,191,10.0,31.5,,4.61,7.0,32.5,119.0,4.0,6.8,11.1
2015,Marcus Peters,Washington,CB,71.63,197,8.38,31.5,13.0,4.53,17.0,37.5,121.0,4.08,7.08,11.26
2015,David Peterson,San Jose State,C,75.0,295,,,,5.32,,,,,,
2015,Bryce Petty,Baylor,QB,74.88,230,10.0,31.88,31.0,4.87,,34.0,121.0,4.13,6.91,
2015,Andy Phillips,Central Michigan,OG,75.0,306,,,,5.28,,,,,,
2015,Jordan Phillips,Oklahoma,DT,77.25,329,9.38,34.75,,5.17,28.0,30.0,105.0,4.68,7.88,
2015,Shakim Phillips,Boston College,WR,74.0,206,,,,4.42,,,,,,
2015,Darius Philon,Arkansas,DT,73.38,298,9.5,32.38,,5.0,26.0,31.0,107.0,,8.0,
2015,Casey Pierce,Kent State (OH),TE,75.0,244,,,,4.78,,,,,,
2015,Olsen Pierre,Miami (FL),DT,75.0,300,,,,5.23,,,,,,
2015,Bradley Pinion,Clemson,P,77.0,229,10.13,32.25,,5.18,,,,,,
2015,Terrell Pinson,Louisiana Tech,SS,74.0,210,,,,4.65,,,,,,
2015,Terrance Plummer,Central Florida,ILB,71.0,235,,,,4.93,,,,,,
2015,Kalafitoni Pole,Washington State,DT,73.0,304,,,,5.08,,,,,,
2015,Terry Poole,San Diego State,OT,76.75,307,9.5,33.25,,5.09,25.0,31.0,113.0,4.66,7.9,
2015,Elliott Porter,Louisiana State,C,76.0,298,,,,5.16,,,,,,
2015,Jeremiah Poutasi,Utah,OG,77.13,335,9.5,33.88,,5.32,26.0,26.5,95.0,4.89,8.09,
2015,Kyle Prater,Northwestern,WR,77.0,228,,,,4.58,,,,,,
2015,Cody Prewitt,Mississippi,FS,74.0,208,9.13,32.63,,4.6,11.0,35.0,125.0,4.23,7.12,11.44
2015,Angelo Pruitt,Connecticut,DE,74.0,287,,,,4.93,,,,,,
2015,MyCole Pruitt,Southern Illinois,TE,74.25,251,10.25,33.5,,4.58,17.0,38.0,118.0,4.37,7.25,11.85
2015,Sonny Puletasi,Wyoming,DE,75.0,251,,,,4.87,,,,,,
2015,Hayes Pullard,Southern California,ILB,72.5,240,9.63,31.25,,4.78,19.0,31.0,110.0,4.39,7.07,
2015,Daniel Quave,Louisiana-Lafayette,OG,75.0,324,,,,5.43,,,,,,
2015,Travis Raciti,San Jose State,DT,76.0,288,,,,5.11,,,,,,
2015,Damarious Randall,Arizona State,FS,70.88,196,8.63,30.25,18.0,4.46,14.0,38.0,120.0,4.07,6.83,
2015,Jermauria Rasco,Louisiana State,DE,75.0,259,,,,4.84,,,,,,
2015,Floyd Raven,Texas A&M,FS,73.0,202,,,,4.49,,,,,,
2015,Thomas Rawls,Central Michigan,RB,69.0,215,9.5,30.75,,4.65,15.0,35.5,116.0,,,
2015,Shane Ray,Missouri,DE,74.63,245,9.0,33.13,20.0,4.65,21.0,,,,,
2015,Cedric Reed,Texas,DE,77.25,269,9.75,33.38,,4.89,22.0,,,,,
2015,Mike Reilly,William & Mary (VA),DE,76.0,265,,,,4.82,,30.5,109.0,4.11,6.76,
2015,Mike Replogle,Indiana,FB,73.0,245,,,,4.89,,,,,,
2015,Ben Rhyne,Stanford,P,74.0,203,,,,4.97,,,,,,
2015,Addison Richards,Regina (Canada),WR,76.0,209,,,,4.67,,,,,,
2015,Jordan Richards,Stanford,SS,70.75,211,9.38,32.5,,4.65,13.0,32.0,111.0,4.22,6.74,11.38
2015,Bobby Richardson,Indiana,DT,74.63,283,11.0,34.63,,5.16,,32.5,106.0,4.41,7.57,
2015,LeBrandon Richardson,Bethune-Cookman (FL),OLB,73.0,255,,,,4.73,,,,,,
2015,Nick Richardson,Abilene Christian (TX),OLB,73.0,242,,,,4.81,,,,,,
2015,Shaquille Riddick,West Virginia,DE,78.0,236,,,,4.82,,,,,,
2015,Cody Riggs,Notre Dame,CB,69.0,186,,,,4.56,,,,,,
2015,Curtis Riley,Frenso State (CA),CB,73.0,190,,,,4.52,,,,,,
2015,Aaron Ripkowski,Oklahoma,FB,73.0,255,,,,4.89,,,,,,
2015,Ben Riva,Washington,OT,78.0,313,,,,5.12,,,,,,
2015,Jared Roberts,Colorado State,K,73.0,210,9.0,30.13,,5.02,,,,,,
2015,Kyle Roberts,Nevada,OT,77.0,311,,,,5.27,,,,,,
2015,Corey Robinson,South Carolina,OT,78.63,324,10.75,35.63,40.0,5.33,28.0,,,,,
2015,Edmond Robinson,Newberry (SC),OLB,74.63,245,10.25,34.0,,4.61,20.0,37.0,121.0,4.38,7.49,11.81
2015,Jamal Robinson,Louisiana-Lafayette,WR,75.0,205,,,,4.57,,,,,,
2015,Josh Robinson,Mississippi State,RB,67.88,217,10.13,29.75,,4.7,21.0,32.0,113.0,,,
2015,Matt Robinson,Maryland,OLB,75.0,240,,,,4.78,,,,,,
2015,Jake Rodgers,Eastern Washington,OT,77.0,315,,,,5.24,,,,,,
2015,Kevin Rodgers,Henderson State (AR),QB,74.0,201,,,,5.12,,,,,,
2015,Quinten Rollins,Miami (OH),CB,71.13,195,9.0,30.25,,4.57,14.0,36.5,122.0,4.28,7.1,11.53
2015,Spencer Roth,Baylor,P,76.0,227,,,,5.06,,,,,,
2015,Matt Rotheram,Pittsburgh,OG,77.0,339,,,,5.53,,,,,,
2015,James Rouse,Marshall (WV),DE,77.0,277,,,,4.89,,,,,,
2015,Eric Rowe,Utah,CB,72.75,205,9.5,31.5,23.0,4.45,19.0,39.0,125.0,3.97,6.7,11.48
2015,Ezell Ruffin,San Diego State,WR,71.63,218,8.75,31.13,,4.68,17.0,27.5,110.0,4.58,7.35,12.59
2015,Dominic Rufran,Wyoming,WR,73.0,188,,,,4.55,,,,,,
2015,Jack Rummells,Northern Iowa,OT,77.0,300,,,,5.19,,,,,,
2015,Marcus Rush,Michigan State,OLB,74.0,243,,,,4.72,,,,,,
2015,Ryan Russell,Purdue,DE,76.25,269,10.25,33.38,,4.75,25.0,32.5,119.0,4.47,7.25,12.26
2015,Tyreese Russell,Eastern Michigan,TE,75.0,238,,,,4.77,,,,,,
2015,Jake Ryan,Michigan,OLB,74.38,240,9.38,31.0,22.0,4.65,20.0,34.5,120.0,4.2,7.11,11.65
2015,Mike Sadler,Michigan State,P,71.0,182,,,,4.86,,,,,,
2015,Garrett Safron,Sacramento State (CA),QB,73.0,200,,,,4.76,,,,,,
2015,Junior Salt,Utah,OG,74.0,331,,,,5.24,,,,,,
2015,Ty Sambrailo,Colorado State,OT,77.88,311,10.0,33.0,,5.36,23.0,29.0,97.0,4.58,7.54,
2015,James Sample,Louisville,SS,74.13,209,9.5,32.0,12.0,4.56,,32.5,123.0,,7.04,
2015,Stephon Sanders,Southern Methodist (TX),OLB,74.0,251,,,,4.78,,,,,,
2015,Bud Sasser,Missouri,WR,74.0,210,,,,4.62,,,,,,
2015,DeAnte Saunders,Tennessee State,CB,69.0,185,,,,4.5,,,,,,
2015,Wes Saxton,South Alabama,TE,75.38,248,9.63,32.0,,4.65,,36.0,119.0,4.49,7.29,12.52
2015,Brandon Scherff,Iowa,OT,76.63,319,11.0,33.38,,5.05,23.0,,,,,
2015,Ross Scheuerman,Lafayette (PA),WR,71.88,204,8.75,30.0,,4.62,15.0,33.0,121.0,4.11,7.08,11.4
2015,Jesse Schmitt,Purdue,LS,74.0,245,,,,5.12,,,,,,
2015,Dawon Scott,Miami (OH),WR,71.0,194,,,,4.54,,,,,,
2015,Tim Scott,North Carolina,FS,71.0,189,,,,4.53,,,,,,
2015,Jesse Scroggins,Arizona,QB,75.0,208,,,,4.79,,,,,,
2015,Cassius Sendish,Kansas,FS,71.0,196,,,,4.53,,,,,,
2015,Al-Hajj Shabazz,West Chester (PA),CB,71.0,202,,,,4.57,,,,,,
2015,Faysal Shafaat,Tennessee-Chattanooga,TE,75.0,243,,,,4.78,,,,,,
2015,Josh Shaw,Southern California,CB,72.5,201,9.0,30.75,,4.44,26.0,37.5,130.0,4.12,7.01,11.65
2015,Adam Shead,Oklahoma,OG,75.63,338,10.38,33.75,,5.74,26.0,,,,,
2015,Danny Shelton,Washington,DT,74.13,339,10.25,32.0,23.0,5.64,34.0,30.5,95.0,4.65,7.99,
2015,Austin Shepherd,Alabama,OT,76.38,315,10.0,32.88,,5.39,17.0,29.0,94.0,4.7,8.04,
2015,JaCorey Shepherd,Kansas,CB,70.88,199,8.63,30.63,,4.54,14.0,,,,,
2015,Jaxon Shipley,Texas,WR,73.0,193,,,,4.54,,,,,,
2015,Max Shortell,Jacksonville State (AL),QB,77.0,240,,,,5.04,,,,,,
2015,Jameill Showers,Texas-El Paso,QB,73.0,231,,,,4.76,,,,,,
2015,Tommy Shuler,Marshall (WV),WR,67.0,188,,,,4.68,,,,,,
2015,Trevor Siemian,Northwestern,QB,75.0,210,,,,4.94,,,,,,
2015,Jean Sifrin,Massachusetts,TE,77.25,245,11.0,33.38,,4.84,,33.0,114.0,4.6,7.5,12.25
2015,Ian Silberman,Boston College,OT,77.0,299,,,,5.17,,,,,,
2015,Deon Simon,Northwestern State (LA),DT,76.38,321,10.5,33.0,,5.12,35.0,29.5,105.0,4.76,7.92,
2015,Blake Sims,Alabama,QB,71.5,218,9.0,31.5,,4.57,,30.5,115.0,,,
2015,Robert Singletary,Texas-San Antonio,DE,74.0,250,,,,4.86,,,,,,
2015,DeAndre Smelter,Georgia Tech,WR,74.13,226,11.0,32.63,,4.58,,,,,,
2015,Derron Smith,Frenso State (CA),FS,70.0,200,9.0,29.75,,4.52,,,,,,
2015,Devin Smith,Ohio State,WR,72.38,196,9.0,31.0,,4.42,10.0,39.0,122.0,4.15,,
2015,DJoun Smith,Florida Atlantic,CB,70.0,187,8.13,30.38,,4.45,18.0,36.0,124.0,4.26,6.96,11.8
2015,Donovan Smith,Penn State,OT,77.63,338,10.63,34.38,,5.27,26.0,32.0,109.0,4.79,7.95,
2015,Dreamius Smith,West Virginia,RB,71.0,217,,,,4.59,,,,,,
2015,Jake Smith,Louisville,C,75.0,309,,,,5.32,,,,,,
2015,Preston Smith,Mississippi State,DE,76.88,271,10.63,34.0,,4.74,24.0,34.0,121.0,4.28,7.07,11.7
2015,Tye Smith,Towson (MD),CB,72.13,195,8.75,32.0,,4.6,15.0,36.5,124.0,3.96,6.97,
2015,Za'Darius Smith,Kentucky,DE,76.5,274,10.0,32.63,,4.83,23.0,29.0,113.0,4.66,7.42,12.65
2015,Kristjan Sokoli,Buffalo,DT,77.0,290,,,,4.86,,,,,,
2015,Martrell Spaight,Arkansas,OLB,71.88,236,9.13,32.75,,4.88,25.0,35.0,120.0,,7.66,
2015,Quinton Spain,West Virginia,OG,76.0,332,,,,5.36,,,,,,
2015,Evan Spencer,Ohio State,WR,74.0,208,,,,4.54,,,,,,
2015,Neal Sterling,Monmouth (NJ),WR,75.0,238,,,,4.63,,,,,,
2015,Hamani Stevens,Oregon,OG,75.0,307,,,,5.42,,,,,,
2015,Tony Steward,Clemson,OLB,73.0,230,,,,4.67,,,,,,
2015,Cole Stoudt,Clemson,QB,76.0,218,,,,4.86,,,,,,
2015,Jaelen Strong,Arizona State,WR,74.38,217,9.0,32.5,22.0,4.44,,42.0,123.0,,,
2015,Tacoi Sumler,Appalachian State (NC),WR,68.0,175,,,,4.42,,,,,,
2015,J.T. Surratt,South Carolina,DT,73.0,304,10.13,32.0,,5.19,29.0,30.0,106.0,4.71,7.78,
2015,Damian Swann,Georgia,CB,72.0,189,8.88,31.0,,4.5,,33.0,118.0,,,
2015,Junior Sylvestre,Toledo,OLB,73.0,233,,,,4.58,,,,,,
2015,A.J. Tarpley,Stanford,ILB,73.0,233,,,,4.84,,,,,,
2015,Jaquiski Tartt,Samford (AL),SS,73.0,221,9.88,32.38,,4.53,,,124.0,,,
2015,J.R. Tavai,Southern California,OLB,73.75,249,9.13,31.5,,4.91,20.0,30.5,112.0,,,
2015,Jordan Taylor,Rice (TX),WR,76.0,204,,,,4.54,,,,,,
2015,Michael Taylor,Florida,ILB,71.0,227,,,,4.78,,,,,,
2015,Raymon Taylor,Michigan,CB,70.0,182,,,,4.49,,,,,,
2015,Thomas Teal,North Carolina State,DT,73.0,308,,,,5.08,,,,,,
2015,Randall Telfer,Southern California,TE,75.75,250,9.63,33.5,,4.77,20.0,,,,,
2015,Jared Tevis,Arizona,SS,70.0,195,,,,4.58,,,,,,
2015,Robenson Therezie,Auburn,SS,70.0,205,,,,4.38,,,,,,
2015,Cam Thomas,Western Kentucky,CB,73.0,195,,,,4.53,,,,,,
2015,Pete Thomas,Louisiana-Monroe,QB,77.0,232,,,,5.06,,,,,,
2015,Cedric Thompson,Minnesota,FS,71.0,205,,,,4.47,,,,,,
2015,Dylan Thompson,South Carolina,QB,74.0,223,,,,4.83,,,,,,
2015,Shaq Thompson,Washington,OLB,72.13,228,9.5,33.0,,4.64,,33.5,117.0,4.08,6.99,11.78
2015,Tyrus Thompson,Oklahoma,OT,76.88,324,10.25,34.88,,5.16,29.0,29.0,97.0,4.92,,
2015,John Timu,Washington,ILB,73.0,241,,,,4.83,,,,,,
2015,Eric Tomlinson,Texas-El Paso,TE,77.63,263,10.0,32.88,,4.98,19.0,30.5,110.0,4.54,7.46,12.41
2015,Laken Tomlinson,Duke,OG,75.0,323,10.13,33.63,23.0,5.33,25.0,31.5,103.0,4.87,8.17,
2015,Westlee Tonga,Utah,TE,75.0,240,,,,4.84,,,,,,
2015,Joe Townsend,Vanderbilt,C,75.0,308,,,,5.28,,,,,,
2015,Lynden Trail,Norfolk State (VA),DE,78.63,269,10.5,34.88,,4.91,24.0,32.5,117.0,4.48,7.32,12.56
2015,Joseph Treadwell,Louisiana-Monroe,OT,77.0,324,,,,5.65,,,,,,
2015,Louis Trinca-Pasat,Iowa,DT,73.0,290,10.13,31.88,,4.96,,32.0,105.0,4.3,7.4,
2015,Charles Tuaau,Texas A&M-Commerce,DT,75.0,327,,,,5.16,,,,,,
2015,Davis Tull,Tennessee-Chattanooga,OLB,74.38,246,9.75,31.25,,4.59,26.0,42.5,132.0,,,
2015,Will Tye,Stony Brook (NY),TE,75.0,260,,,,4.78,,,,,,
2015,Valerian Ume-Ezeoke,New Mexico State,C,74.0,305,,,,5.45,,,,,,
2015,C.J. Uzomah,Auburn,TE,77.0,262,,,,4.64,,,,,,
2015,Max Valles,Virginia,OLB,76.63,251,9.38,32.63,,4.83,,36.5,121.0,4.37,7.59,
2015,Tyler Varga,Yale,FB,70.63,222,10.63,30.38,28.0,4.64,23.0,,,,,
2015,James Vaughters,Stanford,OLB,74.0,258,,,,4.73,,,,,,
2015,Bill Vavau,Utah State,OG,76.0,314,,,,5.18,,,,,,
2015,Zach Vigil,Utah State,ILB,74.0,236,,,,4.68,,,,,,
2015,Ray Vinopal,Pittsburgh,FS,70.0,198,,,,4.54,,,,,,
2015,Brandon Vitabile,Northwestern,C,74.0,304,,,,5.2,,,,,,
2015,Brian Vogler,Alabama,TE,78.0,263,,,,5.02,,,,,,
2015,Triston Wade,Texas-San Antonio,FS,71.0,170,,,,,,,,,,
2015,Zach Wagenmann,Montana,DE,75.0,247,,,,4.82,14.0,37.5,109.0,4.26,7.07,
2015,Easton Wahlstrom,Arizona State,LS,73.0,244,,,,4.95,,,,,,
2015,Nick Waisome,Florida State,CB,69.0,182,,,,4.48,,,,,,
2015,Clive Walford,Miami (FL),TE,76.0,251,10.25,34.0,,4.79,20.0,35.0,120.0,4.57,7.32,
2015,Bo Wallace,Mississippi,QB,76.0,211,,,,5.08,,,,,,
2015,Darren Waller,Georgia Tech,WR,78.13,238,9.0,33.25,,4.46,12.0,37.0,125.0,4.25,7.07,11.35
2015,Davon Walls,Lincoln (MO),DT,76.0,301,,,,,,,,,,
2015,Leterrius Walton,Central Michigan,DT,76.88,319,10.25,32.25,,5.25,25.0,27.0,103.0,4.78,7.91,
2015,Lee Ward,Stanford,FB,73.0,245,,,,4.97,,,,,,
2015,Terron Ward,Oregon State,RB,67.0,197,,,,4.49,,,,,,
2015,Tony Washington,Oregon,OLB,76.0,247,9.5,33.0,,4.99,17.0,32.5,110.0,4.31,7.2,12.83
2015,Robert Waterman,Nevada Las Vegas,C,74.0,290,,,,5.23,,,,,,
2015,Jake Waters,Kansas State,QB,73.0,204,,,,4.85,,,,,,
2015,Diaheem Watkins,Alabama-Birmingham,DE,75.0,256,,,,4.94,,,,,,
2015,Josh Watson,Clemson,DT,76.0,290,,,,5.08,,,,,,
2015,Terrell Watson,Azusa Pacific (CA),RB,73.0,239,,,,4.59,,,,,,
2015,Daryl Waud,Western Ontario (Canada),DT,77.0,294,,,,5.04,,,,,,
2015,Trae Waynes,Michigan State,CB,72.13,186,8.25,31.0,20.0,4.31,19.0,38.0,122.0,4.39,7.06,
2015,Braylon Webb,Missouri,SS,73.0,205,,,,4.67,,,,,,
2015,Brandon Wegher,Morningside (IA),RB,70.0,214,,,,4.52,,,,,,
2015,Mark Weisman,Iowa,FB,73.0,240,,,,4.7,,,,,,
2015,Matthew Wells,Mississippi State,OLB,73.0,222,,,,4.45,,,,,,
2015,DeOndre Wesley,Brigham Young,OT,79.0,330,,,,5.43,,,,,,
2015,Jarrod West,Syracuse,WR,74.0,209,,,,4.53,,,,,,
2015,Jeffrey Whitaker,Auburn,DT,75.0,322,,,,5.85,,,,,,
2015,Darius White,Missouri,WR,75.0,208,,,,4.56,,,,,,
2015,DeAndrew White,Alabama,WR,71.5,193,9.13,31.0,,4.44,,34.5,118.0,4.18,6.97,
2015,Kevin White,Texas Christian,CB,69.13,183,9.25,32.63,,4.63,18.0,35.5,121.0,4.14,6.92,11.52
2015,Kevin White,West Virginia,WR,74.63,215,9.25,32.63,,4.35,23.0,36.5,123.0,4.14,6.92,11.52
2015,Jermaine Whitehead,Auburn,FS,71.0,197,9.38,31.0,,4.59,15.0,37.0,128.0,4.11,6.95,
2015,Cody Wichmann,Frenso State (CA),OG,78.0,315,,,,5.32,,,,,,
2015,Brison Williams,South Carolina,SS,71.0,208,,,,4.57,,,,,,
2015,Chase Williams,Virginia Tech,ILB,73.0,231,,,,4.83,,,,,,
2015,Darrell Williams,South Florida,OT,76.0,301,,,,5.23,,,,,,
2015,Daryl Williams,Oklahoma,OT,77.0,327,9.75,35.0,,5.34,27.0,26.0,97.0,5.15,,
2015,DeShawn Williams,Clemson,DT,73.0,303,,,,5.07,,,,,,
2015,Jackie Williams,Central Florida,WR,71.0,190,,,,4.59,,,,,,
2015,Jordan Williams,Tennessee,DE,76.0,287,,,,4.96,,,,,,
2015,Karlos Williams,Florida State,RB,72.75,230,9.75,33.0,,4.48,16.0,33.5,117.0,4.46,7.16,
2015,Kasen Williams,Washington,WR,74.0,219,,,,4.54,,,,,,
2015,Kenny Williams,Texas Tech,RB,69.0,225,,,,4.58,,,,,,
2015,Leonard Williams,Southern California,DT,76.63,302,10.63,34.63,22.0,4.97,,29.5,106.0,4.53,7.59,
2015,Maxx Williams,Minnesota,TE,76.0,249,10.38,33.5,29.0,4.78,17.0,34.5,117.0,4.37,7.3,12.31
2015,P.J. Williams,Florida State,CB,72.0,194,8.63,31.0,18.0,4.57,12.0,40.0,132.0,4.28,7.08,
2015,Ryan Williams,Miami (FL),QB,76.0,220,9.0,30.75,,5.06,19.0,40.0,123.0,4.18,6.96,11.4
2015,Terry Williams,East Carolina (NC),DT,73.0,344,,,,5.36,,,,,,
2015,Trey Williams,Texas A&M,RB,67.5,195,8.25,29.88,,4.49,18.0,33.5,119.0,4.12,6.84,11.45
2015,Tyrell Williams,Western Oregon,WR,75.0,204,,,,4.43,,,,,,
2015,Xavier Williams,Northern Iowa,DT,74.0,325,,,,5.18,,,,,,
2015,Damien Wilson,Minnesota,ILB,72.0,245,9.38,33.75,,4.77,22.0,37.0,119.0,4.2,7.21,11.68
2015,Demetrius Wilson,Arkansas,WR,73.0,185,,,,4.49,,,,,,
2015,Julian Wilson,Oklahoma,CB,74.0,205,9.25,32.38,,4.58,,36.0,125.0,4.22,6.94,11.53
2015,Ramik Wilson,Georgia,ILB,74.0,237,10.63,33.0,,4.77,23.0,35.0,111.0,4.51,,
2015,Torrian Wilson,Central Florida,OG,74.0,316,,,,5.28,,,,,,
2015,Jameis Winston,Florida State,QB,76.0,231,9.38,32.0,27.0,4.97,,28.5,103.0,4.36,7.16,
2015,Kyle Woestmann,Vanderbilt,OLB,74.0,253,,,,4.83,,,,,,
2015,Cam Worthy,East Carolina (NC),WR,74.0,211,10.13,33.5,,4.59,12.0,,,,,
2015,J.J. Worton,Central Florida,WR,74.0,209,,,,4.63,,,,,,
2015,Gabe Wright,Auburn,DT,75.0,300,10.75,32.63,,5.07,34.0,26.5,100.0,4.56,7.73,
2015,Dylan Wynn,Oregon State,DE,74.0,270,,,,4.92,,,,,,
2015,Shane Wynn,Indiana,WR,66.0,167,,,,4.38,,,,,,
2015,T.J. Yeldon,Alabama,RB,73.0,226,9.0,31.63,,4.61,22.0,36.0,117.0,4.22,7.19,
2015,Sterling Young,Arkansas State,FS,73.0,195,,,,4.67,,,,,,
2015,Konrad Zagzebski,Wisconsin,DE,75.0,278,,,,4.92,,,,,,
2015,Zach Zenner,South Dakota State,FB,71.0,223,9.63,32.0,35.0,4.6,25.0,41.0,121.0,4.14,7.08,11.69
2015,Zach Zwinak,Penn State,FB,73.0,233,,,,4.64,,,,,,
2014,Jared Abbrederis,Wisconsin,WR,73.0,195,9.63,31.38,32.0,4.5,4.0,30.5,116.0,4.08,6.8,11.39
2014,Davante Adams,Frenso State (CA),WR,72.88,212,9.0,32.63,,4.56,14.0,39.5,123.0,4.3,6.82,
2014,Maurice Alexander,Utah State,SS,73.25,220,,,,4.54,,38.0,123.0,4.51,7.05,
2014,Ricardo Allen,Purdue,CB,69.13,187,9.25,30.0,,4.61,13.0,35.5,116.0,4.15,,
2014,Jace Amaro,Texas Tech,TE,77.38,265,9.0,34.0,,4.74,28.0,33.0,116.0,4.3,7.42,12.26
2014,Antonio Andrews,Western Kentucky,RB,70.13,225,9.5,31.25,,4.82,20.0,29.5,104.0,4.49,7.24,
2014,Dri Archer,Kent State (OH),WR,67.75,173,8.88,31.0,,4.26,20.0,38.0,122.0,4.06,6.86,
2014,George Atkinson,Notre Dame,RB,73.38,218,9.38,33.25,,4.48,19.0,38.0,128.0,4.46,7.07,11.5
2014,Jeremiah Attaochu,Georgia Tech,OLB,75.25,252,9.88,33.0,,,,,,,,
2014,Dion Bailey,Southern California,FS,71.75,201,9.5,32.0,,4.66,,34.0,112.0,4.15,6.97,11.88
2014,Anthony Barr,UCLA,OLB,76.88,255,9.38,33.5,,4.66,15.0,34.5,117.0,4.19,6.82,
2014,Lamin Barrow,Louisiana State,ILB,73.38,237,10.38,33.38,,4.64,22.0,35.0,123.0,4.35,7.24,
2014,Odell Beckham,Louisiana State,WR,71.25,198,10.0,32.75,,4.43,7.0,38.5,122.0,3.94,6.69,10.93
2014,Deion Belue,Alabama,CB,70.75,182,8.13,31.5,,4.48,11.0,,,,,
2014,Kelvin Benjamin,Florida State,WR,77.0,240,10.25,34.88,7.0,4.61,13.0,32.5,117.0,4.39,7.33,12.08
2014,Bene Benwikere,San Jose State,CB,70.75,195,,,,4.63,10.0,40.5,122.0,4.38,6.94,
2014,Nat Berhe,San Diego State,SS,70.5,193,8.5,30.63,,4.71,15.0,35.5,116.0,4.22,7.08,
2014,Kapri Bibbs,Colorado State,RB,69.38,212,8.5,31.38,,4.67,24.0,29.0,104.0,,,
2014,Joel Bitonio,Nevada,OT,76.25,302,9.63,33.88,,4.97,22.0,32.0,113.0,4.44,7.37,
2014,Alfred Blue,Louisiana State,RB,74.38,223,9.88,32.38,,4.63,13.0,32.0,121.0,4.5,7.15,
2014,Russell Bodine,North Carolina,OG,75.13,310,10.0,32.5,,5.18,42.0,29.0,109.0,4.66,8.26,
2014,Conor Boffeli,Iowa,OG,76.13,298,9.38,32.0,,5.3,21.0,25.0,101.0,4.61,7.44,
2014,Chris Borland,Wisconsin,ILB,71.5,248,9.88,29.25,32.0,4.83,27.0,31.0,113.0,4.27,7.18,
2014,Blake Bortles,Central Florida,QB,77.0,232,9.38,32.88,28.0,4.93,,32.5,114.0,4.21,7.08,
2014,Tre Boston,North Carolina,FS,71.63,204,9.75,31.38,,4.59,18.0,35.0,115.0,4.31,7.04,
2014,Chris Boyd,Vanderbilt,WR,76.0,206,9.63,32.63,,4.73,12.0,,,,,
2014,Tajh Boyd,Clemson,QB,72.63,222,,,,4.84,,30.5,104.0,4.23,7.33,
2014,Carl Bradford,Arizona State,OLB,72.75,250,9.5,30.25,,4.76,23.0,37.5,122.0,4.3,7.25,
2014,Bashaud Breeland,Clemson,CB,71.38,197,9.0,31.75,,4.62,11.0,34.5,123.0,4.33,7.04,11.65
2014,Teddy Bridgewater,Louisville,QB,74.13,214,9.25,33.0,20.0,,,30.0,112.0,4.2,7.17,
2014,Justin Britt,Missouri,OT,77.88,325,10.25,33.5,,5.19,23.0,23.0,99.0,4.69,8.14,
2014,Jay Bromley,Syracuse,DT,75.13,306,9.25,33.5,,5.06,26.0,33.5,104.0,4.78,7.92,
2014,Terrence Brooks,Florida State,FS,70.88,198,9.0,31.0,,4.42,10.0,38.0,118.0,,7.35,
2014,Corey Brown,Ohio State,WR,71.38,178,9.38,31.75,,4.51,,33.0,115.0,4.22,7.16,11.94
2014,John Brown,Pittsburg State (KS),WR,70.0,179,8.5,30.5,,4.34,,36.5,117.0,4.12,6.91,11.4
2014,Jonathan Brown,Illinois,OLB,72.38,238,9.38,33.0,,5.03,16.0,31.0,108.0,4.56,7.77,
2014,Preston Brown,Louisville,ILB,73.25,251,10.25,33.5,,4.86,23.0,33.0,115.0,4.26,6.98,
2014,Martavis Bryant,Clemson,WR,75.75,211,9.5,32.63,14.0,4.42,16.0,39.0,123.0,4.15,7.18,
2014,Deone Bucannon,Washington State,SS,73.0,211,9.75,32.38,,4.49,19.0,36.5,124.0,4.26,6.96,
2014,Max Bullough,Michigan State,ILB,75.5,249,9.38,31.0,,4.78,30.0,31.0,111.0,4.3,7.22,
2014,Isaiah Burse,Frenso State (CA),WR,70.38,188,8.38,30.25,,4.58,16.0,31.0,114.0,3.94,6.74,11.53
2014,Trey Burton,Florida,WR,74.13,224,9.38,31.0,,4.62,,30.0,111.0,4.32,7.14,
2014,Michael Campanaro,Wake Forest,WR,69.38,192,,,,4.46,20.0,39.0,122.0,4.01,6.77,
2014,KaDeem Carey,Arizona,RB,69.38,207,9.5,31.75,,4.7,19.0,32.5,114.0,4.38,7.08,
2014,Derek Carr,Frenso State (CA),QB,74.38,214,9.13,31.5,20.0,4.69,,34.5,110.0,4.2,,
2014,Ryan Carrethers,Arkansas State,DT,73.25,337,9.38,31.75,,5.47,32.0,26.0,87.0,4.6,7.89,
2014,Travis Carrie,Ohio,CB,71.63,206,9.75,31.88,,4.49,17.0,,,,,
2014,Will Clarke,West Virginia,DE,78.13,271,9.88,34.63,,4.77,22.0,32.0,111.0,4.57,7.26,
2014,HaSean Clinton-Dix,Alabama,FS,73.38,208,,,,4.58,11.0,33.0,117.0,4.16,7.16,
2014,Jadeveon Clowney,South Carolina,DE,77.25,266,10.0,34.5,,4.53,21.0,37.5,123.0,4.43,7.27,
2014,Ross Cockrell,Duke,CB,72.0,191,9.0,29.88,,4.56,10.0,36.5,122.0,4.32,7.28,11.78
2014,Brandon Coleman,Rutgers,WR,78.0,225,9.25,34.0,,4.56,21.0,32.5,,4.51,7.33,
2014,Deandre Coleman,California,DT,76.75,314,10.25,34.38,,5.12,24.0,,,,,
2014,Brandin Cooks,Oregon State,WR,69.75,189,9.63,30.75,,4.33,16.0,36.0,120.0,3.81,6.76,10.72
2014,Damian Copeland,Louisville,WR,71.0,184,9.0,31.38,,4.5,12.0,40.0,120.0,3.9,6.53,10.84
2014,J.C. Copeland,Louisiana State,FB,71.13,271,10.0,32.0,,4.95,23.0,28.5,111.0,4.58,7.68,
2014,Tim Cornett,Nevada Las Vegas,RB,72.25,209,9.25,31.0,,4.48,,34.5,124.0,4.26,7.01,11.72
2014,Scott Crichton,Oregon State,DE,74.88,273,10.13,32.75,,4.84,24.0,31.5,108.0,4.29,7.19,
2014,Isaiah Crowell,Alabama State,RB,71.0,224,9.25,31.38,,4.57,23.0,38.0,116.0,,,
2014,Chris Davis,Auburn,CB,69.88,202,9.25,31.0,,4.54,15.0,,,,,
2014,Mike Davis,Texas,WR,72.0,197,9.38,30.25,,4.52,10.0,34.0,116.0,4.18,7.0,11.65
2014,Anthony Denham,Utah,WR,76.5,235,10.5,33.38,,4.77,,32.5,,,,
2014,Darqueze Dennard,Michigan State,CB,70.88,199,9.0,30.25,,4.52,15.0,,,,,
2014,Pierre Desir,Lindenwood (MO),CB,73.0,198,9.63,33.0,,4.59,11.0,35.0,133.0,4.3,6.86,11.6
2014,Ahmad Dixon,Baylor,SS,72.0,212,9.88,32.25,,4.64,14.0,32.0,111.0,4.5,7.55,12.01
2014,Brandon Dixon,Northwest Missouri State,CB,71.5,203,9.0,32.5,,4.41,17.0,32.5,116.0,4.27,7.15,
2014,Aaron Donald,Pittsburgh,DT,72.75,285,9.88,32.63,,4.68,35.0,32.0,115.0,4.39,7.11,
2014,Jonathan Dowling,Western Kentucky,FS,74.75,190,9.25,33.13,,4.52,8.0,33.5,116.0,4.24,7.04,11.56
2014,Dakota Dozier,Furman (SC),OG,75.63,313,9.88,33.88,,5.42,23.0,24.0,100.0,4.89,8.14,
2014,Joe Don Duncan,Dixie State (UT),TE,74.63,268,,,,4.79,35.0,,,,,
2014,Kony Ealy,Missouri,DE,76.0,273,9.5,34.25,,4.92,22.0,31.0,113.0,4.45,6.83,
2014,Dominique Easley,Florida,DT,73.75,288,9.75,32.88,,4.93,26.0,,,,,
2014,Eric Ebron,North Carolina,TE,76.38,250,10.0,33.25,16.0,4.6,24.0,32.0,120.0,,,
2014,Kasim Edebali,Boston College,OLB,74.0,253,9.5,32.75,,4.79,19.0,34.5,114.0,4.35,7.2,
2014,Kadeem Edwards,Tennessee State,OG,76.25,313,9.5,35.5,,5.25,26.0,27.0,99.0,4.82,7.95,
2014,Bruce Ellington,South Carolina,WR,69.38,197,9.63,31.0,,4.45,15.0,39.5,120.0,3.95,6.69,11.12
2014,Justin Ellis,Louisiana Tech,DT,73.5,334,10.13,33.0,,5.27,25.0,28.0,91.0,4.75,7.81,
2014,IK Enemkpali,Louisiana Tech,DE,72.75,261,9.75,33.13,,4.78,28.0,34.0,112.0,4.65,7.67,
2014,Quincy Enunwa,Nebraska,WR,74.0,225,9.5,32.63,,4.41,19.0,,,,,
2014,Mike Evans,Texas A&M,WR,76.75,231,9.63,35.13,25.0,4.53,12.0,37.0,,4.26,7.08,11.58
2014,Shaquelle Evans,UCLA,WR,73.25,213,,,,4.51,13.0,34.5,122.0,4.21,7.07,
2014,Antone Exum,Virginia Tech,CB,71.63,213,9.63,31.63,,4.59,17.0,35.0,116.0,4.13,7.05,
2014,David Fales,San Jose State,QB,73.63,212,9.25,31.75,,4.99,,28.0,102.0,4.5,7.55,
2014,Matt Feiler,Bloomsburg,OT,77.88,330,9.5,32.0,,5.37,36.0,26.5,102.0,4.86,8.13,
2014,Ego Ferguson,Louisiana State,DT,74.88,315,10.75,32.5,,4.98,24.0,,,,,
2014,C.J. Fiedorowicz,Iowa,TE,77.5,265,10.25,33.0,,4.76,25.0,31.5,115.0,4.26,7.1,
2014,Tim Flanders,Sam Houston State (TX),RB,68.63,207,,,,4.75,20.0,32.0,112.0,,7.07,
2014,Cameron Fleming,Stanford,OT,76.88,323,9.88,34.0,,5.28,26.0,23.5,97.0,5.0,8.24,
2014,David Fluellen,Toledo,RB,71.13,224,9.13,33.38,,4.72,,36.5,120.0,,6.9,
2014,Dee Ford,Auburn,DE,74.13,252,10.25,32.88,,,,,,,,
2014,Khairi Fortt,California,OLB,74.25,248,10.13,33.63,,4.7,30.0,36.0,120.0,,,
2014,Bennie Fowler,Michigan State,WR,73.25,217,9.5,32.0,,4.52,,36.0,125.0,4.18,7.06,11.52
2014,Austin Franklin,New Mexico State,WR,70.63,189,10.0,31.25,,4.56,7.0,36.0,123.0,4.33,7.07,11.7
2014,Devonta Freeman,Florida State,RB,68.25,206,9.63,29.38,,4.58,,31.5,116.0,4.26,7.11,
2014,Kyle Fuller,Virginia Tech,CB,71.75,190,9.38,32.88,,4.49,12.0,38.5,127.0,4.19,6.9,
2014,Zach Fulton,Tennessee,OG,76.63,316,10.25,33.25,,5.16,25.0,24.5,98.0,5.16,7.87,
2014,Tyler Gaffney,Stanford,RB,71.5,220,9.0,30.25,,4.49,,36.5,115.0,4.18,6.78,11.36
2014,E.J. Gaines,Missouri,CB,69.63,190,9.38,30.38,,4.44,15.0,,,,,
2014,Phillip Gaines,Rice (TX),CB,72.38,193,9.63,31.88,,4.38,11.0,36.5,122.0,4.04,6.62,
2014,Jeremy Gallon,Michigan,WR,67.5,185,9.38,29.5,,4.49,15.0,,,,,
2014,Jimmy Garoppolo,Eastern Illinois,QB,74.25,226,9.25,31.0,24.0,4.97,,30.5,110.0,4.26,7.04,
2014,James Gayle,Virginia Tech,DE,75.75,259,9.63,32.38,,4.7,26.0,37.0,122.0,4.27,7.19,
2014,Jeremiah George,Iowa State,ILB,71.25,234,9.25,31.88,,4.91,28.0,33.0,115.0,,,
2014,Justin Gilbert,Oklahoma State,CB,72.13,202,8.63,33.13,,4.37,20.0,35.5,125.0,,6.92,
2014,Crockett Gillmore,Colorado State,TE,77.88,260,10.38,33.75,,4.89,,33.5,120.0,4.44,7.42,
2014,Demetri Goodson,Baylor,CB,71.0,194,9.25,31.75,,4.52,11.0,37.0,123.0,4.34,6.8,
2014,Ryan Grant,Tulane (LA),WR,72.38,199,9.63,31.0,,4.64,8.0,35.5,117.0,4.11,6.68,11.63
2014,Xavier Grimble,Southern California,TE,76.25,257,10.25,33.63,,4.76,,26.1,112.0,,,
2014,Ryan Groy,Wisconsin,OG,76.63,316,10.38,33.25,,5.19,26.0,26.5,108.0,4.47,7.49,
2014,RaShede Hageman,Minnesota,DT,77.88,310,,,13.0,5.02,32.0,35.5,113.0,4.5,7.87,
2014,Andre Hal,Vanderbilt,CB,70.38,188,8.63,30.5,,4.5,15.0,35.5,117.0,4.27,7.14,
2014,Jon Halapio,Florida,OG,75.5,323,10.25,33.63,,5.34,,21.5,99.0,4.83,8.26,
2014,Victor Hampton,South Carolina,CB,69.0,197,9.25,31.25,,4.69,20.0,33.5,116.0,4.2,7.01,11.57
2014,Jonotthan Harrison,Florida,C,75.5,304,9.88,33.38,,5.15,27.0,27.0,112.0,4.86,7.97,
2014,Taylor Hart,Oregon,DE,78.13,281,10.13,32.75,,4.92,21.0,,,,,
2014,Matt Hazel,Coastal Carolina (SC),WR,73.0,198,9.13,31.38,,4.5,15.0,36.5,116.0,4.2,7.08,11.6
2014,Marcus Heit,Kansas State,LS,75.0,258,9.88,31.38,,4.91,,29.0,,,,
2014,Seantrel Henderson,Miami (FL),OT,79.13,331,10.5,34.63,,5.04,,24.0,93.0,4.77,8.15,
2014,Robert Herron,Wyoming,WR,69.13,193,9.75,30.5,,4.48,18.0,35.5,124.0,4.27,6.84,
2014,Ryan Hewitt,Stanford,FB,76.13,246,9.25,32.0,,4.87,,33.0,116.0,4.35,7.04,11.86
2014,Jeremy Hill,Louisiana State,RB,72.63,233,10.38,32.63,,4.56,20.0,29.0,112.0,,,
2014,Anthony Hitchens,Iowa,OLB,72.38,240,9.13,32.5,,4.74,23.0,31.5,115.0,4.45,7.15,
2014,Cody Hoffman,Brigham Young,WR,75.88,223,9.75,33.25,,4.65,13.0,27.5,108.0,4.2,6.89,
2014,Adrian Hubbard,Alabama,OLB,78.0,257,9.25,34.5,,4.69,,38.5,116.0,,,
2014,Josh Huff,Oregon,WR,71.25,206,9.38,31.25,,4.51,14.0,35.5,115.0,,,
2014,Marqueston Huff,Wyoming,FS,71.13,196,9.0,31.38,,4.49,15.0,35.5,116.0,4.19,7.26,
2014,Allen Hurns,Miami (FL),WR,73.25,198,9.25,32.0,,4.55,14.0,31.0,120.0,4.5,7.23,
2014,Carlos Hyde,Ohio State,RB,71.88,230,9.63,32.0,9.0,4.62,19.0,34.5,113.0,,,
2014,Kerry Hyder,Texas Tech,DT,74.5,290,9.75,33.5,,5.1,20.0,29.5,108.0,4.33,7.23,
2014,Gabe Ikard,Oklahoma,C,75.63,304,9.63,33.13,,5.13,22.0,26.0,102.0,4.37,7.3,
2014,Bennett Jackson,Notre Dame,CB,71.88,195,9.25,31.38,,4.51,13.0,38.0,127.0,4.0,6.75,
2014,Gabe Jackson,Mississippi State,OG,75.25,336,10.0,33.75,,5.34,30.0,29.0,108.0,4.78,8.25,
2014,Nic Jacobs,McNeese State (LA),TE,76.75,269,10.0,34.13,,4.89,15.0,,,,,
2014,JaWuan James,Tennessee,OT,78.0,311,9.88,35.0,,5.34,22.0,29.0,102.0,4.56,7.42,
2014,Kendall James,Maine,CB,70.5,180,8.0,29.5,,4.44,9.0,39.0,,4.19,6.81,
2014,Jeff Janis,Saginaw Valley State (MI),WR,74.88,219,9.0,32.5,,4.42,20.0,37.5,123.0,3.98,6.64,
2014,Stanley Jean-Baptiste,Nebraska,CB,74.63,218,8.63,32.38,,4.61,13.0,41.5,127.0,4.33,,
2014,Jackson Jeffcoat,Texas,DE,75.0,247,9.63,33.88,,4.63,18.0,36.0,123.0,4.18,6.97,
2014,Marcel Jensen,Frenso State (CA),TE,77.75,259,9.88,34.88,,4.85,24.0,35.0,114.0,4.6,7.38,
2014,Timmy Jernigan,Florida State,DT,73.63,299,9.63,31.63,,5.06,27.0,29.5,101.0,4.83,,
2014,Anthony Johnson,Louisiana State,DT,74.5,308,10.38,33.0,,5.24,20.0,24.5,101.0,4.83,7.93,
2014,Dontae Johnson,North Carolina State,FS,74.13,200,8.63,31.5,,4.45,12.0,38.5,123.0,4.24,6.82,11.06
2014,Storm Johnson,Central Florida,RB,71.63,209,9.5,32.0,,4.6,16.0,35.5,116.0,,,
2014,Wesley Johnson,Vanderbilt,OT,77.38,297,10.25,33.13,,5.11,26.0,29.0,111.0,4.64,7.4,
2014,Christian Jones,Florida State,ILB,75.13,240,9.63,33.5,,4.74,,33.5,114.0,,,
2014,DaQuan Jones,Penn State,DT,75.75,322,9.63,33.5,,5.35,25.0,27.5,100.0,4.78,7.73,
2014,Howard Jones,Shepherd (WV),OLB,74.5,235,9.5,34.13,,4.6,21.0,40.5,123.0,4.41,7.16,
2014,TJ Jones,Notre Dame,WR,71.63,188,,,,4.48,,33.0,117.0,4.27,6.82,
2014,Reggie Jordan,Missouri Western,FB,74.88,240,9.63,32.25,,4.77,24.0,30.0,115.0,4.3,7.22,
2014,Henry Josey,Missouri,RB,68.13,194,9.5,30.25,,4.43,20.0,34.5,116.0,4.13,7.07,11.67
2014,Lamarcus Joyner,Florida State,CB,68.0,184,9.5,31.5,,4.55,14.0,37.5,123.0,4.4,7.26,
2014,Devon Kennard,Southern California,OLB,75.0,249,9.38,33.38,,4.7,23.0,30.0,112.0,4.32,7.25,
2014,Zack Kerr,Delaware,DT,73.38,326,,,,5.08,28.0,28.5,99.0,4.71,7.93,
2014,Christian Kirksey,Iowa,OLB,73.75,233,9.38,32.38,,4.72,16.0,32.0,122.0,,,
2014,Cyrus Kouandjio,Alabama,OT,78.75,322,10.25,35.63,,5.59,21.0,27.5,96.0,4.84,7.71,
2014,Kenny Ladler,Vanderbilt,FS,72.13,207,9.63,31.63,,4.7,24.0,36.5,126.0,,,
2014,Jarvis Landry,Louisiana State,WR,71.5,205,10.25,31.75,,4.65,12.0,28.5,110.0,,,
2014,Tyler Larsen,Utah State,C,75.63,313,9.25,31.5,,5.17,36.0,23.5,101.0,4.7,8.22,
2014,Cody Latimer,Indiana,WR,74.5,215,9.63,32.63,,4.52,23.0,,,,,
2014,Demarcus Lawrence,Boise State,DE,74.88,251,11.0,33.75,,4.8,20.0,34.5,112.0,4.31,7.46,
2014,Nevin Lawson,Utah State,CB,69.5,190,9.0,31.5,,4.48,16.0,33.0,120.0,4.4,7.12,
2014,Marqise Lee,Southern California,WR,71.75,192,9.5,31.75,,4.52,,38.0,126.0,4.01,,
2014,Charles Leno,Boise State,OT,75.88,303,10.13,34.38,,5.21,21.0,29.0,108.0,4.4,7.57,
2014,A.C. Leonard,Tennessee State,TE,74.38,252,9.25,33.0,,4.5,20.0,34.0,127.0,,,
2014,Taylor Lewan,Michigan,OT,79.13,309,9.25,33.88,,4.87,29.0,30.5,116.0,4.49,7.39,
2014,Isaiah Lewis,Michigan State,SS,69.88,211,9.63,31.5,,4.6,15.0,36.5,122.0,4.47,7.05,
2014,Brandon Linder,Miami (FL),OG,77.63,311,10.25,34.5,,5.35,30.0,26.5,99.0,,,
2014,Corey Linsley,Ohio State,C,74.63,296,9.88,32.0,,5.24,36.0,27.0,,,,
2014,Boseko Lokombo,Oregon,OLB,74.13,225,9.88,33.38,,4.66,,,122.0,4.3,7.15,
2014,Craig Loston,Louisiana State,SS,72.63,217,9.75,30.75,,4.65,12.0,32.5,117.0,4.35,7.15,
2014,Marcus Lucas,Missouri,WR,75.75,218,9.38,33.63,,4.6,20.0,36.0,123.0,4.25,7.07,
2014,Colt Lyerla,Oregon,TE,75.88,242,10.25,32.75,24.0,4.61,15.0,39.0,127.0,,,
2014,Aaron Lynch,South Florida,DE,77.0,249,,,,4.76,18.0,,,,,
2014,Arthur Lynch,Georgia,TE,76.63,258,10.13,32.5,,4.82,28.0,29.5,115.0,4.35,7.38,
2014,Jordan Lynch,Northern Illinois,QB,72.13,217,8.88,29.75,,4.76,,29.5,109.0,4.2,6.55,
2014,Khalil Mack,Buffalo,OLB,74.63,251,10.25,33.25,,4.65,23.0,40.0,127.0,4.18,7.08,
2014,Cody Mandell,Alabama,P,74.5,216,9.75,31.13,,4.89,,27.0,,,,
2014,Eathyn Manumaleuna,Brigham Young,DT,74.25,296,10.0,32.25,,5.16,29.0,28.0,100.0,4.61,7.78,
2014,Johnny Manziel,Texas A&M,QB,71.75,207,9.88,31.38,32.0,4.68,,31.5,112.0,4.03,6.75,
2014,Cassius Marsh,UCLA,DE,76.0,252,9.5,32.75,,4.89,14.0,32.0,108.0,4.25,7.08,
2014,Kareem Martin,North Carolina,DE,77.88,272,10.0,35.0,,4.72,22.0,35.5,128.0,4.33,7.2,
2014,Marcus Martin,Southern California,C,75.38,320,10.0,34.0,,5.38,23.0,,,,,
2014,Zack Martin,Notre Dame,OT,76.25,308,9.5,32.88,,5.22,29.0,28.0,104.0,4.59,7.65,
2014,Tre Mason,Auburn,RB,68.5,207,9.0,30.0,,4.5,,38.5,125.0,4.15,,
2014,Jeff Mathews,Cornell (NY),QB,75.75,223,10.13,32.13,,5.26,,25.5,104.0,4.36,7.14,
2014,Jake Matthews,Texas A&M,OT,77.5,308,9.88,33.38,,5.07,24.0,30.5,104.0,4.47,7.34,
2014,Jordan Matthews,Vanderbilt,WR,75.13,212,10.38,33.25,29.0,4.46,21.0,35.5,120.0,4.18,6.95,11.84
2014,Josh Mauro,Stanford,DE,77.88,271,9.5,33.0,,5.21,21.0,32.0,115.0,4.51,7.43,
2014,A.J. McCarron,Alabama,QB,75.25,220,,,,4.94,,28.0,99.0,4.34,,
2014,Daniel McCullers,Tennessee,DT,78.75,352,11.0,36.63,,5.18,27.0,20.5,104.0,,,
2014,Keith McGill,Utah,CB,75.38,211,10.25,33.25,,4.51,,39.0,128.0,4.18,7.29,
2014,Jerick McKinnon,Georgia Southern,RB,68.88,209,8.63,30.25,,4.41,32.0,40.5,132.0,4.12,6.83,
2014,Zach Mettenberger,Louisiana State,QB,76.88,224,9.75,32.38,,,,,,,,
2014,Jack Mewhort,Ohio State,OT,78.0,309,9.75,34.0,,5.37,28.0,26.0,100.0,4.64,7.79,
2014,Tevin Mims,South Florida,DE,76.0,260,9.38,33.5,,4.95,17.0,27.5,116.0,,,
2014,Terrance Mitchell,Oregon,CB,71.13,192,8.5,30.13,,4.63,,34.0,116.0,4.0,6.57,11.22
2014,Donte Moncrief,Mississippi,WR,74.38,221,9.13,32.38,,4.4,13.0,39.5,132.0,4.3,7.02,
2014,Zach Moore,Concordia - St Paul (MN),DE,77.5,269,9.63,33.75,,4.84,23.0,33.5,123.0,4.46,7.41,
2014,James Morris,Iowa,ILB,72.88,241,9.13,30.75,,4.8,18.0,34.5,116.0,4.36,6.94,
2014,Stephen Morris,Miami (FL),QB,73.88,213,10.25,32.75,,4.63,,30.0,111.0,4.49,7.36,
2014,Morgan Moses,Virginia,OT,78.0,314,9.88,35.38,,5.35,,21.5,104.0,4.95,7.93,
2014,C.J. Mosley,Alabama,ILB,74.0,234,10.75,33.38,,4.65,,35.0,116.0,4.4,7.3,
2014,Jake Murphy,Utah,TE,76.0,249,10.0,31.75,,4.79,24.0,33.0,113.0,4.27,7.18,
2014,Trent Murphy,Stanford,DE,77.38,250,11.13,33.88,,4.86,19.0,35.5,116.0,4.2,6.78,
2014,Jordan Najvar,Baylor,TE,77.88,256,10.0,32.25,,4.93,18.0,32.5,111.0,4.47,7.14,12.02
2014,Jonathan Newsome,Ball State (IN),OLB,74.63,247,9.63,33.25,,4.73,21.0,34.0,116.0,4.63,7.31,
2014,Troy Niklas,Notre Dame,TE,78.5,270,10.0,34.13,,4.84,27.0,32.0,113.0,4.55,7.57,12.19
2014,Louis Nix,Notre Dame,DT,74.0,331,9.88,33.0,,5.42,,25.5,104.0,4.94,8.29,
2014,Kevin Norwood,Alabama,WR,74.0,198,10.0,32.13,,4.48,8.0,33.0,121.0,4.32,6.68,11.46
2014,Pat O'Donnell,Miami (FL),P,76.0,220,9.75,32.5,,4.64,23.0,30.5,,,,
2014,Tenny Palepoi,Utah,DT,73.5,298,9.88,30.5,,5.1,31.0,30.5,111.0,4.53,7.67,
2014,Matt Paradis,Boise State,C,74.63,306,,,,5.34,23.0,26.0,102.0,4.46,7.6,
2014,Matt Patchan,Boston College,OT,78.25,302,9.38,33.0,,4.97,22.0,33.5,,,,
2014,Mike Pennel,Colorado State-Pueblo,DT,76.25,332,9.88,33.38,,5.23,23.0,28.5,101.0,4.84,7.94,
2014,LaDarius Perkins,Mississippi State,RB,67.38,195,9.63,31.0,,4.46,23.0,35.5,123.0,4.3,7.08,
2014,Kevin Pierre-Louis,Boston College,OLB,72.5,232,10.13,32.25,,4.51,28.0,39.0,127.0,4.02,6.92,
2014,Ronald Powell,Florida,OLB,75.13,237,9.38,32.5,,4.65,21.0,35.5,113.0,,,
2014,Walter Powell,Murray State (KY),WR,71.38,189,,,,4.63,10.0,31.5,120.0,4.23,6.7,
2014,Jabari Price,North Carolina,CB,70.63,200,9.13,31.63,,4.45,16.0,,,4.3,7.04,11.38
2014,Calvin Pryor,Louisville,FS,71.13,207,9.13,31.38,,4.58,18.0,34.5,115.0,,,
2014,Loucheiz Purifoy,Florida,CB,71.5,190,8.5,32.75,,4.61,6.0,35.5,120.0,,,
2014,Kelcy Quarles,South Carolina,DT,75.75,297,9.38,33.25,,5.03,27.0,23.5,101.0,,,
2014,Kaleb Ramsey,Boston College,DT,75.0,293,9.75,32.88,,,36.0,,,,,
2014,Keith Reaser,Florida Atlantic,CB,70.75,189,9.5,30.75,,4.43,22.0,,,,,
2014,Silas Redd,Southern California,RB,69.75,212,9.0,30.75,,4.7,18.0,37.0,122.0,,,
2014,Tevin Reese,Baylor,WR,70.5,163,8.63,31.63,,4.46,,41.0,132.0,4.18,6.63,
2014,Caraun Reid,Princeton,DT,74.13,302,10.5,33.0,,4.91,20.0,26.5,104.0,4.58,7.59,
2014,Trevor Reilly,Utah,OLB,76.75,245,9.5,32.25,,4.67,26.0,,,,,
2014,Bryn Renner,North Carolina,QB,75.25,228,9.13,30.38,,4.87,,25.5,108.0,4.3,7.22,
2014,Ed Reynolds,Stanford,FS,73.0,207,8.5,30.75,,4.57,15.0,32.5,116.0,,,
2014,Rashaad Reynolds,Oregon State,CB,69.88,189,9.75,31.63,,4.51,20.0,37.5,123.0,4.0,6.72,
2014,Antonio Richardson,Tennessee,OT,77.75,336,10.25,35.0,,5.3,36.0,24.5,,,,
2014,Cyril Richardson,Baylor,OG,76.75,329,9.5,34.63,,5.36,25.0,25.5,90.0,4.83,7.7,
2014,Paul Richardson,Colorado,WR,72.38,175,8.88,32.63,,4.4,,38.0,123.0,,7.09,
2014,Weston Richburg,Colorado State,C,75.38,298,9.25,33.38,,5.1,25.0,25.5,104.0,4.63,7.93,
2014,Marcus Roberson,Florida,CB,72.25,191,9.25,31.0,,4.61,8.0,37.5,120.0,4.08,6.84,
2014,Allen Robinson,Penn State,WR,74.63,220,9.5,32.0,,4.6,,39.0,126.0,4.0,7.0,11.36
2014,Greg Robinson,Auburn,OT,77.0,332,10.0,35.0,,4.92,32.0,28.5,112.0,4.86,7.8,
2014,Bradley Roby,Ohio State,CB,71.25,194,10.25,31.5,,4.39,17.0,38.5,123.0,4.04,,
2014,Richard Rodgers,California,TE,76.0,257,10.13,32.63,,4.87,16.0,31.5,115.0,4.47,7.23,
2014,Michael Sam,Missouri,DE,74.0,261,9.38,33.38,,4.91,17.0,25.5,113.0,4.7,7.8,
2014,Bishop Sankey,Washington,RB,69.5,209,10.0,31.0,,4.49,26.0,35.5,125.0,4.0,6.75,
2014,Jalen Saunders,Oklahoma,WR,68.88,165,8.88,30.0,,4.44,,34.0,122.0,,,
2014,Tom Savage,Pittsburgh,QB,75.88,228,9.63,31.63,,4.97,,27.0,104.0,4.36,7.33,
2014,Michael Schofield,Michigan,OT,78.5,301,9.63,34.0,,5.01,,24.0,92.0,4.57,7.62,
2014,Lache Seastrunk,Baylor,RB,69.5,201,9.25,30.0,,4.51,15.0,41.5,134.0,,,
2014,Austin Seferian-Jenkins,Washington,TE,77.5,262,9.75,33.75,,4.75,20.0,,,,,
2014,Connor Shaw,South Carolina,QB,72.38,206,9.25,30.0,,4.66,,34.0,115.0,4.33,7.07,
2014,Ryan Shazier,Ohio State,OLB,73.13,237,10.0,32.38,,4.58,25.0,42.0,128.0,4.21,6.91,
2014,Prince Shembo,Notre Dame,OLB,73.38,253,10.5,33.13,,4.71,26.0,38.5,122.0,4.31,7.29,
2014,Charles Sims,West Virginia,RB,72.0,214,8.25,31.0,,4.48,17.0,37.5,125.0,4.3,7.16,
2014,Yawin Smallwood,Connecticut,ILB,74.25,246,9.5,31.75,,,18.0,36.5,108.0,,,
2014,Chris Smith,Arkansas,DE,73.0,266,9.5,34.13,,4.71,28.0,37.0,121.0,4.46,7.55,
2014,Jerome Smith,Syracuse,RB,71.13,220,9.75,30.88,,4.84,14.0,36.0,116.0,4.6,7.53,
2014,Marcus Smith,Louisville,DE,75.38,251,10.0,34.0,,4.68,23.0,35.0,121.0,4.47,7.48,
2014,Telvin Smith,Florida State,OLB,75.0,218,10.25,32.5,,4.52,,31.5,117.0,,,
2014,Willie Snead,Ball State (IN),WR,71.0,195,10.25,33.0,,4.62,11.0,33.5,112.0,4.39,7.19,11.96
2014,Daniel Sorensen,Brigham Young,SS,73.38,205,8.5,31.0,,4.67,13.0,32.0,113.0,3.95,6.47,10.8
2014,Tyler Starr,South Dakota,OLB,76.13,250,9.5,32.5,,4.95,24.0,32.0,115.0,4.15,6.64,
2014,Shamar Stephen,Connecticut,DT,76.88,309,10.0,33.13,,5.25,25.0,30.5,102.0,,,
2014,Josh Stewart,Oklahoma State,WR,69.88,178,9.38,30.0,,4.69,11.0,35.0,116.0,4.33,7.1,
2014,James Stone,Tennessee,C,75.63,306,10.13,33.88,,5.17,22.0,27.5,104.0,4.63,8.16,
2014,Devin Street,Pittsburgh,WR,74.88,198,9.25,33.38,,4.55,,37.0,123.0,4.01,6.89,
2014,Xavier Su'a-Filo,UCLA,OG,76.13,307,9.38,33.38,,5.04,25.0,25.0,101.0,4.44,7.6,
2014,Vinnie Sunseri,Alabama,SS,71.13,210,10.0,30.0,,,18.0,,,,,
2014,Will Sutton,Arizona State,DT,72.5,303,10.0,31.25,,5.36,24.0,28.5,99.0,4.82,7.93,
2014,Travis Swanson,Arkansas,C,77.0,312,10.0,33.13,,5.28,20.0,26.0,93.0,4.65,7.73,
2014,Lorenzo Taliaferro,Coastal Carolina (SC),RB,72.25,229,8.38,32.0,,4.58,18.0,33.0,116.0,4.22,6.88,
2014,Brandon Thomas,Clemson,OG,75.25,317,10.5,34.75,,5.09,35.0,29.0,98.0,4.83,8.13,
2014,DeAnthony Thomas,Oregon,RB,68.63,174,8.13,29.88,,4.5,8.0,32.0,123.0,,,
2014,Jemea Thomas,Georgia Tech,FS,69.25,192,10.0,30.63,,4.55,19.0,37.0,124.0,,,
2014,Logan Thomas,Virginia Tech,QB,78.13,248,10.88,34.25,,4.61,,35.5,116.0,4.18,7.05,
2014,Robert Thomas,Arkansas,DT,73.25,327,10.0,33.88,,5.26,32.0,,,,,
2014,Khyri Thornton,Southern Mississippi,DT,74.63,304,9.5,32.5,,5.03,28.0,29.0,111.0,4.76,7.83,
2014,Jordan Tripp,Montana,OLB,74.75,234,9.63,30.75,,4.67,22.0,37.5,120.0,3.96,6.89,
2014,Stephon Tuitt,Notre Dame,DT,77.5,304,10.0,34.75,,4.92,31.0,,,,,
2014,Billy Turner,North Dakota State,OT,77.0,315,10.0,34.0,,5.16,25.0,28.0,108.0,4.71,7.92,
2014,Trai Turner,Louisiana State,OG,74.63,310,9.5,34.0,,4.93,25.0,27.5,,,,
2014,George Uko,Southern California,DT,74.63,284,10.13,33.25,,4.99,18.0,29.5,110.0,,,
2014,John Urschel,Penn State,OG,75.0,313,10.38,33.0,,5.31,30.0,29.0,101.0,4.47,7.55,
2014,Kyle Van Noy,Brigham Young,OLB,75.13,243,,,,4.71,21.0,32.5,111.0,4.2,7.22,
2014,Dustin Vaughan,West Texas A&M,QB,76.88,235,8.88,33.0,,4.95,,29.0,108.0,4.43,7.25,
2014,Brock Vereen,Minnesota,SS,71.63,199,8.25,30.0,,4.47,25.0,34.0,116.0,4.07,6.9,
2014,Jason Verrett,Texas Christian,CB,69.5,189,9.25,30.63,,4.38,,39.0,127.0,4.0,6.69,
2014,Jimmie Ward,Northern Illinois,SS,71.0,193,9.38,31.0,,4.59,9.0,,,,,
2014,L'Damian Washington,Missouri,WR,75.88,195,9.0,33.38,,4.46,8.0,32.0,114.0,4.35,7.19,
2014,Todd Washington,Southeast Louisiana,CB,71.38,196,8.75,31.13,,4.57,13.0,,,,,
2014,Jaylen Watkins,Florida,CB,71.5,194,9.63,30.63,,4.41,22.0,,,,,
2014,Sammy Watkins,Clemson,WR,72.75,211,9.63,32.0,,4.43,16.0,34.0,125.0,4.34,6.95,
2014,Chris Watt,Notre Dame,OG,74.63,310,9.5,32.75,,5.5,29.0,,,,,
2014,Larry Webster,Bloomsburg,DE,78.0,252,10.13,33.5,,4.58,17.0,36.5,123.0,4.44,7.29,
2014,Keith Wenning,Ball State (IN),QB,75.0,218,10.0,31.25,,5.0,,28.0,99.0,4.25,7.07,
2014,Terrance West,Towson (MD),RB,69.25,225,9.13,31.0,,4.56,16.0,33.5,120.0,,,
2014,Ethan Westbrooks,West Texas A&M,DE,75.5,267,9.63,33.25,,4.9,19.0,29.0,110.0,4.67,7.3,
2014,Lavelle Westbrooks,Georgia Southern,CB,71.0,186,9.75,32.38,,4.63,15.0,36.0,121.0,4.27,6.98,
2014,James White,Wisconsin,RB,69.13,204,8.25,29.25,,4.57,23.0,32.0,113.0,4.2,7.05,11.76
2014,James Wilder,Florida State,RB,74.63,232,9.75,32.0,,4.86,18.0,35.0,121.0,4.24,6.92,12.03
2014,Andre Williams,Boston College,RB,71.38,230,,,,4.56,,38.0,128.0,4.06,7.27,
2014,Damien Williams,Oklahoma,RB,71.0,222,9.13,30.63,,4.45,16.0,35.5,121.0,4.25,7.37,11.76
2014,Avery Williamson,Kentucky,ILB,73.0,246,9.5,32.75,,4.66,25.0,30.5,120.0,4.07,7.11,
2014,Albert Wilson,Georgia State,WR,69.0,202,9.13,30.38,,4.43,10.0,37.5,123.0,4.21,7.0,
2014,Kerry Wynn,Richmond (VA),DE,77.0,266,9.13,31.75,,4.97,31.0,34.0,113.0,,7.11,
2014,David Yankey,Stanford,OG,78.0,315,9.5,34.0,,5.48,22.0,28.5,102.0,4.86,7.81,
2014,Jordan Zumwalt,UCLA,OLB,76.0,235,8.75,31.25,,4.76,,33.0,115.0,4.25,6.99,
2013,Oday Aboushi,Virginia,OT,77.38,308,10.63,33.78,,5.45,17.0,23.5,100.0,4.84,7.92,
2013,Johnny Adams,Michigan State,CB,70.25,185,8.0,31.28,,4.48,16.0,,,,,
2013,Robert Alford,Southeast Louisiana,CB,70.13,188,9.5,32.08,,4.39,17.0,40.0,132.0,4.23,6.89,
2013,Zach Allen,North Carolina State,OG,73.75,332,9.88,33.48,,5.43,32.0,,,,,
2013,David Amerson,North Carolina State,CB,73.0,205,10.5,32.58,,4.44,15.0,35.5,127.0,,,
2013,C.J. Anderson,California,RB,68.13,224,9.08,30.0,,4.6,17.0,32.0,119.0,4.12,7.15,
2013,Ezekial Ansah,Brigham Young,DE,77.25,271,,35.18,,4.63,21.0,34.5,118.0,4.26,7.11,
2013,Marc Anthony,California,CB,71.38,196,9.0,32.18,,4.63,12.0,35.0,118.0,4.07,6.74,
2013,Terron Armstead,Arkansas-Pine Bluff,OT,76.75,306,9.25,34.08,27.0,4.71,31.0,34.5,112.0,4.72,7.62,
2013,Tavon Austin,West Virginia,WR,68.5,174,9.18,30.08,7.0,4.34,14.0,32.0,120.0,4.01,,
2013,Jeff Baca,UCLA,OG,75.38,302,9.75,34.28,34.0,5.03,,26.5,,4.44,7.26,
2013,Alvin Bailey,Arkansas,OG,75.13,312,9.38,34.68,,4.95,27.0,,,,,
2013,Stedman Bailey,West Virginia,WR,70.25,193,9.78,32.68,,4.52,11.0,34.5,117.0,4.09,6.81,
2013,David Bakhtiari,Colorado,OT,76.25,299,9.5,34.08,,5.18,28.0,25.5,101.0,4.74,7.7,
2013,Montee Ball,Wisconsin,RB,70.5,214,9.08,32.63,,4.66,15.0,32.0,118.0,4.4,6.88,
2013,Johnthan Banks,Mississippi State,CB,74.0,185,9.25,33.78,,4.61,10.0,34.0,125.0,4.27,6.97,
2013,Chris Barker,Nevada,OG,74.63,305,9.38,33.08,,5.25,29.0,27.5,99.0,4.77,8.09,
2013,Matt Barkley,Southern California,QB,74.0,230,10.08,30.63,30.0,4.91,,,,,,
2013,Kenjon Barner,Oregon,RB,69.25,196,9.18,29.63,,4.52,20.0,35.5,122.0,4.2,6.87,11.33
2013,T.J. Barnes,Georgia Tech,DT,78.25,369,10.75,34.78,,5.3,25.0,22.0,97.0,4.96,8.26,
2013,Sam Barrington,South Florida,ILB,72.88,246,10.25,32.28,,4.91,22.0,32.5,117.0,,,
2013,David Bass,Missouri Western,DE,75.88,262,10.5,33.48,,4.84,20.0,30.5,111.0,4.33,7.07,
2013,Steve Beauharnais,Rutgers,ILB,72.88,240,9.13,32.68,,4.84,19.0,33.0,118.0,4.2,6.99,11.95
2013,Nick Becton,Virginia Tech,OT,77.25,323,9.0,35.48,,5.2,19.0,29.5,109.0,4.57,7.77,
2013,Le'Veon Bell,Michigan State,RB,73.38,230,9.58,,,4.6,24.0,31.5,118.0,4.24,6.75,
2013,Giovani Bernard,North Carolina,RB,68.38,202,9.38,28.0,25.0,4.53,19.0,33.5,122.0,4.12,6.91,11.41
2013,Tommy Bohanon,Wake Forest,FB,73.0,246,10.08,30.13,,4.88,36.0,35.0,119.0,4.42,7.27,11.94
2013,Travis Bond,North Carolina,OG,77.88,329,9.63,35.48,,5.27,22.0,22.5,98.0,4.96,7.85,
2013,Alan Bonner,Jacksonville State (AL),WR,70.25,193,9.38,30.28,,4.59,14.0,33.0,117.0,4.15,,
2013,Zach Boren,Ohio State,FB,71.5,238,10.08,31.5,,5.0,15.0,32.0,109.0,4.44,7.28,12.12
2013,Jon Bostic,Florida,ILB,72.88,245,9.63,33.08,23.0,4.61,22.0,32.5,118.0,4.24,6.99,
2013,Josh Boyce,Texas Christian,WR,71.13,206,9.28,31.28,,4.38,22.0,34.0,131.0,4.1,6.68,11.26
2013,Josh Boyd,Mississippi State,DT,74.63,310,9.25,32.08,,5.14,32.0,26.5,104.0,4.64,7.16,
2013,John Boyett,Oregon,FS,69.88,204,8.5,30.48,,4.64,27.0,,,,,
2013,Tyler Bray,Tennessee,QB,78.13,232,9.28,33.0,24.0,5.05,,,100.0,4.51,7.2,
2013,Dylan Breeding,Arkansas,P,73.25,213,8.88,31.0,,4.74,11.0,29.0,110.0,,,
2013,Arthur Brown,Kansas State,OLB,72.38,241,10.0,32.48,20.0,4.62,,,116.0,,,
2013,Braden Brown,Brigham Young,OT,77.38,310,10.25,34.28,,5.2,26.0,28.0,100.0,4.7,7.43,
2013,Armonty Bryant,East Central (OK),DE,75.88,263,9.75,35.68,,4.86,,31.5,118.0,5.0,7.32,
2013,Michael Buchanan,Illinois,DE,77.38,255,9.88,34.08,,4.78,22.0,33.0,113.0,4.44,6.91,
2013,Rex Burkhead,Nebraska,RB,70.25,214,9.68,30.88,,4.73,21.0,39.0,125.0,4.09,6.85,11.51
2013,Adrian Bushell,Louisville,CB,69.38,186,9.25,32.08,,4.58,17.0,33.0,116.0,4.25,6.92,
2013,Colby Cameron,Louisiana Tech,QB,74.13,212,9.08,32.0,,4.78,,30.5,112.0,4.28,6.98,
2013,Cornellius Carradine,Florida State,DE,76.13,276,10.25,34.75,,4.75,28.0,,,,,
2013,Braxston Cave,Notre Dame,C,75.25,303,9.38,32.08,,5.33,,25.5,98.0,4.71,7.81,
2013,Emmett Cleary,Boston College,OT,78.88,316,9.75,34.28,,5.21,24.0,28.5,108.0,4.7,7.81,
2013,Jamie Collins,Southern Mississippi,OLB,75.5,250,9.75,33.68,17.0,4.64,19.0,41.5,139.0,4.32,7.1,11.55
2013,Sanders Commings,Georgia,CB,72.13,216,8.88,32.08,22.0,4.41,,34.5,117.0,4.3,7.1,
2013,Jonathan Cooper,North Carolina,OG,74.13,311,10.25,33.08,34.0,5.07,35.0,27.0,108.0,4.84,7.78,
2013,Justice Cunningham,South Carolina,TE,74.63,258,10.08,33.78,,4.94,,31.5,116.0,4.45,7.12,11.88
2013,Johnathan Cyprien,Florida International,SS,72.25,217,,31.68,,4.56,,38.5,,,,
2013,Knile Davis,Arkansas,RB,71.38,227,8.58,29.75,,4.37,31.0,33.5,121.0,4.38,6.96,
2013,Marcus Davis,Virginia Tech,WR,75.0,233,10.28,32.68,,4.56,19.0,39.5,120.0,,7.15,
2013,Will Davis,Utah State,CB,71.25,186,,31.48,,4.51,16.0,35.5,127.0,4.02,6.52,
2013,Everett Dawkins,Florida State,DT,74.13,292,10.38,32.68,,5.06,23.0,30.0,103.0,4.88,7.61,
2013,Jordan Devey,Memphis,OT,78.63,317,9.63,32.68,,5.25,21.0,24.0,98.0,4.77,7.91,
2013,Zac Dysert,Miami (OH),QB,75.0,227,,,24.0,4.81,,,,,,
2013,Lavar Edwards,Louisiana State,DE,76.0,277,10.0,35.48,,4.8,,33.0,119.0,4.51,7.03,
2013,Mike Edwards,Hawaii,CB,69.0,189,9.13,31.58,,4.56,14.0,36.0,124.0,4.18,6.94,
2013,Tyler Eifert,Notre Dame,TE,77.5,250,9.18,33.18,23.0,4.68,22.0,35.5,119.0,4.32,6.92,11.52
2013,Matt Elam,Florida,FS,69.88,208,9.0,32.58,19.0,4.5,17.0,35.5,118.0,,,
2013,Andre Ellington,Clemson,RB,69.25,199,9.38,31.0,,4.61,,34.0,122.0,,,
2013,Zach Ertz,Stanford,TE,77.0,249,9.68,31.68,26.0,4.76,24.0,30.5,111.0,4.47,7.08,11.92
2013,Gavin Escobar,San Diego State,TE,77.88,254,9.68,33.58,28.0,4.84,,32.0,114.0,4.31,7.07,11.86
2013,Josh Evans,Florida,FS,73.13,207,10.0,31.78,,4.58,,34.5,123.0,4.1,6.64,
2013,Chris Faulk,Louisiana State,OT,77.5,331,9.63,34.28,,5.08,25.0,,,,,
2013,Joseph Fauria,UCLA,TE,79.38,259,10.78,33.68,,4.82,17.0,,,,,
2013,Eric Fisher,Central Michigan,OT,79.25,306,10.5,34.48,23.0,5.05,27.0,28.5,116.0,4.44,7.59,
2013,Sharrif Floyd,Florida,DT,74.63,297,10.13,31.68,,4.92,,30.0,106.0,4.75,7.4,
2013,D.J. Fluker,Alabama,OT,76.63,339,10.5,36.68,,5.31,21.0,,,,,
2013,Manase Foketi,West Texas A&M,OT,76.75,318,10.63,34.48,,5.3,25.0,23.5,102.0,5.06,8.11,
2013,Michael Ford,Louisiana State,RB,69.5,210,9.08,30.38,,4.5,25.0,38.5,130.0,4.25,6.87,11.43
2013,Reid Fragel,Ohio State,OT,79.63,308,10.63,33.08,,5.14,33.0,30.0,113.0,4.68,7.62,
2013,Johnathan Franklin,UCLA,RB,70.0,205,9.38,30.0,,4.49,18.0,31.5,115.0,4.31,6.89,11.33
2013,Travis Frederick,Wisconsin,C,75.63,312,10.0,33.08,,5.58,21.0,28.5,97.0,4.76,7.81,
2013,Corey Fuller,Virginia Tech,WR,74.25,204,9.48,33.28,,4.43,12.0,31.5,120.0,,,
2013,Matt Furstenburg,Maryland,TE,75.63,242,8.58,31.68,,4.62,18.0,35.5,115.0,4.35,7.09,11.76
2013,Rogers Gaines,Tennessee State,OT,78.25,334,10.63,36.28,,5.24,28.0,23.0,,5.24,,
2013,Kwame Geathers,Georgia,DT,77.38,342,9.5,35.28,,5.44,,26.5,96.0,5.27,8.11,
2013,William Gholston,Michigan State,DE,78.25,281,10.38,34.08,,4.96,23.0,28.5,110.0,4.59,7.2,
2013,Garrett Gilkey,Chadron State (NE),OG,77.88,318,10.25,32.58,,5.33,28.0,30.0,108.0,4.75,7.65,
2013,Mike Gillislee,Florida,RB,71.13,208,9.38,31.13,,4.55,15.0,30.5,119.0,4.4,7.12,12.02
2013,Mike Glennon,North Carolina State,QB,79.13,225,9.58,33.13,26.0,4.94,,26.5,102.0,4.52,7.49,
2013,Tyrone Goard,Eastern Kentucky,WR,75.75,205,8.68,34.08,,4.5,10.0,36.0,123.0,4.39,6.9,
2013,Zaviar Gooden,Missouri,OLB,73.5,234,10.0,32.28,25.0,4.47,27.0,34.0,131.0,4.18,6.71,11.28
2013,Malliciah Goodman,Clemson,DE,75.63,276,11.0,36.38,,4.87,26.0,31.5,114.0,,,
2013,Marquise Goodwin,Texas,WR,68.88,183,8.58,31.48,,4.27,13.0,,132.0,,,
2013,Chris Gragg,Arkansas,TE,74.75,244,9.08,33.58,,4.5,18.0,37.5,125.0,4.51,7.08,
2013,Ray Graham,Pittsburgh,RB,69.13,199,9.58,30.25,,4.8,18.0,32.5,112.0,4.21,7.17,11.63
2013,Dwayne Gratz,Connecticut,CB,71.13,201,10.5,32.18,,4.47,22.0,38.0,125.0,4.15,6.7,
2013,MarQueis Gray,Minnesota,TE,75.25,240,9.78,34.0,,4.73,15.0,30.0,111.0,4.3,7.25,
2013,Khaseem Greene,Rutgers,OLB,72.75,241,9.63,32.58,,4.71,17.0,30.0,116.0,4.2,7.58,11.87
2013,Cory Grissom,South Florida,DT,73.38,306,9.25,33.28,,5.31,22.0,27.5,97.0,4.81,7.79,
2013,Cobi Hamilton,Arkansas,WR,73.75,212,8.68,32.48,,4.56,11.0,29.5,107.0,4.31,,
2013,Johnathan Hankins,Ohio State,DT,74.88,320,9.5,33.08,,5.31,,26.0,104.0,4.61,7.59,
2013,Chris Harper,Kansas State,WR,72.75,229,9.68,32.68,33.0,4.55,20.0,35.5,116.0,4.39,6.89,
2013,D.J. Harper,Boise State,RB,69.13,211,10.28,31.0,,4.52,23.0,33.5,120.0,4.35,7.07,11.85
2013,Montel Harris,Temple,RB,68.25,208,9.38,30.5,,4.68,19.0,32.5,113.0,4.18,6.95,
2013,Mark Harrison,Rutgers,WR,74.88,231,9.58,35.08,,4.46,17.0,38.5,129.0,4.33,6.99,11.72
2013,Tanner Hawkinson,Kansas,OT,77.25,298,10.0,33.38,,5.07,,28.5,112.0,4.51,7.52,
2013,Terry Hawthorne,Illinois,CB,71.75,195,8.88,31.28,,4.44,13.0,35.5,116.0,,,
2013,Brandon Hepburn,Florida A&M,ILB,74.5,240,9.0,32.48,,4.68,21.0,32.0,124.0,4.55,7.4,
2013,Eric Herman,Ohio,OG,76.13,320,10.88,32.28,,5.25,36.0,28.0,95.0,5.09,7.99,
2013,Aaron Hester,UCLA,CB,73.63,198,10.38,32.48,,4.62,,29.0,112.0,4.33,7.26,
2013,Jordan Hill,Penn State,DT,73.25,303,10.25,33.48,,5.23,28.0,22.5,103.0,4.51,7.49,
2013,Gerald Hodges,Penn State,OLB,73.0,243,9.0,32.08,,4.78,22.0,,119.0,,,
2013,DeVonte Holloman,South Carolina,OLB,73.38,243,10.0,32.48,,4.76,15.0,33.0,113.0,4.26,7.3,
2013,DeAndre Hopkins,Clemson,WR,73.0,214,10.08,33.38,,4.57,15.0,36.0,115.0,4.5,,
2013,Dustin Hopkins,Florida State,K,74.0,193,8.88,31.75,,4.74,,33.5,116.0,,,
2013,Josh Hubner,Arizona State,P,75.63,232,10.5,32.0,,5.06,13.0,,,,,
2013,Montori Hughes,Tennessee-Martin,DT,76.0,329,10.13,32.58,,5.23,22.0,26.5,104.0,4.7,7.85,
2013,Margus Hunt,Southern Methodist (TX),DE,80.13,277,10.0,33.68,,4.62,38.0,34.5,121.0,4.51,7.07,
2013,Justin Hunter,Tennessee,WR,76.0,196,9.38,33.28,12.0,4.44,,39.5,136.0,4.33,,
2013,Micah Hyde,Iowa,CB,71.75,197,9.38,31.48,,4.56,12.0,33.0,121.0,4.2,6.78,
2013,Luke Ingram,Hawaii,LS,77.0,258,9.25,32.75,,5.05,24.0,,106.0,,,
2013,Mark Jackson,Glenville State (WV),OG,77.38,328,9.63,34.28,,5.65,20.0,20.5,91.0,5.03,8.07,
2013,Mike James,Miami (FL),RB,70.5,223,9.68,31.63,,4.53,28.0,35.0,115.0,4.62,,
2013,Jawan Jamison,Rutgers,RB,67.38,203,8.38,29.0,,4.68,20.0,29.0,110.0,,,
2013,Stefphon Jefferson,Nevada,RB,70.5,213,9.18,30.25,,4.68,15.0,31.0,117.0,4.44,6.97,11.8
2013,Tony Jefferson,Oklahoma,FS,70.75,213,9.25,31.58,,4.75,16.0,,,,,
2013,Brandon Jenkins,Florida State,OLB,74.5,251,9.25,33.28,,4.69,18.0,,,,,
2013,Jelani Jenkins,Florida,OLB,72.5,243,9.38,32.28,,4.54,27.0,,,,,
2013,John Jenkins,Georgia,DT,75.63,346,9.5,34.08,,5.21,30.0,,,,,
2013,Luke Joeckel,Texas A&M,OT,78.0,306,10.13,34.28,28.0,5.3,27.0,28.5,106.0,4.68,7.4,
2013,Darius Johnson,Southern Methodist (TX),WR,69.0,179,9.18,30.28,,4.6,6.0,32.0,109.0,4.53,,
2013,Josh Johnson,Purdue,CB,69.38,199,,30.38,,4.65,16.0,35.0,114.0,4.25,6.99,11.51
2013,Keelan Johnson,Arizona State,SS,71.63,209,9.0,32.48,,4.54,12.0,36.5,125.0,4.07,6.77,11.53
2013,Lane Johnson,Oklahoma,OT,78.0,303,10.13,35.28,28.0,4.72,28.0,34.0,118.0,4.52,7.31,
2013,Oscar Johnson,Louisiana Tech,OT,77.25,331,10.25,34.28,,5.49,,22.0,88.0,5.06,8.06,
2013,T.J. Johnson,South Carolina,C,76.25,310,9.5,33.48,,5.33,32.0,25.5,96.0,4.74,7.83,
2013,Jamaal Johnson-Webb,Alabama A&M,OG,77.0,313,10.0,35.68,,5.37,17.0,23.0,92.0,4.74,8.12,
2013,Abry Jones,Georgia,DT,75.38,313,9.75,35.08,,5.06,30.0,26.5,101.0,,,
2013,Chris Jones,Bowling Green (OH),DT,73.63,302,10.75,32.68,,5.33,30.0,24.5,106.0,4.44,7.44,
2013,Datone Jones,UCLA,DE,75.88,283,10.0,32.68,,4.8,29.0,31.5,112.0,4.32,7.32,
2013,Jarvis Jones,Georgia,OLB,75.0,241,9.13,33.08,13.0,4.74,,,,,,
2013,Landry Jones,Oklahoma,QB,76.13,225,9.18,33.0,28.0,5.11,,31.0,115.0,4.3,7.12,
2013,Dion Jordan,Oregon,DE,78.25,248,10.0,33.78,,4.6,,32.5,122.0,4.35,7.02,
2013,Nick Kasa,Colorado,TE,77.88,269,9.18,32.78,,4.71,22.0,31.5,113.0,,,
2013,Brandon Kaufman,Eastern Washington,WR,77.0,216,9.28,32.28,,4.67,9.0,33.5,115.0,4.44,7.11,12.14
2013,Travis Kelce,Cincinnati,TE,77.0,257,,,22.0,4.63,,,,,,
2013,Tavarres King,Georgia,WR,72.25,189,9.48,33.08,,4.47,11.0,36.5,123.0,4.33,6.91,
2013,A.J. Klein,Iowa State,ILB,73.25,250,10.25,32.78,,4.66,20.0,,113.0,,,
2013,Collin Klein,Kansas State,QB,76.88,226,9.28,32.0,,4.78,,29.0,111.0,4.4,7.17,
2013,Joe Kruger,Utah,DE,78.25,269,10.0,34.38,,4.83,24.0,34.0,117.0,4.46,7.17,
2013,Edmond Kugbila,Valdosta State (GA),OG,76.13,317,,34.78,,5.31,23.0,22.2,105.0,4.65,7.72,
2013,Eddie Lacy,Alabama,RB,73.0,220,9.48,31.0,17.0,4.55,,,,,,
2013,Marcus Lattimore,South Carolina,RB,71.0,219,,,18.0,4.65,,,,,,
2013,Alec Lemon,Syracuse,WR,73.25,202,8.48,31.18,,4.59,7.0,32.0,112.0,4.29,7.04,
2013,Corey Lemonier,Auburn,DE,75.38,255,10.13,34.48,,4.6,27.0,33.0,119.0,4.4,7.14,
2013,Robert Lester,Alabama,SS,73.25,220,9.75,32.08,,4.66,,33.5,117.0,,,
2013,Zach Line,Southern Methodist (TX),FB,72.5,232,8.68,30.75,,4.77,26.0,30.5,111.0,,,
2013,Bennie Logan,Louisiana State,DT,73.88,309,10.25,34.08,,5.08,30.0,25.0,104.0,4.67,7.53,
2013,P.J. Lonergan,Louisiana State,C,75.25,304,10.13,33.08,,5.38,25.0,,,,,
2013,Kyle Long,Oregon,OT,78.13,313,11.0,33.38,29.0,4.94,,28.0,107.0,4.63,7.83,
2013,John Lotulelei,Nevada Las Vegas,OLB,71.38,233,10.63,32.38,,4.84,25.0,35.5,117.0,4.3,6.91,
2013,Star Lotulelei,Utah,DT,76.0,320,9.75,33.58,,5.14,,,,,,
2013,Philip Lutzenkirchen,Auburn,TE,75.25,258,10.28,33.28,,4.94,21.0,30.5,112.0,4.35,7.15,
2013,Joe Madsen,West Virginia,C,75.38,310,9.5,30.08,,5.2,25.0,25.0,98.0,4.83,7.6,
2013,Lamar Mady,Youngstown State (OH),OG,74.0,317,9.38,33.48,,5.48,35.0,23.0,95.0,4.82,8.07,
2013,Brandon Magee,Arizona State,OLB,71.0,223,9.13,28.68,,4.74,,,114.0,,,
2013,E.J. Manuel,Florida State,QB,76.63,237,10.38,,28.0,4.65,,34.0,118.0,4.21,7.08,
2013,Stansly Maponga,Texas Christian,DE,73.88,256,10.0,34.18,,4.78,30.0,,,,,
2013,Luke Marquardt,Azusa Pacific (CA),OT,80.5,315,10.25,34.48,,5.34,31.0,,,,,
2013,Tyrann Mathieu,Louisiana State,CB,68.75,186,9.38,31.18,,4.5,4.0,34.0,117.0,4.14,6.87,
2013,Michael Mauti,Penn State,OLB,73.88,243,10.5,32.48,,4.83,28.0,,,,,
2013,Miguel Maysonet,Stony Brook (NY),RB,69.0,209,8.48,29.38,,4.54,20.0,,,4.43,7.21,
2013,Onterio McCalebb,Auburn,RB,70.25,168,9.08,31.0,,4.34,,34.0,121.0,,,
2013,Demetrius McCray,Appalachian State (NC),CB,72.88,187,9.25,33.78,,4.54,4.0,36.0,126.0,4.32,7.17,
2013,T.J. McDonald,Southern California,FS,74.5,219,9.25,33.18,,4.59,19.0,40.0,131.0,4.2,6.89,
2013,Vance McDonald,Rice (TX),TE,76.13,267,10.18,34.38,30.0,4.69,31.0,33.5,119.0,4.53,7.08,11.73
2013,Bradley McDougald,Kansas,FS,72.25,215,9.13,32.48,,4.74,19.0,34.5,122.0,4.44,7.07,
2013,Leon McFadden,San Diego State,CB,69.63,193,9.0,32.38,,4.54,10.0,34.5,119.0,4.27,6.81,
2013,Brandon McGee,Miami (FL),CB,71.0,193,9.13,32.08,,4.4,14.0,33.5,119.0,4.18,6.71,
2013,Aaron Mellette,Elon (NC),WR,74.38,217,9.58,33.18,,4.54,9.0,33.5,123.0,4.41,7.11,
2013,Christine Michael,Texas A&M,RB,70.0,220,9.38,31.5,11.0,4.54,27.0,43.0,125.0,4.02,6.69,11.56
2013,Rontez Miles,California (PA),FS,71.63,203,10.25,32.78,,4.62,,36.5,123.0,4.27,6.97,
2013,Stephane Milhim,Massachusetts,OT,75.75,314,10.25,34.28,,5.23,,28.5,104.0,4.87,,
2013,Dee Milliner,Alabama,CB,71.88,201,8.75,32.08,,4.37,,36.0,122.0,4.32,6.95,
2013,Jordan Mills,Louisiana Tech,OT,77.0,316,9.75,34.08,,5.37,20.0,28.5,101.0,4.88,8.1,
2013,Barkevious Mingo,Louisiana State,OLB,76.25,241,9.63,33.68,,4.58,,37.0,128.0,4.39,6.84,
2013,Kevin Minter,Louisiana State,ILB,71.75,246,9.38,32.08,,4.81,25.0,33.0,119.0,,,
2013,T.J. Moe,Missouri,WR,71.5,204,9.78,30.18,,4.74,26.0,36.0,120.0,3.96,6.53,10.87
2013,Sam Montgomery,Louisiana State,DE,75.25,262,9.25,33.78,24.0,4.81,,34.5,114.0,4.51,7.18,
2013,Nick Moody,Florida State,OLB,73.0,236,9.63,31.48,,4.71,17.0,,118.0,,,
2013,Damontre Moore,Texas A&M,DE,76.5,250,10.25,34.68,18.0,4.95,12.0,35.5,122.0,,,
2013,Sio Moore,Connecticut,OLB,72.75,245,10.25,33.58,,4.65,29.0,38.0,127.0,4.31,7.49,12.39
2013,Zeke Motta,Notre Dame,FS,74.25,213,9.25,31.38,,4.83,11.0,35.5,126.0,4.16,6.75,
2013,Ryan Nassib,Syracuse,QB,74.13,227,10.18,32.0,41.0,5.06,,28.5,105.0,4.53,7.34,
2013,Alec Ogletree,Georgia,OLB,74.5,242,10.0,33.48,16.0,4.7,20.0,33.5,122.0,4.39,7.16,
2013,Alex Okafor,Texas,DE,76.5,264,9.63,33.78,,4.78,21.0,,,,,
2013,Vinston Painter,Virginia Tech,OT,76.25,306,9.88,34.08,,4.95,32.0,30.5,97.0,4.56,7.71,
2013,Chris Pantale,Boston College,TE,77.13,254,10.28,33.28,,4.99,17.0,33.5,110.0,4.5,7.48,12.22
2013,Cordarrelle Patterson,Tennessee,WR,73.88,216,9.08,31.68,11.0,4.42,,37.0,128.0,,,
2013,Quinton Patton,Louisiana Tech,WR,72.0,204,9.38,32.78,,4.53,8.0,33.0,118.0,4.01,6.91,
2013,Sean Porter,Texas A&M,OLB,73.25,229,9.25,32.28,,4.75,22.0,35.0,119.0,,,
2013,Keith Pough,Howard (DC),OLB,73.75,239,9.63,33.48,,4.9,17.0,33.0,118.0,4.47,7.28,
2013,Ty Powell,Harding (AR),OLB,74.13,249,9.75,32.48,,4.64,28.0,37.0,122.0,4.4,6.98,
2013,Jordan Poyer,Oregon State,CB,71.88,191,9.75,31.68,,4.54,8.0,30.5,118.0,4.18,6.87,11.51
2013,Lonnie Pryor,Florida State,FB,71.38,227,8.38,30.38,,4.7,17.0,30.0,114.0,4.55,7.28,12.13
2013,Justin Pugh,Syracuse,OG,76.5,307,10.25,32.08,,5.14,,28.5,103.0,4.63,7.45,
2013,David Quessenberry,San Jose State,OT,76.88,302,10.63,34.38,,5.08,25.0,29.5,112.0,4.45,7.49,
2013,Bacarri Rambo,Georgia,FS,72.5,211,9.25,31.08,20.0,4.56,17.0,,,,,
2013,Joseph Randle,Oklahoma State,RB,72.0,204,8.68,31.75,,4.63,,35.0,123.0,,,
2013,Kevin Reddick,North Carolina,ILB,73.38,243,9.75,32.28,,4.72,23.0,,113.0,,,
2013,Jordan Reed,Florida,TE,74.5,236,10.08,33.08,,4.72,16.0,,,,,
2013,Eric Reid,Louisiana State,FS,73.25,213,10.0,33.58,29.0,4.53,17.0,40.5,134.0,4.22,6.99,
2013,Greg Reid,Valdosta State (GA),CB,68.25,190,9.0,29.68,,4.46,10.0,,,,,
2013,Xavier Rhodes,Florida State,CB,73.5,210,9.0,33.68,,4.43,14.0,40.5,132.0,,,
2013,Sheldon Richardson,Missouri,DT,74.5,294,10.5,34.48,9.0,5.02,30.0,32.0,116.0,,,
2013,Theo Riddick,Notre Dame,RB,70.13,201,8.68,30.0,,4.68,,32.0,118.0,,,
2013,Mychal Rivera,Tennessee,TE,75.25,242,10.28,32.58,,4.81,17.0,31.0,112.0,4.43,7.17,
2013,Nickell Robey,Southern California,CB,67.25,169,9.13,29.68,,4.53,10.0,37.5,127.0,4.09,6.74,
2013,Denard Robinson,Michigan,WR,70.5,199,9.08,32.58,,4.43,,36.5,123.0,4.22,7.09,
2013,DaRick Rogers,Tennessee Tech,WR,74.5,217,9.48,32.68,,4.52,10.0,39.5,132.0,4.06,6.71,11.31
2013,Robbie Rouse,Frenso State (CA),RB,65.75,190,9.28,28.38,,4.8,15.0,34.0,114.0,4.25,6.97,11.56
2013,Logan Ryan,Rutgers,CB,71.13,191,9.63,31.38,,4.56,14.0,32.5,116.0,4.06,6.69,11.28
2013,Etienne Sabino,Ohio State,OLB,74.0,247,9.63,33.08,,4.75,24.0,,114.0,,,
2013,Lanear Sampson,Baylor,WR,71.13,204,9.28,30.68,,4.46,20.0,33.5,119.0,4.38,7.1,11.87
2013,Ace Sanders,South Carolina,WR,67.0,173,8.78,29.48,,4.58,7.0,32.0,117.0,4.37,6.81,11.29
2013,Brian Schwenke,California,C,75.0,314,10.25,32.08,31.0,4.99,31.0,26.5,108.0,4.74,7.31,
2013,Matt Scott,Arizona,QB,74.13,213,9.08,30.25,22.0,4.69,,31.0,118.0,3.99,6.69,
2013,Tharold Simon,Louisiana State,CB,74.0,202,8.75,32.68,,4.51,9.0,34.0,128.0,,,
2013,Dion Sims,Michigan State,TE,76.88,262,10.48,33.18,,4.75,22.0,35.0,112.0,4.52,7.36,12.1
2013,Darius Slay,Mississippi State,CB,71.88,192,9.38,32.28,10.0,4.36,14.0,35.5,124.0,4.21,6.9,
2013,Geno Smith,West Virginia,QB,74.38,218,9.28,32.5,24.0,4.58,,33.5,124.0,,,
2013,Jared Smith,New Hampshire,DT,75.38,302,10.5,33.48,,5.08,28.0,32.5,115.0,4.39,7.2,
2013,Rodney Smith,Florida State,WR,76.38,225,10.38,34.68,,4.51,,34.5,120.0,4.07,7.03,11.84
2013,Brad Sorensen,Southern Utah,QB,76.5,229,9.28,32.25,,4.97,,29.0,112.0,4.55,7.17,
2013,Ryan Spadola,Lehigh (PA),WR,73.25,204,9.68,30.68,,4.48,15.0,33.5,119.0,4.07,6.72,11.35
2013,Akeem Spence,Illinois,DT,72.63,307,10.0,33.48,,5.15,37.0,30.0,107.0,4.72,7.82,
2013,Zac Stacy,Vanderbilt,RB,68.38,216,8.58,30.25,,4.55,27.0,33.0,122.0,4.17,6.7,
2013,Daimion Stafford,Nebraska,FS,71.63,221,9.25,31.18,,4.69,21.0,30.5,111.0,,7.06,
2013,Matt Stankiewitch,Penn State,C,75.0,302,10.0,32.48,,5.43,27.0,24.0,92.0,4.96,7.9,
2013,Jawanza Starling,Southern California,SS,72.75,202,8.75,32.08,,4.64,17.0,36.0,122.0,4.34,6.68,11.62
2013,Jonathan Stewart,Texas A&M,ILB,75.75,242,9.38,32.58,,4.68,19.0,31.0,118.0,4.53,7.44,
2013,Kenny Stills,Oklahoma,WR,72.5,194,9.08,30.48,,4.38,16.0,33.5,124.0,4.35,,
2013,Jake Stoneburner,Ohio State,TE,75.38,252,9.38,32.28,,4.65,18.0,34.5,116.0,4.27,7.12,11.5
2013,Dax Swanson,Sam Houston State (TX),CB,70.0,186,,30.38,,4.56,15.0,33.0,122.0,,,
2013,D.J. Swearinger,South Carolina,FS,70.5,208,9.5,32.38,28.0,4.67,17.0,37.0,124.0,4.11,6.7,
2013,Rod Sweeting,Georgia Tech,CB,71.25,189,9.0,31.28,,4.42,11.0,37.0,124.0,,,
2013,Ryan Swope,Texas A&M,WR,72.13,205,8.48,31.38,,4.34,16.0,37.0,125.0,4.25,6.76,
2013,Bruce Taylor,Virginia Tech,ILB,73.38,234,10.38,33.18,,5.01,19.0,30.5,115.0,4.39,7.21,
2013,Devin Taylor,South Carolina,DE,79.0,266,10.38,36.08,,4.72,14.0,35.0,128.0,4.3,6.89,
2013,Jamar Taylor,Boise State,CB,70.63,192,9.13,30.68,,4.39,22.0,35.0,127.0,4.06,6.82,
2013,Stepfan Taylor,Stanford,RB,69.13,214,8.58,30.13,,4.76,17.0,30.0,110.0,4.5,7.13,12.06
2013,Manti Te'o,Notre Dame,ILB,73.25,241,,32.48,23.0,4.82,,33.0,113.0,4.27,7.13,
2013,Chase Thomas,Stanford,OLB,75.25,244,9.63,32.28,,4.91,18.0,32.0,113.0,4.31,7.17,
2013,Phillip Thomas,Frenso State (CA),FS,72.5,208,9.25,30.58,,4.65,14.0,35.0,122.0,,,
2013,Shamarko Thomas,Syracuse,SS,68.88,213,9.25,31.48,,4.42,28.0,40.5,133.0,4.26,,
2013,Kenbrell Thompkins,Cincinnati,WR,72.63,193,8.68,32.28,,4.54,8.0,33.5,121.0,4.21,6.88,11.9
2013,Chris Thompson,Florida State,RB,67.13,192,9.28,30.25,,4.42,21.0,,,,,
2013,Hugh Thornton,Illinois,OG,75.25,320,10.0,34.18,,5.11,27.0,,,4.63,7.45,
2013,Levine Toilolo,Stanford,TE,80.0,260,10.28,34.48,,4.86,17.0,31.0,113.0,4.57,7.09,11.97
2013,J.C. Tretter,Cornell (NY),OG,75.63,307,10.13,33.38,,5.09,29.0,29.5,109.0,4.69,7.48,
2013,Desmond Trufant,Washington,CB,71.63,190,8.63,31.28,22.0,4.38,16.0,37.5,125.0,3.85,,
2013,Matthew Tucker,Texas Christian,RB,72.38,221,9.28,30.25,,4.55,17.0,35.5,118.0,,,
2013,Kenny Vaccaro,Texas,FS,73.0,214,10.0,32.68,22.0,4.63,15.0,38.0,121.0,4.06,6.78,
2013,James Vandenberg,Iowa,QB,74.75,226,9.68,30.25,,4.92,,32.0,116.0,4.52,6.95,
2013,Conner Vernon,Duke,WR,72.25,196,9.28,30.48,,4.68,,32.5,125.0,4.22,6.93,11.34
2013,Ricky Wagner,Wisconsin,OT,77.88,308,9.88,34.08,,5.17,20.0,31.5,101.0,4.91,7.94,
2013,Larry Warford,Kentucky,OG,75.0,332,9.5,33.38,,5.58,28.0,22.5,96.0,5.1,7.78,
2013,Chance Warmack,Alabama,OG,74.0,317,9.63,34.68,9.0,5.49,,,110.0,,,
2013,Cornelius Washington,Georgia,DE,76.0,265,9.5,34.08,,4.55,36.0,39.0,128.0,,,
2013,Earl Watford,James Madison (VA),OG,75.38,300,10.0,34.08,,5.06,24.0,30.0,107.0,5.0,7.77,
2013,Menelik Watson,Florida State,OT,77.13,310,10.38,34.08,20.0,5.29,,24.5,103.0,5.01,8.31,
2013,Jason Weaver,Southern Mississippi,OT,76.38,313,9.25,34.08,,5.44,23.0,21.0,94.0,5.07,8.23,
2013,B.W. Webb,William & Mary (VA),CB,70.25,184,9.38,30.28,,4.51,14.0,40.5,132.0,3.84,6.82,11.06
2013,Kayvon Webster,South Florida,CB,70.5,195,8.5,32.48,,4.41,14.0,35.0,125.0,,,
2013,Bjoern Werner,Florida State,DE,75.25,266,9.63,33.28,,4.83,25.0,31.0,111.0,4.4,7.3,
2013,John Wetzel,Boston College,OT,79.0,315,10.0,34.08,,5.46,22.0,25.0,105.0,4.81,7.9,
2013,Markus Wheaton,Oregon State,WR,71.0,189,9.18,32.68,,4.45,20.0,37.0,120.0,4.02,6.8,11.16
2013,J.J. Wilcox,Georgia Southern,SS,72.0,213,9.0,31.08,15.0,4.57,17.0,35.0,124.0,4.09,7.02,
2013,Brandon Williams,Missouri Southern,DT,73.0,335,9.75,32.58,,5.37,38.0,29.5,102.0,4.91,8.09,
2013,Jesse Williams,Alabama,DT,75.38,323,9.38,32.08,,4.94,30.0,,,,,
2013,Kerwynn Williams,Utah State,RB,68.13,196,9.18,29.75,,4.48,17.0,35.0,118.0,4.15,7.15,12.04
2013,Nathan Williams,Ohio State,OLB,75.0,241,10.13,30.58,,4.88,24.0,35.0,113.0,4.44,6.99,
2013,Nicholas Williams,Samford (AL),DT,76.5,309,,34.18,,4.94,28.0,33.0,111.0,4.65,7.55,
2013,Shawn Williams,Georgia,SS,71.88,213,8.38,30.68,22.0,4.46,25.0,36.0,120.0,4.25,7.01,
2013,Steve Williams,California,CB,68.88,181,8.13,30.48,,4.42,12.0,40.5,128.0,4.1,6.89,
2013,Sylvester Williams,North Carolina,DT,74.63,313,10.75,33.48,25.0,5.03,27.0,26.5,102.0,4.8,7.93,
2013,Terrance Williams,Baylor,WR,74.0,208,8.68,31.28,,4.52,11.0,32.5,119.0,4.32,7.01,11.5
2013,Tourek Williams,Florida International,DE,75.0,260,9.5,32.48,,4.92,25.0,33.0,112.0,,,
2013,Trevardo Williams,Connecticut,OLB,73.25,241,9.38,32.28,14.0,4.57,30.0,38.0,124.0,,,
2013,Braden Wilson,Kansas State,FB,76.0,251,10.08,33.38,,4.81,22.0,,,,,
2013,Marquess Wilson,Washington State,WR,74.63,194,9.28,31.18,,4.51,7.0,34.5,122.0,4.33,6.65,
2013,Tyler Wilson,Arkansas,QB,74.0,215,8.68,31.38,20.0,4.95,,28.5,112.0,4.39,7.22,
2013,George Winn,Cincinnati,RB,70.5,218,9.78,30.88,,4.75,22.0,34.5,119.0,,,
2013,Earl Wolff,North Carolina State,SS,71.0,209,9.13,31.48,,4.44,,39.0,134.0,4.07,,
2013,Cierre Wood,Notre Dame,RB,71.0,213,8.58,30.88,,4.56,16.0,37.5,124.0,,,
2013,Robert Woods,Southern California,WR,73.0,201,9.28,31.08,23.0,4.51,14.0,33.5,117.0,4.47,7.15,
2013,Khalid Wooten,Nevada,CB,71.0,210,9.13,32.68,,4.53,17.0,33.5,117.0,4.18,6.95,11.41
2013,Tom Wort,Oklahoma,ILB,73.0,235,8.75,31.08,,4.78,21.0,31.5,111.0,4.51,7.41,12.36
2013,Blidi Wreh-Wilson,Connecticut,CB,73.0,195,8.63,32.08,33.0,4.53,14.0,36.0,128.0,4.12,6.97,11.56
2012,Emmanuel Acho,Texas,OLB,73.63,238,10.0,33.0,,4.64,24.0,35.5,118.0,,,
2012,Joe Adams,Arkansas,WR,70.63,179,9.38,31.88,,4.51,,36.0,123.0,,7.09,
2012,Mike Adams,Ohio State,OT,79.25,323,10.88,34.0,,5.28,19.0,28.5,100.0,4.95,7.94,
2012,Chas Alecxih,Pittsburgh,DT,75.75,296,10.38,33.38,,5.31,19.0,25.5,99.0,4.62,7.74,
2012,Frank Alexander,Oklahoma,DE,75.75,270,9.75,35.0,,4.82,,,,,,
2012,Antonio Allen,South Carolina,SS,73.5,210,9.38,32.5,,4.58,17.0,34.0,118.0,4.25,7.02,11.59
2012,Dwayne Allen,Clemson,TE,75.13,255,9.63,33.0,,4.85,27.0,32.0,110.0,4.37,7.12,12.07
2012,Jeff Allen,Illinois,OT,75.88,307,10.0,33.5,,5.17,26.0,27.5,102.0,4.9,8.01,
2012,Justin Anderson,Georgia,OT,76.38,335,10.5,34.63,,5.24,32.0,27.0,101.0,4.99,8.04,
2012,Bryan Anger,California,P,75.63,208,9.13,33.25,,4.86,,,,,,
2012,Mark Asper,Oregon,OG,78.38,319,9.75,32.25,,5.33,23.0,,,,,
2012,Edwin Baker,Michigan State,RB,68.0,204,8.13,29.63,,4.44,20.0,35.0,111.0,4.31,7.27,
2012,Ryan Baker,Louisiana State,OLB,71.38,232,9.0,31.0,,4.8,30.0,34.0,113.0,4.35,7.21,
2012,Mike Ball,Nevada,RB,68.5,206,9.13,31.0,,4.54,21.0,36.0,112.0,4.23,7.1,11.84
2012,Vick Ballard,Mississippi State,RB,70.25,219,9.5,31.75,,4.59,23.0,33.0,115.0,4.19,7.03,
2012,Mark Barron,Alabama,SS,73.0,213,9.5,33.63,,4.56,,,,,,
2012,Kelvin Beachum,Southern Methodist (TX),OG,74.88,303,9.38,33.25,,5.38,19.0,28.5,101.0,4.8,7.79,
2012,Tim Benford,Tennessee Tech,WR,71.25,205,8.88,,,4.51,15.0,,,,,
2012,Travis Benjamin,Miami (FL),WR,69.88,172,8.75,31.75,,4.31,14.0,38.0,119.0,,,
2012,Dwight Bentley,Louisiana-Lafayette,CB,70.0,182,8.0,30.25,,4.42,13.0,31.5,114.0,4.5,6.99,12.11
2012,Jake Bequette,Arkansas,DE,76.63,274,9.25,32.0,,4.75,,34.0,113.0,4.07,6.9,
2012,Tony Bergstrom,Utah,OT,77.38,313,9.0,32.0,,5.19,32.0,29.5,101.0,4.84,7.95,
2012,Justin Bethel,Presbyterian (SC),FS,71.63,200,9.75,32.38,,4.52,19.0,39.5,131.0,4.3,6.79,
2012,Justin Blackmon,Oklahoma State,WR,72.88,207,9.25,32.5,,4.48,14.0,,,,,
2012,Philip Blake,Baylor,C,74.75,311,9.88,33.0,,5.17,22.0,29.5,105.0,4.65,7.86,
2012,Robert Blanton,Notre Dame,CB,72.75,208,9.13,31.25,,4.66,12.0,34.0,116.0,3.97,6.71,11.28
2012,Jamie Blatnick,Oklahoma State,DE,75.13,263,10.25,31.5,,4.81,28.0,32.5,112.0,4.2,7.22,
2012,Brandon Bolden,Mississippi,RB,70.88,222,10.0,32.25,,4.55,21.0,38.0,119.0,4.44,6.96,
2012,Omar Bolden,Arizona State,CB,70.38,202,8.88,31.5,,4.54,24.0,,,,,
2012,Brandon Boykin,Georgia,CB,69.5,182,9.38,31.5,,4.44,,,,,,
2012,Jarrett Boykin,Virginia Tech,WR,73.75,217,10.25,32.25,,4.62,11.0,36.0,123.0,4.28,7.12,11.22
2012,Nigel Bradham,Florida State,OLB,73.88,241,10.5,33.75,,4.56,24.0,37.0,121.0,4.37,7.18,
2012,Andre Branch,Clemson,DE,76.25,259,9.0,34.0,,4.67,19.0,32.5,120.0,4.25,7.19,
2012,LaVon Brazill,Ohio,WR,70.63,192,9.75,32.0,,4.43,11.0,32.5,,,,
2012,Michael Brewster,Ohio State,C,76.13,312,9.5,31.5,,5.22,29.0,25.0,96.0,4.6,7.73,
2012,Michael Brockers,Louisiana State,DT,77.0,322,9.13,35.0,,5.31,,26.5,105.0,4.81,7.46,
2012,Brandon Brooks,Miami (OH),OG,77.0,346,,,,4.99,,,,,,
2012,Ron Brooks,Louisiana State,CB,70.0,190,9.0,30.63,,4.37,12.0,38.0,120.0,,,
2012,Charles Brown,North Carolina,CB,69.0,202,11.38,28.88,,4.53,18.0,35.5,114.0,4.06,6.94,11.56
2012,James Brown,Troy (AL),OG,75.5,306,10.25,34.5,,5.19,24.0,25.5,102.0,4.78,7.7,
2012,Zach Brown,North Carolina,OLB,73.25,244,9.5,33.25,,4.44,,33.5,116.0,,,
2012,Ryan Broyles,Oklahoma,WR,70.13,192,9.0,30.25,,4.57,21.0,,,,,
2012,Vontaze Burfict,Arizona State,ILB,73.38,248,9.75,31.25,,5.0,,30.0,104.0,,,
2012,Miles Burris,San Diego State,OLB,74.13,246,9.88,31.88,,4.73,31.0,37.5,121.0,,,
2012,Tank Carder,Texas Christian,ILB,74.38,236,9.13,31.5,,4.58,19.0,34.5,121.0,4.18,6.89,11.53
2012,Sean Cattouse,California,SS,74.13,211,9.5,33.0,,4.74,,34.0,114.0,4.15,6.99,
2012,Josh Chapman,Alabama,DT,72.63,316,11.88,32.0,,5.02,,,,,,
2012,Orson Charles,Georgia,TE,74.5,251,9.25,32.5,,4.83,35.0,,,,,
2012,Greg Childs,Arkansas,WR,75.13,219,10.13,34.13,,4.52,19.0,36.5,125.0,,,
2012,Morris Claiborne,Louisiana State,CB,71.13,188,8.5,33.25,4.0,4.5,,34.5,118.0,4.12,7.01,11.44
2012,Danny Coale,Virginia Tech,WR,71.88,201,9.13,30.63,,4.42,12.0,35.0,115.0,4.15,6.69,11.22
2012,Audie Cole,North Carolina State,ILB,76.13,246,10.0,32.75,,4.76,15.0,35.0,114.0,4.29,6.96,
2012,B.J. Coleman,Tennessee-Chattanooga,QB,75.0,233,10.38,31.63,,4.95,,,109.0,4.38,7.07,
2012,Tom Compton,South Dakota,OT,76.88,314,10.0,34.0,,5.01,20.0,30.0,108.0,4.6,7.59,
2012,Josh Cooper,Oklahoma State,WR,70.63,190,9.5,31.0,,4.65,11.0,,,,,
2012,Quinton Coples,North Carolina,DE,77.75,284,10.25,33.25,,4.69,25.0,31.5,109.0,4.78,7.57,
2012,Paul Cornick,North Dakota State,OT,77.5,310,10.25,35.0,,5.3,25.0,,,,,
2012,Aaron Corp,Richmond (VA),QB,75.5,215,9.38,32.0,,4.61,,31.5,106.0,4.3,7.03,
2012,Kirk Cousins,Michigan State,QB,74.63,214,9.88,31.75,33.0,4.84,,28.5,109.0,4.5,7.05,
2012,Fletcher Cox,Mississippi State,DT,76.0,298,10.38,34.5,,4.77,30.0,26.0,103.0,4.53,7.07,
2012,Jack Crawford,Penn State,DE,76.88,274,10.25,33.5,,4.74,,33.0,116.0,4.25,7.15,
2012,Tyrone Crawford,Boise State,DE,76.25,275,9.5,33.75,,4.82,28.0,33.0,113.0,4.44,7.09,
2012,Lennon Creer,Louisiana Tech,RB,71.38,219,9.25,31.5,,4.67,21.0,33.5,110.0,4.4,7.26,
2012,Jared Crick,Nebraska,DE,76.25,279,10.13,32.0,,4.91,,31.0,104.0,4.4,7.47,
2012,Juron Criner,Arizona,WR,74.5,224,10.5,32.0,,4.66,17.0,38.0,117.0,4.3,7.15,
2012,John Cullen,Utah,OT,76.5,297,9.88,32.13,,5.28,23.0,27.0,102.0,4.59,7.58,
2012,B.J. Cunningham,Michigan State,WR,73.38,211,8.13,33.0,,4.52,12.0,31.5,116.0,,7.1,
2012,Vinny Curry,Marshall (WV),DE,75.13,266,9.25,32.75,,4.87,,32.0,110.0,4.4,6.9,
2012,Mike Daniels,Iowa,DT,72.5,291,9.63,32.5,,4.84,,,,,,
2012,Andrew Datko,Florida State,OT,78.0,315,10.0,33.88,,5.19,,29.5,100.0,4.54,7.71,
2012,Lavonte David,Nebraska,OLB,72.63,233,8.75,31.75,,4.57,19.0,36.5,119.0,4.22,7.28,
2012,Austin Davis,Southern Mississippi,QB,73.63,219,10.38,31.75,,4.69,,31.0,109.0,4.11,6.73,
2012,Demario Davis,Arkansas State,OLB,74.0,235,9.0,32.0,,4.49,32.0,38.5,124.0,4.28,7.19,11.65
2012,David DeCastro,Stanford,OG,76.88,316,10.0,32.38,,5.32,34.0,29.5,98.0,4.56,7.3,
2012,Alfonzo Dennard,Nebraska,CB,70.0,204,9.5,30.0,,4.48,,37.0,121.0,,,
2012,Taylor Dever,Notre Dame,OT,77.38,298,9.75,32.5,,5.4,18.0,28.0,100.0,4.9,7.49,
2012,Drake Dunsmore,Northwestern,FB,74.13,241,9.63,32.75,,4.63,21.0,35.5,117.0,4.03,6.73,11.47
2012,Patrick Edwards,Houston,WR,69.25,172,8.38,29.63,,4.58,,,,,,
2012,Michael Egnew,Missouri,TE,77.13,252,9.75,33.0,,4.52,21.0,36.0,131.0,4.32,7.03,12.07
2012,Rhett Ellison,Southern California,TE,76.88,251,10.25,32.75,,4.78,,31.5,109.0,,,
2012,Bradie Ewing,Wisconsin,FB,71.75,239,10.38,31.38,,4.73,14.0,36.5,120.0,4.16,7.14,11.81
2012,Hebron Fangupo,Brigham Young,DT,72.75,323,,32.75,,5.12,36.0,31.5,99.0,4.62,7.94,
2012,Antonio Fenelus,Wisconsin,CB,67.88,190,9.5,31.25,,4.57,20.0,32.0,109.0,4.2,6.8,11.79
2012,Coby Fleener,Stanford,TE,78.0,247,10.0,33.38,,4.52,27.0,,,,,
2012,Darius Fleming,Notre Dame,OLB,73.63,245,9.38,33.0,,4.71,27.0,33.5,114.0,4.28,7.03,
2012,Jamell Fleming,Oklahoma,CB,70.63,206,9.5,31.25,,4.43,23.0,34.0,125.0,3.97,6.71,10.75
2012,Michael Floyd,Notre Dame,WR,74.63,220,9.38,32.88,,4.4,16.0,36.5,122.0,,,
2012,Nick Foles,Arizona,QB,77.0,243,10.63,34.25,29.0,5.03,,30.5,112.0,,,
2012,Chase Ford,Miami (FL),TE,79.0,255,,,,4.78,,,,,,
2012,Marcus Forston,Miami (FL),DT,73.25,301,9.0,33.0,,5.05,35.0,28.0,105.0,4.79,7.64,
2012,Justin Francis,Rutgers,DE,74.0,268,10.13,33.88,,4.9,23.0,32.0,109.0,4.35,7.05,
2012,Terrence Frederick,Texas A&M,CB,70.13,187,9.13,31.13,,4.44,16.0,35.0,121.0,4.03,6.59,11.13
2012,Tim Fugger,Vanderbilt,DE,75.0,248,,,,4.64,,,,,,
2012,Jeff Fuller,Texas A&M,WR,76.13,223,9.88,33.63,,4.58,17.0,,,,,
2012,Chris Galippo,Southern California,ILB,73.5,241,9.25,30.5,,4.73,19.0,29.5,107.0,4.1,6.9,11.78
2012,Terrance Ganaway,Baylor,RB,71.5,239,9.25,31.63,,4.61,,37.5,119.0,4.25,7.15,11.65
2012,Garth Gerhart,Arizona State,C,73.25,305,9.63,33.38,,5.38,25.0,30.5,96.0,4.65,7.63,
2012,Adam Gettis,Iowa,OG,74.38,293,9.5,33.13,,4.9,,31.5,112.0,4.65,7.99,
2012,Stephon Gilmore,South Carolina,CB,72.5,190,9.25,31.0,,4.38,15.0,36.0,123.0,3.94,6.61,11.15
2012,Chris Givens,Wake Forest,WR,71.13,198,8.25,31.25,,4.35,19.0,33.5,118.0,4.23,6.97,
2012,Cordy Glenn,Georgia,OT,77.75,345,10.13,35.75,,5.08,31.0,23.5,93.0,5.0,8.13,
2012,Najee Goode,West Virginia,ILB,72.13,244,9.0,31.88,,4.55,,35.5,117.0,,,
2012,T.J. Graham,North Carolina State,WR,71.38,188,9.0,32.75,,4.34,8.0,33.5,120.0,4.18,6.77,
2012,Cyrus Gray,Texas A&M,RB,70.38,206,9.13,29.5,,4.4,21.0,32.5,114.0,,7.17,
2012,Jonas Gray,Notre Dame,RB,69.75,223,10.0,31.38,,4.58,20.0,,,,,
2012,Ladarius Green,Louisiana-Lafayette,TE,77.75,238,10.13,34.5,,4.45,16.0,34.5,124.0,4.47,7.12,12.08
2012,Robert Griffin,Baylor,QB,74.38,223,9.5,32.25,24.0,4.33,,39.0,120.0,,,
2012,Winston Guy,Kentucky,SS,72.88,218,9.0,33.0,,4.62,,,,,,
2012,Trevor Guyton,California,DE,74.63,285,10.25,33.0,,5.01,,31.0,105.0,4.53,7.45,
2012,Dominique Hamilton,Missouri,DT,76.75,313,10.25,33.13,,5.45,31.0,,,4.78,7.82,
2012,Jewel Hampton,Southern Illinois,RB,68.63,218,9.63,31.0,,4.56,26.0,,,,,
2012,Darius Hanks,Alabama,WR,71.63,184,9.5,31.75,,4.52,11.0,34.0,117.0,,,
2012,James Hanna,Oklahoma,TE,75.75,252,9.88,33.13,,4.43,24.0,36.0,122.0,4.11,6.76,11.43
2012,Tyler Hansen,Colorado,QB,73.0,218,,,,4.85,,,,,,
2012,Cory Harkey,UCLA,TE,76.0,260,9.38,32.0,,5.06,13.0,26.5,109.0,4.69,7.4,12.75
2012,Chandler Harnish,Northern Illinois,QB,73.63,219,9.25,32.38,,4.68,,32.5,112.0,4.15,6.78,
2012,Cliff Harris,Oregon,CB,71.13,175,8.88,30.13,,4.61,14.0,36.0,118.0,4.19,6.79,11.9
2012,DaJohn Harris,Southern California,DT,75.38,306,10.0,33.0,,5.16,,,,,,
2012,Jacory Harris,Miami (FL),QB,75.0,203,9.75,32.13,,4.65,,37.0,113.0,4.4,7.1,
2012,Josh Harris,Auburn,C,73.0,252,9.0,30.5,,4.82,15.0,,,,,
2012,Mike Harris,Florida State,CB,70.25,188,9.0,32.25,,4.52,,36.0,117.0,4.07,6.81,11.28
2012,Casey Hayward,Vanderbilt,CB,71.38,192,,30.25,,4.47,19.0,34.0,119.0,3.9,6.76,11.1
2012,Junior Hemingway,Michigan,WR,72.88,225,9.63,32.5,,4.48,21.0,35.5,124.0,3.98,6.59,11.16
2012,Dan Herron,Ohio State,RB,69.75,213,9.0,32.0,,4.57,22.0,35.0,117.0,4.04,6.97,11.6
2012,Akiem Hicks,Regina (Canada),DT,76.63,318,10.25,35.13,,5.21,26.0,31.5,108.0,4.86,7.75,
2012,Dont'a Hightower,Alabama,ILB,74.25,265,9.75,32.63,,4.62,,32.0,,,,
2012,Stephen Hill,Georgia Tech,WR,76.0,215,9.38,33.38,,4.28,14.0,39.5,133.0,4.48,6.88,11.43
2012,Ronnie Hillman,San Diego State,RB,68.75,200,8.5,30.0,,4.42,17.0,37.0,,,,
2012,T.Y. Hilton,Florida International,WR,69.5,183,8.5,32.0,,4.37,,,,,,
2012,Lamar Holmes,Southern Mississippi,OT,77.38,323,9.63,35.25,,5.29,22.0,27.0,104.0,4.8,7.74,
2012,Jayron Hosley,Virginia Tech,CB,70.0,178,8.88,30.88,,4.38,11.0,,,,,
2012,Jaye Howard,Florida,DT,75.0,301,9.88,33.0,,4.78,24.0,27.5,106.0,4.47,7.32,
2012,Delano Howell,Stanford,SS,70.88,210,9.25,31.25,,4.61,21.0,33.0,120.0,4.15,6.97,
2012,John Hughes,Cincinnati,DT,74.5,309,9.13,33.88,,5.32,28.0,,,,,
2012,Emil Igwenagu,Massachusetts,FB,73.25,249,9.25,33.13,,4.7,19.0,34.5,121.0,4.4,7.32,11.5
2012,Duke Ihenacho,San Jose State,SS,72.13,213,9.25,32.75,,4.67,20.0,35.0,122.0,4.22,6.78,
2012,George Iloka,Boise State,FS,75.63,225,9.63,34.5,,4.6,20.0,34.5,124.0,4.03,7.03,11.75
2012,Melvin Ingram,South Carolina,OLB,73.5,264,9.63,31.5,,4.69,28.0,34.5,109.0,4.18,6.83,
2012,Bruce Irvin,West Virginia,OLB,75.0,245,9.63,33.38,,4.41,23.0,33.5,123.0,4.03,6.7,
2012,Asa Jackson,Cal Poly,CB,70.0,191,9.0,29.13,,4.48,19.0,34.5,118.0,4.03,6.97,
2012,Janzen Jackson,McNeese State (LA),FS,71.5,188,9.38,31.0,,4.6,9.0,36.5,125.0,4.15,6.9,
2012,Jerrell Jackson,Missouri,WR,72.25,196,9.25,32.88,,4.5,22.0,41.0,127.0,4.11,6.82,11.08
2012,Malik Jackson,Tennessee,DE,76.75,284,9.0,33.75,,4.85,25.0,28.0,105.0,4.41,7.38,
2012,LaMichael James,Oregon,RB,68.0,194,9.0,30.25,,4.35,15.0,35.0,123.0,4.12,6.88,
2012,Jamaar Jarrett,Arizona State,DE,76.75,265,9.88,32.75,,4.96,21.0,30.0,114.0,4.34,,
2012,Jordan Jefferson,Louisiana State,QB,76.13,223,10.25,33.0,,4.58,14.0,36.5,116.0,4.06,6.81,
2012,Alshon Jeffery,South Carolina,WR,74.88,216,10.25,33.0,,4.48,,,,,,
2012,A.J. Jenkins,Illinois,WR,72.25,190,9.5,32.75,,4.37,12.0,38.5,124.0,,,
2012,Janoris Jenkins,North Alabama,CB,70.0,193,8.25,32.0,,4.41,,33.5,121.0,4.13,6.95,11.23
2012,Cam Johnson,Virginia,DE,75.5,268,9.0,33.5,,4.75,,35.0,105.0,4.38,7.2,
2012,James-Michael Johnson,Nevada,ILB,73.13,241,9.38,32.88,,4.6,23.0,37.0,124.0,4.37,7.34,12.06
2012,Leonard Johnson,Iowa State,CB,69.88,196,8.0,28.75,,4.62,15.0,32.0,120.0,4.15,6.96,11.4
2012,Rishaw Johnson,California (PA),OG,75.38,313,10.25,35.25,,5.12,22.0,31.5,108.0,4.53,7.87,
2012,Steven Johnson,Kansas,OLB,72.5,239,,32.38,,4.71,16.0,36.0,113.0,4.38,7.32,11.93
2012,Trumaine Johnson,Montana,CB,73.88,204,9.38,33.25,,4.5,19.0,35.5,122.0,4.15,7.2,11.68
2012,Ben Jones,Georgia,C,74.63,303,9.63,32.5,,5.35,29.0,30.5,105.0,4.74,7.95,
2012,Chandler Jones,Syracuse,DE,77.38,266,,35.5,,4.77,22.0,35.0,120.0,4.38,7.07,
2012,Dwight Jones,North Carolina,WR,75.25,230,9.0,34.0,,4.51,14.0,33.0,109.0,,,
2012,Jeremy Jones,Wayne State (MI),CB,69.5,197,9.13,30.5,,4.56,20.0,31.5,116.0,4.18,7.14,
2012,Marcel Jones,Nebraska,OT,78.13,320,10.25,33.63,,5.57,13.0,27.5,95.0,5.12,8.03,
2012,Marvin Jones,California,WR,73.88,199,10.0,33.13,,4.46,22.0,33.0,112.0,4.11,6.81,11.47
2012,Coryell Judie,Texas A&M,CB,71.75,194,8.75,30.25,,4.45,,37.0,126.0,4.25,7.33,
2012,Josh Kaddu,Oregon,OLB,75.13,239,9.63,33.38,,4.67,20.0,34.0,119.0,,,
2012,Matt Kalil,Southern California,OT,78.63,306,10.38,34.5,,4.96,30.0,27.0,,4.65,7.33,
2012,Jermaine Kearse,Washington,WR,72.88,209,9.25,32.13,,4.5,14.0,34.0,119.0,4.12,7.03,
2012,Case Keenum,Houston,QB,72.63,208,9.13,30.88,,4.72,,32.5,103.0,,,
2012,Senio Kelemete,Washington,OG,75.63,307,9.63,33.5,,5.39,21.0,25.0,101.0,4.58,7.77,
2012,Mychal Kendricks,California,ILB,71.13,239,,31.63,,4.44,24.0,39.5,127.0,4.19,,
2012,Dre Kirkpatrick,Alabama,CB,73.63,186,9.5,30.63,,4.5,,35.0,120.0,,,
2012,Peter Konz,Wisconsin,C,77.0,314,9.25,33.0,,5.16,18.0,,,,,
2012,Luke Kuechly,Boston College,ILB,75.25,242,9.75,31.0,,4.58,27.0,38.0,123.0,4.12,6.92,11.43
2012,Markus Kuhn,North Carolina State,DT,76.75,299,10.5,32.5,,4.87,28.0,34.5,112.0,4.41,7.43,
2012,Jeremy Lane,Northwestern State (LA),CB,73.0,190,,,,4.52,,,,,,
2012,Ronald Leary,Memphis,OG,74.88,315,8.63,34.75,,5.23,30.0,29.0,104.0,4.91,7.87,
2012,Josh LeRibeus,Southern Methodist (TX),OG,75.25,312,9.38,32.5,,5.31,29.0,26.0,96.0,4.65,7.64,
2012,Ronnell Lewis,Oklahoma,OLB,73.75,253,9.25,32.5,,4.65,36.0,31.0,112.0,4.4,7.09,
2012,Travis Lewis,Oklahoma,OLB,73.38,246,10.13,32.75,,4.83,22.0,36.0,122.0,,,
2012,Ryan Lindley,San Diego State,QB,75.75,229,10.0,32.63,35.0,4.86,,29.5,108.0,4.45,7.52,
2012,Brandon Lindsey,Pittsburgh,OLB,73.63,254,10.63,32.63,,4.85,23.0,33.0,117.0,4.28,7.36,
2012,Kentrell Lockett,Mississippi,DE,77.0,243,10.25,34.25,,4.99,,,,,,
2012,Shawn Loiseau,Merrimack (MA),ILB,72.5,244,8.38,30.75,,4.74,19.0,32.5,109.0,,,
2012,Joe Looney,Wake Forest,OG,75.25,309,9.75,32.25,,5.02,26.0,,,,,
2012,Andrew Luck,Stanford,QB,76.0,234,10.0,32.63,37.0,4.59,,36.0,124.0,4.28,6.8,
2012,D'Anton Lynn,Penn State,CB,71.88,206,,29.75,,4.71,17.0,31.5,111.0,,,
2012,Terrell Manning,North Carolina State,OLB,74.13,237,9.25,32.25,,4.71,22.0,32.5,114.0,4.43,7.18,
2012,Brandon Marshall,Nevada,OLB,73.38,242,10.38,33.75,,4.72,28.0,30.5,108.0,4.09,7.05,11.87
2012,Doug Martin,Boise State,RB,69.25,223,9.0,30.5,,4.46,28.0,36.0,120.0,4.16,6.79,11.29
2012,Jonathan Martin,Stanford,OT,77.38,312,9.88,34.0,,5.35,,,,,,
2012,Keshawn Martin,Michigan State,WR,71.5,188,9.25,31.5,,4.42,13.0,39.5,122.0,4.13,6.85,11.16
2012,Markelle Martin,Oklahoma State,FS,72.75,207,9.25,32.0,,4.47,19.0,,,,,
2012,Mike Martin,Michigan,DT,73.38,306,9.13,32.25,,4.8,36.0,33.5,113.0,4.25,7.19,
2012,Jonathan Massaquoi,Troy (AL),OLB,74.13,264,10.5,34.13,,4.81,20.0,33.5,120.0,4.53,7.38,
2012,Bobby Massie,Mississippi,OT,78.13,316,9.0,35.0,,5.18,22.0,27.5,103.0,4.95,7.7,
2012,Rishard Matthews,Nevada,WR,72.38,217,9.13,32.5,,4.54,20.0,36.0,,4.19,6.88,11.25
2012,Marquis Maze,Alabama,WR,68.13,186,9.0,29.75,,4.51,,33.5,112.0,,,
2012,Matt McCants,Alabama-Birmingham,OT,77.88,308,9.25,35.38,,5.4,17.0,25.5,97.0,,,
2012,Antoine McClain,Clemson,OG,77.5,329,10.25,34.38,,5.48,19.0,27.0,91.0,4.82,8.13,
2012,Shea McClellin,Boise State,OLB,75.38,260,10.13,32.75,,4.62,19.0,31.5,118.0,4.33,7.07,
2012,Kelcie McCray,Arkansas State,SS,73.75,202,8.88,32.25,,4.48,12.0,30.5,122.0,4.29,7.0,11.56
2012,Jerron McMillian,Maine,SS,71.13,203,9.38,30.63,,4.47,17.0,36.5,120.0,4.22,6.69,
2012,Marvin McNutt,Iowa,WR,74.75,216,10.0,32.0,,4.48,,37.0,122.0,4.07,7.15,11.62
2012,Caleb McSurdy,Montana,ILB,73.25,245,9.38,30.88,,4.82,26.0,30.0,110.0,4.28,7.26,12.3
2012,Vaughn Meatoga,Hawaii,DT,73.13,294,9.5,33.0,,4.93,27.0,30.0,108.0,4.21,7.1,
2012,Davin Meggett,Maryland,RB,68.25,211,9.5,30.13,,4.5,23.0,35.0,118.0,4.32,7.14,11.53
2012,DeQuan Menzie,Alabama,CB,70.75,202,8.63,30.0,,4.65,,33.0,116.0,,,
2012,Whitney Mercilus,Illinois,DE,75.63,261,9.25,33.88,,4.68,27.0,32.0,118.0,4.53,7.17,
2012,Lamar Miller,Miami (FL),RB,70.75,212,9.25,31.38,,4.34,,33.0,,,,
2012,Ryan Miller,Colorado,OG,79.25,321,9.5,33.13,,5.16,32.0,28.0,100.0,4.78,7.72,
2012,Chase Minnifield,Virginia,CB,70.38,183,9.0,31.5,,4.65,7.0,,,,,
2012,Charles Mitchell,Mississippi State,SS,70.75,202,9.5,30.25,,4.56,19.0,37.0,127.0,4.22,6.93,11.78
2012,David Molk,Michigan,C,72.88,298,8.88,32.0,,5.18,41.0,,,,,
2012,Kashif Moore,Connecticut,WR,69.0,180,9.63,31.0,,4.36,19.0,43.5,126.0,4.05,6.82,
2012,Kellen Moore,Boise State,QB,72.0,197,9.5,30.25,26.0,4.82,,27.0,99.0,4.56,7.41,
2012,Rennie Moore,Clemson,DT,75.0,268,9.75,32.75,,5.0,21.0,30.5,109.0,4.53,,
2012,Alfred Morris,Florida Atlantic,RB,69.88,219,10.25,31.38,,4.63,16.0,35.5,117.0,4.19,7.01,11.86
2012,Brandon Mosley,Auburn,OT,77.63,314,11.0,34.0,,5.14,30.0,27.0,103.0,4.78,7.43,
2012,Derek Moye,Penn State,WR,76.25,209,8.25,32.75,,4.46,10.0,33.5,115.0,4.23,,
2012,Tyler Nielsen,Iowa,OLB,75.38,238,9.25,31.75,,4.63,21.0,,,4.31,7.27,11.43
2012,Lucas Nix,Pittsburgh,OG,77.25,317,,33.5,,5.36,,29.5,102.0,4.9,7.81,
2012,Josh Norman,Coastal Carolina (SC),CB,72.25,197,9.25,32.75,,4.61,14.0,33.0,124.0,4.23,7.09,
2012,Josh Oglesby,Wisconsin,OT,79.25,338,11.25,35.63,,5.75,22.0,28.5,,,,
2012,Kelechi Osemele,Iowa State,OT,77.5,333,10.25,35.88,,5.22,32.0,26.5,104.0,4.87,7.91,
2012,Brock Osweiler,Arizona State,QB,78.88,242,9.88,33.88,25.0,4.83,,,,,,
2012,Chris Owusu,Stanford,WR,72.13,196,8.5,31.75,,4.31,19.0,40.5,129.0,4.11,6.85,11.22
2012,Eric Page,Toledo,WR,68.88,186,9.0,29.0,,4.5,15.0,30.0,112.0,3.98,6.95,11.47
2012,Donte Paige-Moss,North Carolina,DE,75.38,268,10.38,33.0,,4.67,26.0,,,,,
2012,David Paulson,Oregon,TE,75.25,246,10.13,32.75,,4.79,21.0,32.0,110.0,4.4,7.18,11.9
2012,Isaiah Pead,Cincinnati,RB,70.13,197,8.63,31.0,,4.39,,33.0,116.0,4.32,6.95,
2012,Micah Pellerin,Hampton (VA),CB,72.38,194,9.63,31.75,,4.52,14.0,33.0,116.0,,,
2012,Nick Perry,Southern California,DE,74.75,271,9.5,33.0,,4.55,35.0,38.5,124.0,4.66,7.25,
2012,DeAngelo Peterson,Louisiana State,TE,75.0,243,9.5,32.5,,4.69,18.0,36.0,121.0,,7.19,
2012,Bernard Pierce,Temple,RB,72.25,218,9.25,31.5,,4.45,17.0,36.5,123.0,4.28,7.07,
2012,Eddie Pleasant,Oregon,SS,70.13,211,9.25,31.0,,4.53,22.0,33.5,116.0,4.28,7.12,
2012,Dontari Poe,Memphis,DT,75.5,346,9.63,32.0,,4.89,44.0,29.5,105.0,4.56,7.9,
2012,Chris Polk,Washington,RB,70.5,215,9.75,31.5,,4.52,,31.5,111.0,4.21,7.13,
2012,Tauren Poole,Tennessee,RB,70.0,205,8.0,29.75,,4.48,24.0,34.0,118.0,4.19,7.36,
2012,DeVier Posey,Ohio State,WR,73.63,211,9.63,31.63,,4.39,14.0,36.5,123.0,4.15,7.03,
2012,Nate Potter,Boise State,OT,77.88,303,9.63,34.63,,5.26,22.0,28.5,100.0,4.67,7.49,
2012,Chaz Powell,Penn State,CB,72.38,203,9.38,30.13,,4.42,17.0,33.0,121.0,4.16,6.84,
2012,Tydreke Powell,North Carolina,DT,74.25,311,10.13,32.5,,5.28,29.0,28.5,99.0,4.62,7.31,
2012,Shaun Prater,Iowa,CB,70.13,190,8.5,30.75,,4.52,14.0,,,,,
2012,DeAndre Presley,Appalachian State (NC),CB,69.88,185,,30.25,,4.53,8.0,32.0,114.0,4.28,7.19,
2012,Nick Provo,Syracuse,TE,75.25,237,9.5,31.75,,4.78,,,,,,
2012,Cyhl Quarles,Wake Forest,SS,73.5,213,9.38,32.0,,4.54,19.0,32.5,119.0,4.32,7.21,
2012,Brian Quick,Appalachian State (NC),WR,75.5,220,9.75,34.25,,4.5,15.0,34.0,119.0,4.23,7.1,
2012,Chris Rainey,Florida,RB,68.38,180,9.5,30.75,,4.36,16.0,36.5,120.0,3.93,6.5,11.06
2012,Kheeston Randall,Texas,DT,76.63,293,9.63,33.75,,5.0,28.0,34.0,111.0,4.84,7.49,
2012,Rueben Randle,Louisiana State,WR,74.88,210,9.5,33.0,,4.55,15.0,31.0,121.0,4.36,6.99,11.78
2012,Antwuan Reed,Pittsburgh,CB,69.75,188,9.38,30.0,,4.58,14.0,36.5,124.0,4.2,,
2012,Riley Reiff,Iowa,OT,77.75,313,10.13,33.25,,5.16,23.0,26.5,98.0,4.75,7.87,
2012,Beau Reliford,Florida State,TE,77.0,256,9.0,33.38,,4.84,,,,,,
2012,Kendall Reyes,Connecticut,DT,76.13,299,9.5,33.25,,4.82,36.0,34.5,113.0,4.53,7.43,
2012,Matt Reynolds,Brigham Young,OT,76.5,302,9.63,33.25,,5.27,25.0,,,,,
2012,Daryl Richardson,Abilene Christian (TX),RB,70.0,192,,,,4.47,,,,,,
2012,Sean Richardson,Vanderbilt,SS,74.5,216,9.13,32.63,,4.43,22.0,38.5,128.0,4.44,7.01,
2012,Trent Richardson,Alabama,RB,69.25,228,9.5,30.25,,4.49,,,,,,
2012,Travian Robertson,South Carolina,DT,76.13,302,10.13,32.25,,5.12,30.0,26.0,102.0,,,
2012,Gerell Robinson,Arizona State,WR,75.13,227,10.13,33.0,,4.54,,35.5,113.0,4.15,,
2012,Josh Robinson,Central Florida,CB,70.13,199,10.13,31.25,,4.29,17.0,38.5,133.0,3.97,6.55,11.65
2012,Keenan Robinson,Texas,ILB,75.0,242,9.75,33.0,,4.72,27.0,35.5,120.0,,,
2012,Trenton Robinson,Michigan State,FS,69.75,195,,31.5,,4.46,15.0,35.0,125.0,4.15,,
2012,James Rodgers,Oregon State,WR,66.75,184,8.75,29.63,,4.61,19.0,37.0,115.0,4.23,,
2012,Evan Rodriguez,Temple,FB,74.0,239,9.5,32.0,,4.53,18.0,36.0,119.0,4.28,6.94,11.43
2012,Brett Roy,Nevada,DT,74.88,275,9.38,32.75,,5.0,32.0,30.5,108.0,4.62,7.31,
2012,Zebrie Sanders,Florida State,OT,77.63,320,10.88,35.0,,5.33,28.0,27.0,100.0,4.99,8.15,
2012,Mohamed Sanu,Rutgers,WR,73.5,211,10.13,33.5,,4.62,19.0,36.0,126.0,4.22,6.88,
2012,Quentin Saulsberry,Mississippi State,C,74.0,304,9.88,33.75,,5.28,26.0,22.0,90.0,4.99,8.19,
2012,Mitchell Schwartz,California,OT,77.38,318,10.0,33.5,,5.38,23.0,26.5,89.0,4.87,7.86,
2012,Darrell Scott,South Florida,RB,72.13,231,8.25,32.0,,4.68,,31.5,,,,
2012,Coty Sensabaugh,Clemson,CB,71.25,189,9.0,31.0,,4.33,15.0,37.0,122.0,4.06,6.6,
2012,Derrick Shelby,Utah,DE,74.88,266,9.63,33.5,,4.87,26.0,35.5,116.0,4.5,7.09,
2012,Amini Silatolu,Midwestern State (TX),OG,75.63,311,10.13,33.0,,5.33,28.0,31.5,107.0,4.87,7.95,
2012,Harrison Smith,Notre Dame,SS,73.88,213,10.25,32.63,,4.54,19.0,34.0,122.0,4.12,6.63,
2012,Jacquies Smith,Missouri,DE,74.63,253,9.0,32.0,,4.75,21.0,31.5,110.0,4.31,7.25,
2012,Michael Smith,Utah State,RB,69.0,207,,,,4.36,,,,,,
2012,Scott Solomon,Rice (TX),DE,75.0,262,9.5,31.63,,4.88,34.0,35.0,124.0,4.25,7.17,
2012,Sean Spence,Miami (FL),OLB,71.38,231,9.25,31.5,,4.66,12.0,33.5,119.0,4.28,7.46,
2012,Ryan Steed,Furman (SC),CB,70.5,195,9.13,32.63,,4.64,12.0,34.0,121.0,4.22,6.94,
2012,Donald Stephenson,Oklahoma,OT,77.5,312,9.88,34.88,,4.94,19.0,35.5,114.0,4.78,7.52,
2012,Devon Still,Penn State,DT,76.88,303,10.0,33.25,,5.01,26.0,29.5,,,,
2012,Tommy Streeter,Miami (FL),WR,76.88,219,9.5,34.75,,4.37,17.0,33.0,125.0,,7.08,
2012,Nathan Stupar,Penn State,OLB,73.63,241,9.13,31.38,,4.65,21.0,31.0,116.0,4.28,6.84,11.64
2012,J.R. Sweezy,North Carolina State,DT,76.75,298,,34.0,,4.97,21.0,36.0,113.0,4.41,7.4,
2012,Alameda Ta'amu,Washington,DT,74.5,348,9.75,32.0,,5.3,35.0,26.0,103.0,,,
2012,Ryan Tannehill,Texas A&M,QB,75.88,221,9.0,32.63,34.0,4.65,,,,,,
2012,Brandon Taylor,Louisiana State,SS,71.25,209,9.5,31.25,,4.52,,33.5,118.0,4.37,7.32,
2012,Darron Thomas,Oregon,QB,74.63,220,9.5,32.88,,4.77,14.0,36.0,121.0,4.28,7.17,
2012,Johnny Thomas,Oklahoma State,SS,70.38,206,9.75,32.5,,4.57,20.0,35.5,123.0,4.25,7.01,
2012,Phillip Thomas,Syracuse,FS,70.63,198,9.25,32.13,,4.68,14.0,33.0,122.0,,,
2012,Brandon Thompson,Clemson,DT,74.0,314,10.0,33.5,,5.2,35.0,31.0,100.0,4.71,7.97,
2012,Christian Thompson,South Carolina State,FS,73.0,211,8.38,31.5,,4.42,18.0,31.5,122.0,4.13,7.33,11.72
2012,Andrew Tiller,Syracuse,OG,76.38,324,9.38,33.25,,5.44,16.0,23.0,85.0,4.8,7.92,
2012,Nick Toon,Wisconsin,WR,73.88,215,9.0,32.5,,4.49,18.0,37.5,,,,
2012,Danny Trevathan,Kentucky,OLB,72.25,237,9.5,32.5,,4.75,18.0,31.5,111.0,,,
2012,Johnnie Troutman,Penn State,OG,75.88,325,10.0,33.5,,5.52,31.0,27.5,,5.0,7.96,
2012,Christian Tupou,Southern California,DT,74.25,289,9.75,32.0,,5.38,30.0,24.0,92.0,4.87,8.07,
2012,Robert Turbin,Utah State,RB,70.0,222,9.75,31.0,,4.42,28.0,36.0,122.0,4.31,7.16,
2012,Marc Tyler,Southern California,RB,70.63,219,9.5,32.0,,4.7,19.0,30.5,110.0,,,
2012,DeAngelo Tyson,Georgia,DT,74.25,315,10.25,33.88,,5.04,,,,,,
2012,Courtney Upshaw,Alabama,DE,73.63,272,9.0,32.0,,4.76,22.0,,,,,
2012,Olivier Vernon,Miami (FL),DE,74.13,261,10.13,33.0,,4.73,31.0,34.5,122.0,4.5,7.39,
2012,Trevin Wade,Arizona,CB,70.0,192,8.63,30.75,,4.52,18.0,34.5,116.0,4.0,6.87,11.25
2012,Bobby Wagner,Utah State,OLB,73.0,241,,,,4.46,,,,,,
2012,Dustin Waldron,Portland State (OR),OT,77.0,305,9.75,32.75,,5.23,29.0,26.0,103.0,4.75,7.93,
2012,Blair Walsh,Georgia,K,69.25,187,8.38,29.38,,4.96,,,,,,
2012,Brandon Washington,Miami (FL),OG,74.88,320,9.75,33.0,,5.14,28.0,25.0,101.0,4.87,8.22,
2012,Rokevious Watkins,South Carolina,OG,75.75,338,10.0,34.63,,5.29,,27.0,102.0,4.9,7.87,
2012,Brandon Weeden,Oklahoma State,QB,75.5,221,9.63,31.75,27.0,4.89,,,,,,
2012,Corey White,Samford (AL),SS,73.0,206,9.38,31.63,,4.53,15.0,37.5,126.0,4.22,6.72,
2012,Jordan White,Western Michigan,WR,71.75,208,9.25,31.5,,4.63,14.0,35.0,119.0,4.13,6.84,11.4
2012,Tahir Whitehead,Temple,OLB,73.25,233,10.25,32.38,,4.62,21.0,37.0,124.0,4.37,7.14,
2012,Foswhitt Whittaker,Texas,RB,69.0,193,9.25,,,4.49,20.0,,,,,
2012,Kyle Wilber,Wake Forest,OLB,76.0,249,9.25,33.25,,4.73,25.0,33.5,117.0,4.31,7.11,
2012,David Wilson,Virginia Tech,RB,70.0,206,9.38,30.25,,4.38,,41.0,132.0,4.12,7.09,11.59
2012,Russell Wilson,Wisconsin,QB,70.63,204,10.25,31.0,28.0,4.53,,34.0,118.0,4.09,6.97,
2012,Billy Winn,Boise State,DE,76.0,294,9.0,32.5,,4.86,24.0,27.0,107.0,4.44,7.37,
2012,Patrick Witt,Yale,QB,76.0,225,9.0,31.38,,5.08,,31.5,101.0,4.37,7.14,
2012,Derek Wolfe,Cincinnati,DT,77.13,295,10.75,33.25,,4.93,33.0,33.5,108.0,4.44,7.26,
2012,Jerel Worthy,Michigan State,DT,74.0,308,9.38,33.0,,5.0,,28.5,107.0,4.56,7.6,
2012,Jarius Wright,Arkansas,WR,69.63,182,8.5,31.5,,4.39,11.0,38.0,120.0,4.03,6.93,
2012,Kendall Wright,Baylor,WR,70.25,196,8.63,30.5,,4.49,,38.5,121.0,4.18,6.93,
2012,Devon Wylie,Frenso State (CA),WR,69.0,187,9.5,30.25,,4.36,17.0,39.0,123.0,,,
2012,Desmond Wynn,Rutgers,OG,77.5,303,10.25,34.0,,4.98,28.0,32.5,,,,
2012,Kevin Zeitler,Wisconsin,OG,76.0,314,10.25,32.75,,5.32,32.0,29.0,101.0,4.61,7.77,
2012,Greg Zuerlein,Missouri Western,K,73.0,187,,,,4.86,,,,,,
2012,Markus Zusevics,Iowa,OT,77.0,303,10.0,33.0,,5.08,,,,,,
2011,Sam Acho,Texas,OLB,73.63,262,9.75,33.5,,4.67,23.0,33.5,112.0,4.32,6.69,
2011,Darvin Adams,Auburn,WR,74.13,190,9.25,34.0,,4.56,,,,,,
2011,Olufemi Ajiboye,South Carolina,DT,73.38,297,10.0,34.0,,5.31,23.0,24.0,91.0,4.71,7.72,
2011,Anthony Allen,Georgia Tech,RB,72.75,228,9.63,30.38,,4.56,24.0,41.5,120.0,4.06,6.79,11.46
2011,Armando Allen,Notre Dame,RB,68.25,199,8.75,30.25,,4.52,23.0,,,,,
2011,Cortez Allen,Citadel (SC),CB,73.25,197,8.63,32.25,,4.5,18.0,35.5,129.0,4.01,6.76,10.87
2011,Prince Amukamara,Nebraska,CB,72.0,206,8.5,30.5,,4.38,15.0,38.0,128.0,4.08,6.97,11.34
2011,David Arkin,Missouri State,OG,76.75,300,10.5,33.88,,5.31,25.0,29.0,103.0,4.63,7.6,
2011,Matt Asiata,Utah,RB,71.0,229,9.5,30.13,,4.77,22.0,30.0,104.0,4.37,7.09,11.96
2011,Marvin Austin,North Carolina,DT,73.63,309,10.25,32.63,,4.84,38.0,30.5,112.0,4.4,7.33,
2011,Akeem Ayers,UCLA,OLB,74.5,254,9.0,33.0,,4.81,18.0,31.0,116.0,4.28,7.49,11.93
2011,Allen Bailey,Miami (FL),DE,75.0,285,10.25,34.0,,4.71,27.0,36.5,117.0,4.56,7.43,
2011,Brandon Bair,Oregon,DE,77.88,276,10.13,33.0,,4.92,26.0,28.0,114.0,4.37,7.07,
2011,Jon Baldwin,Pittsburgh,WR,76.38,228,10.13,33.63,14.0,4.49,20.0,42.0,129.0,4.34,7.07,11.4
2011,Christian Ballard,Iowa,DE,75.75,283,9.88,33.13,,4.75,,31.5,111.0,4.51,7.54,
2011,Joseph Barksdale,Louisiana State,OT,76.75,325,10.0,36.0,,5.31,29.0,29.0,103.0,4.75,8.27,
2011,Ryan Bartholomew,Syracuse,C,73.13,302,9.63,33.75,,4.93,34.0,26.5,92.0,4.62,7.62,
2011,Jeremy Beal,Oklahoma,ILB,74.25,262,10.38,33.0,,5.14,22.0,28.5,106.0,4.46,7.2,
2011,Nick Bellore,Central Michigan,ILB,73.0,245,9.88,30.75,,4.84,23.0,32.5,109.0,4.0,6.98,11.62
2011,Damien Berry,Miami (FL),RB,70.25,211,9.38,32.25,,4.58,23.0,33.5,120.0,4.12,7.0,
2011,Armon Binns,Cincinnati,WR,75.0,209,9.5,32.5,,4.5,13.0,31.5,118.0,4.31,6.86,
2011,Ahmad Black,Florida,SS,69.5,184,9.88,31.0,,4.7,18.0,35.5,119.0,4.2,6.85,11.25
2011,Clint Boling,Georgia,OG,76.63,308,9.25,33.5,,5.28,28.0,31.0,102.0,4.64,7.66,
2011,Justin Boren,Ohio State,OG,74.88,309,9.5,32.0,,5.4,28.0,,,4.75,7.57,
2011,DaQuan Bowers,Clemson,DE,75.38,280,10.25,33.13,,4.64,22.0,,,,,
2011,Allen Bradford,Southern California,RB,70.88,242,9.38,32.13,,4.53,28.0,29.0,113.0,4.39,6.97,
2011,James Brewer,Indiana,OT,78.25,323,10.38,35.5,,5.21,25.0,26.0,100.0,4.81,7.84,
2011,Niles Brinkley,Wisconsin,CB,69.5,193,9.25,30.25,,4.54,15.0,33.5,120.0,,7.23,
2011,Chykie Brown,Texas,CB,71.25,190,8.75,33.88,,4.49,,36.5,120.0,4.0,6.5,
2011,Curtis Brown,Texas,CB,71.63,185,9.5,32.25,,4.51,10.0,39.5,128.0,4.0,6.59,11.0
2011,DeAndre Brown,Southern Mississippi,WR,77.63,233,9.63,33.25,,4.59,20.0,29.0,117.0,4.33,6.93,
2011,Jalil Brown,Colorado,CB,72.63,204,9.88,30.75,,4.52,24.0,35.5,116.0,4.25,6.85,11.32
2011,Vincent Brown,San Diego State,WR,71.25,187,10.25,33.0,,4.68,12.0,33.5,121.0,4.25,6.64,
2011,Kendric Burney,North Carolina,CB,69.38,186,9.13,29.25,,4.71,14.0,32.5,112.0,,,
2011,Brandon Burton,Utah,CB,71.63,190,8.5,31.5,,4.5,18.0,32.0,118.0,4.07,6.93,11.59
2011,Stephen Burton,West Texas A&M,WR,73.38,221,9.13,32.0,,4.5,19.0,34.5,117.0,4.31,7.04,
2011,Mario Butler,Georgia Tech,CB,72.13,182,8.63,29.5,,4.65,,30.5,120.0,4.37,7.09,11.83
2011,Jordan Cameron,Southern California,TE,77.25,254,9.75,33.5,,4.53,23.0,37.5,119.0,4.03,6.82,11.56
2011,Marcus Cannon,Texas Christian,OT,77.0,358,9.13,34.0,,5.26,33.0,30.5,105.0,4.97,8.07,
2011,Gabe Carimi,Wisconsin,OT,79.0,314,10.38,35.0,,5.18,29.0,31.5,109.0,,,
2011,Rashad Carmichael,Virginia Tech,CB,70.0,192,9.0,31.75,,4.53,13.0,31.0,116.0,4.06,6.69,11.22
2011,James Carpenter,Alabama,OT,76.38,321,9.75,34.0,,5.22,23.0,,,,,
2011,Bruce Carter,North Carolina,OLB,73.5,241,9.25,32.63,,4.57,25.0,,,,,
2011,Chris Carter,Frenso State (CA),OLB,73.13,248,9.38,33.0,,4.58,27.0,36.0,114.0,4.34,6.88,
2011,Delone Carter,Syracuse,RB,68.63,222,9.5,31.0,,4.54,27.0,37.0,120.0,4.07,6.92,
2011,Quinton Carter,Oklahoma,FS,72.63,208,9.25,31.5,,4.57,23.0,34.5,121.0,4.06,7.05,11.5
2011,Jurrell Casey,Southern California,DT,72.63,300,8.88,32.0,,5.04,26.0,27.5,101.0,4.78,7.51,
2011,Anthony Castonzo,Boston College,OT,79.0,311,10.63,34.5,,5.21,28.0,29.5,105.0,4.4,7.25,
2011,Shaun Chapas,Georgia,FB,74.13,247,9.5,32.0,,4.87,23.0,35.5,116.0,4.4,7.13,
2011,Chimdi Chekwa,Ohio State,CB,71.75,191,8.38,31.38,,4.38,,34.5,126.0,,,
2011,Ugo Chinasa,Oklahoma State,DE,76.88,264,10.0,36.0,,4.63,22.0,28.0,117.0,4.39,7.07,
2011,Charles Clay,Tulsa (OK),FB,74.88,245,9.63,33.0,,4.69,18.0,33.5,118.0,4.15,7.07,11.82
2011,John Clay,Wisconsin,RB,72.5,230,8.75,31.0,,4.83,,29.0,111.0,,,
2011,Adrian Clayborn,Iowa,DE,74.63,281,9.75,32.5,,4.78,,33.0,113.0,4.13,7.3,
2011,Randall Cobb,Kentucky,WR,70.25,191,9.38,31.0,,4.46,16.0,33.5,115.0,4.34,7.08,11.56
2011,Ryan Colburn,Frenso State (CA),QB,74.75,233,9.5,30.0,,5.12,,,,4.28,6.84,
2011,Chris Conte,California,FS,74.38,197,9.13,30.5,,4.52,18.0,35.5,127.0,4.19,7.01,
2011,Graig Cooper,Miami (FL),RB,70.0,205,9.5,31.75,,4.6,18.0,,114.0,4.03,6.66,
2011,Vance Cuff,Georgia,CB,70.0,178,9.63,31.25,,4.53,,36.0,120.0,4.09,6.91,11.27
2011,Chris Culliver,South Carolina,FS,72.38,199,8.63,31.25,,4.36,,38.5,123.0,4.08,6.88,11.46
2011,Andy Dalton,Texas Christian,QB,74.0,215,9.5,31.75,29.0,4.83,,29.5,106.0,4.27,6.93,
2011,Wayne Daniels,Texas Christian,OLB,72.25,260,10.0,33.0,,5.03,,25.0,106.0,4.68,7.81,
2011,Marcell Dareus,Alabama,DT,75.13,319,10.13,33.38,,4.93,24.0,27.0,,4.62,7.83,
2011,Josh Davis,Georgia,OT,79.13,313,11.0,36.0,,5.5,,24.0,91.0,5.07,7.98,
2011,Mark Dell,Michigan State,WR,72.25,193,9.5,32.75,,4.54,14.0,,,,,
2011,Akeem Dent,Georgia,ILB,73.0,242,10.0,32.0,,4.78,24.0,37.5,123.0,,,
2011,Noel Devine,West Virginia,RB,67.5,179,8.63,29.25,,4.34,24.0,,,,,
2011,Pat Devlin,Delaware,QB,75.38,225,9.88,32.0,,4.81,,33.0,116.0,4.32,7.08,
2011,Demarcus Dobbs,Georgia,DE,74.25,281,9.75,34.0,,4.87,,31.0,107.0,4.37,7.22,
2011,Ray Dominguez,Arkansas,OG,76.0,334,9.88,34.0,,5.45,21.0,27.5,90.0,4.9,7.74,
2011,Tandon Doss,Indiana,WR,74.0,201,10.13,31.25,,4.56,14.0,,,,,
2011,Ras-I Dowling,Virginia,CB,73.38,198,9.5,31.0,,4.4,19.0,,,,,
2011,Shaun Draughn,North Carolina,RB,70.88,213,10.0,31.0,,4.73,21.0,34.0,118.0,4.2,7.15,
2011,Kenrick Ellis,Hampton (VA),DT,76.88,346,10.5,35.13,,5.19,26.0,,,,,
2011,Ricky Elmore,Arizona,DE,76.5,255,9.75,31.0,,4.88,26.0,31.5,106.0,4.32,7.25,
2011,Nathan Enderle,Idaho,QB,76.13,240,9.88,31.25,,5.12,,25.5,102.0,4.46,7.13,
2011,Darren Evans,Virginia Tech,RB,72.0,227,9.75,31.75,,4.56,26.0,35.0,111.0,4.46,6.96,11.78
2011,Nick Fairley,Auburn,DT,75.88,291,9.75,34.75,,4.84,,31.0,113.0,4.56,7.14,
2011,Mario Fannin,Auburn,RB,70.38,231,9.5,30.75,,4.37,21.0,37.5,115.0,4.21,6.99,
2011,Mason Foster,Washington,OLB,73.25,245,9.63,31.0,,4.75,22.0,31.0,110.0,4.45,7.14,12.26
2011,Orlando Franklin,Miami (FL),OT,77.5,316,11.13,35.0,,5.11,26.0,28.5,,,,
2011,Sione Fua,Stanford,DT,73.5,308,10.5,34.0,,5.28,30.0,24.0,101.0,4.54,7.54,
2011,Brandon Fusco,Slippery Rock (PA),C,76.0,306,10.0,33.75,,5.18,26.0,28.5,108.0,4.43,7.29,
2011,Blaine Gabbert,Missouri,QB,76.38,234,10.0,33.0,42.0,4.61,,33.5,120.0,4.26,6.84,
2011,Charlie Gantt,Michigan State,TE,76.0,252,9.5,32.63,,4.85,27.0,30.5,112.0,4.4,7.15,12.12
2011,Edmond Gates,Abilene Christian (TX),WR,71.75,192,9.38,30.75,,4.31,16.0,40.0,131.0,,,
2011,Marcus Gilbert,Florida,OT,78.13,330,9.75,33.5,,5.41,30.0,,,,,
2011,Marcus Gilchrist,Clemson,CB,70.0,195,8.5,31.38,,4.45,26.0,38.5,119.0,4.12,6.81,11.19
2011,DeJon Gomes,Nebraska,SS,71.5,208,9.63,31.38,,4.5,13.0,31.0,110.0,,,
2011,Cameron Graham,Louisville,TE,75.13,244,9.63,31.5,,5.0,18.0,31.0,105.0,4.51,7.19,12.5
2011,Adam Grant,Arizona,OT,78.0,325,10.63,34.0,,5.54,25.0,26.5,99.0,5.0,8.25,
2011,John Graves,Virginia Tech,DT,75.0,286,10.13,32.13,,5.09,29.0,28.5,114.0,4.49,7.49,
2011,A.J. Green,Georgia,WR,75.63,211,9.25,34.38,10.0,4.48,18.0,34.5,126.0,4.21,6.91,11.46
2011,Alex Green,Hawaii,RB,72.25,225,9.13,32.0,,4.45,20.0,34.0,114.0,4.15,6.91,
2011,Virgil Green,Nevada,TE,75.38,249,9.25,33.5,,4.54,23.0,42.5,130.0,4.4,6.9,11.63
2011,Tori Gurley,South Carolina,WR,76.13,216,9.75,35.0,,4.53,15.0,33.5,118.0,4.25,7.05,11.6
2011,Lawrence Guy,Arizona State,DT,76.13,305,10.75,32.75,,4.96,28.0,29.0,,4.43,7.6,
2011,Eric Hagg,Nebraska,FS,73.38,209,10.13,32.88,,4.62,18.0,34.5,121.0,4.19,6.73,11.38
2011,Chris Hairston,Clemson,OT,78.13,326,9.25,35.25,,5.38,33.0,29.0,96.0,4.7,7.9,
2011,Leonard Hankerson,Miami (FL),WR,73.5,209,10.63,32.25,,4.4,14.0,36.0,117.0,4.21,6.94,11.37
2011,Daniel Hardy,Idaho,TE,75.75,249,10.0,31.75,,4.77,18.0,,,,,
2011,Jamie Harper,Clemson,RB,71.38,233,8.88,30.38,,4.53,24.0,36.5,120.0,4.39,7.16,
2011,Brandon Harris,Miami (FL),CB,69.5,191,8.5,30.63,,4.46,13.0,35.5,113.0,4.12,6.77,11.31
2011,Dwayne Harris,East Carolina (NC),WR,70.38,203,10.13,31.13,,4.53,10.0,34.0,111.0,4.21,6.77,11.68
2011,Roy Helu,Nebraska,RB,71.5,219,10.25,31.38,,4.4,11.0,36.5,119.0,4.01,6.67,11.07
2011,Ricky Henry,Nebraska,OG,74.75,308,10.25,33.63,,5.68,20.0,24.0,90.0,4.68,7.98,
2011,Sandon Herzlich,Boston College,OLB,76.0,244,10.0,32.38,,4.91,29.0,32.5,112.0,4.46,7.32,12.2
2011,Cameron Heyward,Ohio State,DE,76.63,294,10.13,34.25,,4.92,,30.0,,,,
2011,Will Hill,Florida,FS,72.75,202,9.5,32.0,,4.64,,31.0,123.0,4.19,,
2011,Jermale Hines,Ohio State,FS,73.13,219,9.75,32.25,,4.61,19.0,31.0,,4.21,6.9,
2011,Kyle Hix,Texas,OT,78.88,319,10.63,34.25,,5.44,24.0,32.0,104.0,4.78,7.77,
2011,Brandon Hogan,West Virginia,CB,70.25,192,9.63,30.38,,4.43,19.0,,,,,
2011,Doug Hogue,Syracuse,OLB,74.5,235,9.38,32.63,,4.62,18.0,36.0,121.0,4.57,7.09,11.76
2011,Andre Holmes,Hillsdale (MI),WR,76.38,210,8.63,34.0,,4.51,11.0,35.0,130.0,4.31,6.69,11.4
2011,Ross Homan,Ohio State,OLB,72.75,240,9.75,30.5,,4.66,32.0,35.5,111.0,4.34,7.21,11.76
2011,Davon House,New Mexico State,CB,72.5,200,9.5,31.88,,4.44,14.0,33.5,109.0,4.12,6.65,11.07
2011,Rob Housler,Florida Atlantic,TE,77.38,248,9.75,34.5,,4.46,22.0,37.0,117.0,4.21,6.9,11.69
2011,Justin Houston,Georgia,OLB,74.88,270,10.88,34.5,,4.62,30.0,36.5,125.0,4.37,6.95,11.46
2011,Rodney Hudson,Florida State,C,74.38,299,9.38,32.5,,5.27,27.0,25.5,95.0,4.96,8.03,
2011,Kevin Hughes,Southeast Louisiana,OT,75.63,302,9.5,34.38,,5.31,22.0,29.5,95.0,4.97,8.29,
2011,Jeremiha Hunter,Iowa,OLB,72.5,239,9.75,32.0,,4.77,20.0,31.5,116.0,,,
2011,Kendall Hunter,Oklahoma State,RB,67.25,199,8.75,31.0,,4.46,24.0,35.0,122.0,4.21,6.74,11.19
2011,Zach Hurd,Connecticut,OG,78.75,316,9.63,34.25,,5.28,,28.0,101.0,4.77,7.73,
2011,Maurice Hurt,Florida,OG,74.63,318,9.0,34.13,,5.34,18.0,,,,,
2011,Henry Hynoski,Pittsburgh,FB,72.38,257,9.63,31.38,,5.06,24.0,30.5,111.0,,,
2011,Mark Ingram,Alabama,RB,69.13,215,9.5,30.75,,4.62,21.0,31.5,113.0,4.62,7.13,
2011,Andrew Jackson,Frenso State (CA),OG,77.0,299,10.25,32.5,,5.27,25.0,28.0,98.0,4.65,7.55,
2011,Jaiquawn Jarrett,Temple,FS,71.88,198,10.0,32.25,,4.62,14.0,30.0,113.0,4.14,6.95,11.72
2011,Lestar Jean,Florida Atlantic,WR,75.0,215,9.0,33.0,,4.61,14.0,37.5,113.0,4.43,7.45,11.68
2011,Jarvis Jenkins,Clemson,DT,76.0,310,9.5,33.25,,5.03,17.0,26.5,98.0,4.83,7.42,
2011,Jerrel Jernigan,Troy (AL),WR,68.88,185,9.25,32.0,,4.46,11.0,37.5,117.0,4.25,7.07,11.57
2011,Carl Johnson,Florida,OG,77.0,361,10.25,36.5,,5.4,25.0,25.5,96.0,5.03,,
2011,Jeron Johnson,Boise State,SS,70.25,212,9.0,31.13,,4.51,23.0,,,,,
2011,Jerrod Johnson,Texas A&M,QB,77.13,251,9.0,31.13,,4.75,,29.0,119.0,4.31,7.28,
2011,Ronald Johnson,Southern California,WR,71.25,199,9.0,30.75,,4.46,16.0,,,,,
2011,Greg Jones,Michigan State,ILB,72.13,242,10.0,32.0,,4.75,21.0,31.5,117.0,4.27,7.21,11.82
2011,Julio Jones,Alabama,WR,74.75,220,9.75,33.75,,4.34,17.0,38.5,135.0,4.25,6.66,11.07
2011,Taiwan Jones,Eastern Washington,RB,71.63,194,8.75,29.5,,4.53,13.0,32.0,115.0,4.33,7.25,
2011,Cameron Jordan,California,DE,76.13,287,11.13,35.0,,4.74,25.0,31.0,117.0,4.37,7.07,
2011,Colin Kaepernick,Nevada,QB,76.63,233,9.13,33.5,,4.53,,32.5,115.0,4.18,6.85,
2011,Jason Kelce,Cincinnati,C,74.63,280,9.5,32.5,,4.89,,30.5,110.0,4.14,7.22,
2011,Lance Kendricks,Wisconsin,TE,74.88,243,9.63,32.0,,4.65,25.0,34.5,122.0,4.15,6.94,11.9
2011,Shiloh Keo,Idaho,SS,71.25,219,9.5,30.0,,4.74,24.0,32.5,110.0,3.9,6.55,11.19
2011,Jeremy Kerley,Texas Christian,WR,69.5,189,9.0,30.0,,4.56,16.0,34.5,120.0,,,
2011,Patrick Kerrigan,Purdue,DE,75.88,267,9.5,33.38,,4.67,31.0,33.5,122.0,4.39,7.18,
2011,Daniel Kilgore,Appalachian State (NC),OG,75.25,308,10.0,32.5,,5.28,23.0,32.5,105.0,4.68,7.59,
2011,Jarriel King,South Carolina,OT,77.0,317,10.75,36.38,,5.03,23.0,30.0,114.0,4.77,7.6,
2011,Karl Klug,Iowa,DE,75.0,275,9.5,32.25,,4.79,22.0,,,,,
2011,Joe Lefeged,Rutgers,SS,71.63,210,9.63,31.5,,4.42,18.0,36.5,122.0,4.13,6.82,11.63
2011,Mark LeGree,Appalachian State (NC),FS,71.5,210,9.25,30.25,,4.49,21.0,31.0,116.0,4.09,6.9,
2011,Orie Lemon,Oklahoma State,ILB,72.75,242,10.13,32.0,,4.87,27.0,30.0,113.0,4.4,7.45,11.88
2011,Mikel Leshoure,Illinois,RB,71.63,227,9.5,32.63,,4.56,21.0,38.0,122.0,4.4,6.82,
2011,Lazarius Levingston,Louisiana State,DE,75.5,292,10.38,33.0,,4.93,,29.5,104.0,4.62,7.29,
2011,Dion Lewis,Pittsburgh,RB,66.63,193,8.75,28.13,,4.56,17.0,34.5,112.0,4.18,6.9,11.39
2011,Alex Linnenkohl,Oregon State,C,73.75,304,9.25,31.38,,5.36,24.0,26.5,89.0,4.62,7.67,
2011,Greg Little,North Carolina,WR,74.5,231,9.13,33.25,,4.51,27.0,40.5,129.0,4.21,6.8,11.28
2011,Corey Liuget,Illinois,DT,74.13,298,9.5,33.25,,4.97,27.0,27.5,102.0,4.68,7.48,
2011,Greg Lloyd,Connecticut,ILB,73.13,246,10.13,33.5,,4.8,22.0,32.0,109.0,4.46,7.17,11.77
2011,Derrick Locke,Kentucky,RB,68.25,188,9.0,28.88,,4.37,16.0,37.5,118.0,4.15,6.98,
2011,Jake Locker,Washington,QB,74.5,231,9.63,31.63,20.0,4.51,,35.0,115.0,4.12,6.77,
2011,Ricardo Lockette,Fort Valley State (GA),WR,74.13,211,9.75,33.75,,4.34,,35.5,127.0,4.19,7.15,11.27
2011,DeMarcus Love,Arkansas,OT,76.38,315,9.5,35.25,,5.18,27.0,26.5,97.0,4.84,7.84,
2011,Scott Lutrus,Connecticut,OLB,74.38,241,10.0,31.13,,4.68,,38.0,121.0,4.09,6.89,11.25
2011,Jeff Maehl,Oregon,WR,72.88,190,9.13,31.5,,4.56,,33.5,115.0,3.94,6.42,10.88
2011,Ryan Mallett,Arkansas,QB,78.75,253,10.75,34.38,26.0,5.24,,24.0,103.0,,,
2011,Owen Marecic,Stanford,FB,72.5,248,9.13,32.63,,4.87,22.0,28.5,102.0,4.56,7.1,11.71
2011,Curtis Marsh,Utah State,CB,72.5,197,9.0,32.0,,4.42,12.0,37.5,123.0,4.07,6.87,
2011,Casey Matthews,Oregon,ILB,72.88,231,8.5,31.5,,4.78,13.0,,,,,
2011,Cliff Matthews,South Carolina,DE,75.5,257,9.75,34.0,,4.81,17.0,32.0,112.0,4.37,7.21,
2011,Byron Maxwell,Clemson,CB,72.25,202,9.5,33.5,,4.43,24.0,33.0,124.0,,,
2011,Colin McCarthy,Miami (FL),ILB,73.38,238,10.25,29.5,,4.59,23.0,36.5,119.0,4.2,6.93,11.38
2011,Terrell McClain,South Florida,DT,73.63,297,10.13,32.75,,4.98,29.0,28.0,104.0,4.56,7.48,
2011,DeAndre McDaniel,Clemson,SS,72.13,217,10.13,32.5,,4.63,,35.0,116.0,,,
2011,Greg McElroy,Alabama,QB,73.88,220,9.38,30.75,43.0,4.84,,33.0,107.0,4.45,7.11,
2011,Andrew McGee,Oklahoma State,CB,71.25,195,9.25,31.38,,4.71,,34.0,117.0,,,
2011,Pernell McPhee,Mississippi State,DE,74.63,278,9.0,34.38,,4.91,20.0,28.5,107.0,4.59,7.13,
2011,Bruce Miller,Central Florida,OLB,73.38,254,9.0,30.25,,4.81,35.0,31.0,113.0,4.34,7.05,
2011,Von Miller,Texas A&M,OLB,74.63,246,9.25,33.5,,4.42,21.0,37.0,126.0,4.06,6.7,11.15
2011,Dontay Moch,Nevada,OLB,73.38,248,9.25,33.0,,4.4,21.0,42.0,128.0,4.38,7.09,
2011,John Moffitt,Wisconsin,OG,76.25,319,9.5,33.0,,5.51,23.0,30.5,102.0,4.53,7.79,
2011,Michael Mohamed,California,ILB,75.0,239,9.5,33.0,,4.65,21.0,32.0,115.0,4.0,6.7,11.25
2011,Denarius Moore,Tennessee,WR,71.63,194,9.5,33.0,,4.43,13.0,36.0,118.0,4.15,6.78,
2011,Rahim Moore,UCLA,FS,71.75,202,9.63,30.25,,4.58,11.0,35.0,115.0,3.96,6.98,
2011,Adrian Moten,Maryland,OLB,73.63,228,9.5,31.38,,4.53,18.0,31.0,114.0,4.21,7.05,11.28
2011,Jonas Mouton,Michigan,OLB,73.0,239,9.75,31.5,,4.84,,31.5,115.0,4.34,7.08,
2011,Orenthal Murdock,Fort Hays State (KS),WR,70.5,197,9.0,32.0,,4.53,15.0,34.5,116.0,4.37,,
2011,DeMarco Murray,Oklahoma,RB,71.63,213,9.25,32.0,,4.37,21.0,34.5,130.0,4.18,7.28,
2011,Chris Neild,West Virginia,DT,73.75,319,10.75,31.88,,5.06,30.0,29.0,106.0,4.46,7.56,
2011,Drake Nevis,Louisiana State,DT,72.63,294,9.38,31.5,,5.06,31.0,30.5,112.0,4.65,7.71,
2011,Cam Newton,Auburn,QB,77.0,248,9.88,33.75,21.0,4.56,,35.0,126.0,4.18,6.92,
2011,Derek Newton,Arkansas State,OT,76.88,311,9.38,33.13,,5.0,24.0,25.5,100.0,5.0,7.76,
2011,Kris O'Dowd,Southern California,C,76.13,304,9.5,32.5,,5.12,31.0,32.5,105.0,4.59,7.67,
2011,Schuylar Oordt,Northern Iowa,TE,77.75,261,9.88,33.75,,4.63,18.0,36.0,119.0,4.25,6.83,11.9
2011,Cheta Ozougwu,Rice (TX),DE,73.63,247,9.38,31.0,,4.84,26.0,34.5,119.0,4.31,7.06,
2011,Stephen Paea,Oregon State,DT,73.25,303,10.0,32.88,,4.98,49.0,,,,,
2011,Martin Parker,Richmond (VA),DT,74.13,303,9.75,33.75,,4.95,22.0,29.0,104.0,4.57,7.56,
2011,Johnny Patrick,Louisville,CB,70.63,191,8.25,30.0,,4.59,13.0,32.0,110.0,4.16,,
2011,Niles Paul,Nebraska,WR,72.88,224,8.88,31.0,,4.45,24.0,34.5,117.0,4.14,6.9,11.75
2011,Michael Person,Montana State,OG,76.5,299,9.63,32.75,,5.07,21.0,28.0,108.0,4.5,7.44,
2011,Patrick Peterson,Louisiana State,CB,72.25,219,9.25,32.0,,4.31,15.0,38.0,126.0,4.07,6.58,11.01
2011,Austin Pettis,Boise State,WR,74.63,209,9.75,31.75,,4.56,14.0,33.5,120.0,3.88,6.68,11.14
2011,Zach Pianalto,North Carolina,TE,75.25,256,9.63,33.0,,4.78,22.0,32.0,108.0,4.41,6.85,11.81
2011,Kealoha Pilares,Hawaii,WR,69.88,199,8.75,30.5,,4.56,19.0,,,,,
2011,Jason Pinkston,Pittsburgh,OT,75.38,317,10.25,34.0,,5.39,,26.5,98.0,4.91,7.88,
2011,Christian Ponder,Florida State,QB,74.0,229,10.25,32.13,35.0,4.63,,34.0,116.0,4.09,6.85,
2011,Josh Portis,California (PA),QB,74.88,211,9.38,34.13,,4.59,,40.0,126.0,4.12,6.84,
2011,Mike Pouncey,Florida,OG,77.0,303,9.75,32.25,,5.12,,25.0,96.0,4.64,7.66,
2011,Jerrell Powe,Mississippi,DT,73.75,335,9.63,33.25,,5.25,27.0,25.0,93.0,5.06,8.17,
2011,Bilal Powell,Louisville,RB,70.5,207,8.75,30.88,,4.52,18.0,,,,,
2011,Robert Quinn,North Carolina,DE,76.0,265,10.13,34.0,,4.62,22.0,34.0,116.0,4.4,7.13,
2011,Will Rackley,Lehigh (PA),OG,75.25,309,10.38,33.25,,5.27,29.0,23.5,,4.94,7.91,
2011,Brooks Reed,Arizona,OLB,74.5,263,10.0,32.25,,4.65,30.0,30.5,113.0,4.28,7.11,
2011,D'Aundre Reed,Arizona,DE,75.88,261,10.25,33.5,,4.84,30.0,35.5,119.0,4.32,7.24,
2011,Jah Reid,Central Florida,OT,79.13,327,10.25,34.38,,5.32,28.0,29.5,111.0,4.65,7.73,
2011,Allen Reisner,Iowa,TE,74.25,248,10.5,33.25,,4.9,14.0,28.0,108.0,4.59,7.31,12.12
2011,Stevan Ridley,Louisiana State,RB,71.25,225,9.25,31.88,,4.65,18.0,36.0,118.0,4.21,6.78,
2011,Aldrick Robinson,Southern Methodist (TX),WR,69.63,184,8.75,29.5,,4.35,17.0,40.0,126.0,4.09,6.65,11.01
2011,Jacquizz Rodgers,Oregon State,RB,65.88,196,8.88,30.5,,4.59,,33.0,113.0,4.26,7.31,
2011,Justin Rogers,Richmond (VA),CB,70.5,180,8.25,31.38,,4.45,14.0,33.0,114.0,4.2,7.21,11.4
2011,Brian Rolle,Ohio State,OLB,69.63,229,10.38,31.0,,4.53,28.0,33.0,115.0,4.26,6.89,
2011,Evan Royster,Penn State,RB,71.63,212,9.25,30.75,,4.65,20.0,34.0,113.0,4.18,7.07,
2011,Chris Rucker,Michigan State,CB,72.5,195,9.0,33.0,,4.55,10.0,,,,,
2011,Kevin Rutland,Missouri,CB,71.63,190,9.0,31.13,,4.58,12.0,35.5,115.0,4.15,6.92,11.31
2011,Brandon Saine,Ohio State,RB,71.25,220,9.25,30.63,,4.4,22.0,34.5,113.0,4.25,6.98,
2011,Greg Salas,Hawaii,WR,73.13,210,9.25,32.0,,4.53,15.0,37.0,120.0,4.1,6.65,11.21
2011,DeMarco Sampson,San Diego State,WR,74.0,204,9.63,33.0,,4.69,14.0,,,,,
2011,Jock Sanders,West Virginia,WR,66.13,181,8.88,28.25,,4.5,19.0,34.5,121.0,4.13,6.78,
2011,Robert Sands,West Virginia,FS,76.38,217,9.75,33.38,,4.53,12.0,35.0,124.0,4.06,7.03,11.2
2011,Dane Sanzenbacher,Ohio State,WR,71.38,182,8.25,30.5,,4.56,,33.5,118.0,3.97,6.46,10.94
2011,Tyler Sash,Iowa,SS,72.0,211,9.38,30.0,,4.62,11.0,33.0,108.0,4.27,6.9,11.56
2011,Weslye Saunders,South Carolina,TE,77.13,270,10.5,35.63,,4.82,19.0,33.5,116.0,,,
2011,Stephen Schilling,Michigan,OG,76.25,308,9.63,32.75,,5.18,30.0,25.5,98.0,4.62,7.73,
2011,Da'Rel Scott,Maryland,RB,71.0,211,9.0,32.5,,4.4,19.0,34.0,117.0,4.2,7.15,11.51
2011,Da'Norris Searcy,North Carolina,SS,70.63,223,9.5,33.5,,4.55,27.0,33.0,120.0,4.09,6.87,11.18
2011,Jabaal Sheard,Pittsburgh,DE,74.88,264,10.0,33.5,,4.68,,31.0,115.0,,,
2011,Kelvin Sheppard,Louisiana State,ILB,73.88,250,9.63,31.75,,4.64,22.0,33.5,110.0,4.28,,
2011,Anthony Sherman,Connecticut,FB,70.0,242,9.38,30.0,,4.74,32.0,32.5,111.0,4.41,7.23,
2011,Richard Sherman,Stanford,CB,74.63,195,9.75,32.0,,4.54,16.0,38.0,125.0,4.33,6.82,11.44
2011,Derek Sherrod,Mississippi State,OT,77.38,321,11.0,35.38,,5.18,23.0,28.0,97.0,4.63,7.43,
2011,Cecil Shorts,Mount Union (OH),WR,71.75,205,9.25,31.63,,4.5,21.0,34.5,114.0,4.07,6.5,11.18
2011,Tupaimoefitpo Siliga,Utah,DT,73.75,305,10.0,34.5,,5.04,29.0,29.0,,4.75,7.7,
2011,David Sims,Iowa State,SS,69.25,200,8.75,31.0,,4.5,24.0,37.5,120.0,4.28,,11.64
2011,Buster Skrine,Tennessee-Chattanooga,CB,69.5,186,8.88,30.25,,4.37,20.0,37.0,122.0,3.9,6.44,10.75
2011,Aldon Smith,Missouri,DE,76.25,263,9.75,35.38,,4.74,20.0,34.0,118.0,4.5,7.19,
2011,Darryl Smith,Appalachian State (NC),OLB,70.63,239,10.25,32.0,,4.75,20.0,31.0,104.0,4.45,7.35,11.87
2011,Jimmy Smith,Colorado,CB,74.25,211,9.75,32.25,,4.42,24.0,36.0,123.0,4.06,6.93,
2011,Lee Smith,Marshall (WV),TE,77.75,266,9.75,34.38,,4.94,25.0,29.0,108.0,4.28,7.16,12.0
2011,Torrey Smith,Maryland,WR,72.88,204,8.63,32.63,,4.41,19.0,41.0,126.0,4.13,6.72,11.33
2011,Tyron Smith,Southern California,OT,77.0,307,11.0,36.38,,5.08,29.0,,,,,
2011,Willie Smith,East Carolina (NC),OT,77.38,310,11.25,34.5,,5.4,,30.5,106.0,4.83,7.95,
2011,Nate Solder,Colorado,OT,80.25,319,9.88,35.5,,4.96,21.0,32.0,110.0,4.34,7.44,
2011,Owen Spencer,North Carolina State,WR,73.88,195,9.5,33.38,,4.51,6.0,37.5,125.0,4.18,6.86,11.16
2011,Ricky Stanzi,Iowa,QB,76.38,223,10.0,32.0,30.0,4.87,,32.5,110.0,4.43,6.95,
2011,Luke Stocker,Tennessee,TE,76.75,258,9.75,33.0,,4.68,27.0,33.0,115.0,4.4,7.03,11.95
2011,Quan Sturdivant,North Carolina,ILB,73.0,241,10.0,32.5,,4.63,21.0,34.0,115.0,4.5,,
2011,Jerrard Tarrant,Georgia Tech,FS,72.38,204,9.25,30.75,,4.57,14.0,33.0,116.0,4.21,6.92,11.51
2011,Vai Taua,Nevada,RB,69.5,213,9.25,31.13,,4.65,20.0,34.5,112.0,4.18,6.89,
2011,Adrian Taylor,Oklahoma,DT,75.38,311,9.88,33.0,,4.96,34.0,,,,,
2011,Phil Taylor,Baylor,DT,75.25,334,10.75,34.0,,5.09,31.0,29.5,100.0,4.77,7.75,
2011,Tyrod Taylor,Virginia Tech,QB,72.75,217,10.0,32.25,,4.47,,37.5,126.0,4.09,6.78,
2011,Zane Taylor,Utah,C,74.5,309,10.25,33.0,,5.52,33.0,25.5,104.0,4.77,8.15,
2011,Daniel Thomas,Kansas State,RB,72.25,230,9.0,32.38,,4.63,21.0,,,,,
2011,James Thomas,West Virginia,OLB,73.0,241,9.5,30.5,,4.65,23.0,30.5,114.0,4.28,7.23,11.84
2011,Josh Thomas,Buffalo,CB,70.25,191,9.13,31.63,,4.46,13.0,38.5,126.0,4.15,6.99,11.25
2011,Julius Thomas,Portland State (OR),TE,76.63,246,10.25,33.0,,4.64,16.0,35.5,111.0,4.31,6.96,11.95
2011,Brandyn Thompson,Boise State,CB,69.25,189,9.0,29.75,,4.5,13.0,33.5,114.0,4.12,6.66,11.13
2011,Isaiah Thompson,Houston,OG,75.38,300,9.38,33.5,,6.0,23.0,25.0,82.0,5.56,9.04,
2011,Cedric Thornton,Southern Arkansas,DT,75.13,309,10.0,33.63,,5.25,23.0,27.0,101.0,4.71,7.7,
2011,Jordan Todman,Connecticut,RB,68.88,203,9.38,32.0,,4.4,25.0,38.0,126.0,4.18,7.24,11.25
2011,Terrance Toliver,Louisiana State,WR,75.5,212,10.0,32.0,,4.52,,32.0,122.0,4.03,6.48,11.4
2011,Scott Tolzien,Wisconsin,QB,74.0,212,10.0,30.5,,4.92,,29.5,116.0,4.12,6.84,
2011,Devon Torrence,Ohio State,CB,71.63,199,9.0,30.38,,4.68,,33.0,111.0,4.09,6.95,11.59
2011,Jeff Van Camp,Florida Atlantic,QB,77.0,218,10.25,32.5,,4.83,,31.0,114.0,4.16,6.87,
2011,Demarcus Van Dyke,Miami (FL),CB,72.75,176,9.0,31.38,,4.25,5.0,33.5,,4.09,6.97,
2011,Julian Vandervelde,Iowa,OG,73.88,301,9.63,32.75,,5.12,23.0,31.0,104.0,4.59,7.46,
2011,Shane Vereen,California,RB,70.25,210,9.0,30.63,,4.49,31.0,34.0,115.0,4.28,6.95,11.58
2011,Danny Watkins,Baylor,OG,75.38,310,10.13,34.25,,5.36,29.0,26.0,92.0,4.62,7.61,
2011,Justin Watt,Wisconsin,DE,77.38,290,11.13,34.0,,4.81,34.0,37.0,120.0,4.21,6.88,
2011,Ryan Whalen,Stanford,WR,73.13,202,9.0,30.0,,4.53,18.0,38.5,123.0,4.09,6.67,11.21
2011,Chris White,Mississippi State,ILB,74.75,240,9.0,30.88,,4.68,17.0,34.0,115.0,4.25,6.95,11.58
2011,Johnny White,North Carolina,RB,69.88,209,9.13,30.0,,4.5,,32.5,117.0,4.31,7.07,11.62
2011,Markus White,Florida State,DE,75.5,266,10.0,33.38,,4.86,14.0,32.5,117.0,4.51,7.25,
2011,Colby Whitlock,Texas Tech,DT,74.13,302,9.0,30.38,,5.27,25.0,30.5,105.0,4.75,7.73,
2011,Muhammad Wilkerson,Temple,DT,76.13,315,10.0,35.25,,4.96,27.0,26.0,106.0,4.59,7.31,
2011,Aaron Williams,Texas,CB,71.88,204,9.25,31.5,,4.55,18.0,37.5,127.0,4.07,6.72,11.35
2011,D.J. Williams,Arkansas,TE,74.0,245,10.38,31.5,,4.59,20.0,33.5,111.0,4.51,7.29,12.2
2011,Ian Williams,Notre Dame,DT,73.0,319,9.5,32.0,,5.21,31.0,28.5,98.0,4.78,,
2011,Keith Williams,Nebraska,OG,76.0,318,10.0,32.38,,5.28,23.0,24.5,93.0,5.03,8.42,
2011,Marshall Williams,Wake Forest,WR,72.75,188,9.25,32.0,,4.56,9.0,35.5,123.0,4.09,6.61,11.38
2011,Nate Williams,Washington,SS,73.0,211,9.0,31.13,,4.68,17.0,30.5,114.0,4.15,6.98,11.43
2011,Ryan Williams,Virginia Tech,RB,69.0,212,9.0,30.75,,4.59,19.0,40.0,123.0,4.18,6.96,11.4
2011,Zach Williams,Washington State,C,75.0,309,9.5,33.25,,5.18,28.0,30.0,103.0,4.62,7.54,
2011,Lawrence Wilson,Connecticut,OLB,72.88,229,10.0,30.5,,4.71,24.0,32.5,113.0,4.5,7.23,11.89
2011,Martez Wilson,Illinois,ILB,76.0,250,9.75,34.63,,4.42,23.0,36.0,124.0,4.28,7.04,
2011,Ryan Winterswyk,Boise State,DE,76.0,268,9.75,32.75,,4.96,18.0,30.0,111.0,4.37,7.01,
2011,Stefen Wisniewski,Penn State,C,75.0,313,10.38,33.0,,5.29,30.0,28.5,100.0,4.63,7.51,
2011,Kenneth Wright,Mississippi State,OLB,75.0,246,9.0,34.88,,4.75,20.0,32.0,120.0,4.46,7.26,11.82
2011,Shareece Wright,Southern California,CB,71.0,185,9.5,32.25,,4.41,16.0,34.5,113.0,,,
2011,Taylor Yates,North Carolina,QB,75.0,219,10.25,32.5,,5.06,,29.5,104.0,4.12,6.96,
2011,Jimmy Young,Texas Christian,WR,73.0,204,9.0,31.38,,4.5,19.0,37.0,115.0,4.18,7.08,
2011,Titus Young,Boise State,WR,71.38,174,9.0,30.88,,4.43,,,123.0,,,
2011,Lee Ziemba,Auburn,OT,78.0,317,9.63,34.0,,5.5,20.0,29.0,95.0,4.65,7.74,
2010,Seyi Ajirotutu,Frenso State (CA),WR,75.38,204,9.38,32.63,,4.6,14.0,36.0,115.0,4.39,7.22,
2010,Rahim Alem,Louisiana State,DE,74.63,251,,,,4.75,,30.5,106.0,4.8,7.54,
2010,Nate Allen,South Florida,FS,72.5,207,,,,4.5,16.0,,,,,
2010,Tyson Alualu,California,DE,74.38,295,,,,4.87,21.0,35.5,116.0,4.43,7.15,
2010,Jon Amaya,Nevada,FS,72.75,203,,,,4.51,8.0,28.0,118.0,,,
2010,Pat Angerer,Iowa,ILB,72.25,235,9.13,30.5,,4.71,26.0,35.0,110.0,4.29,7.04,
2010,Lucien Antoine,Oklahoma State,SS,72.5,215,9.38,32.25,,4.62,28.0,32.0,120.0,4.47,7.38,
2010,Javier Arenas,Alabama,CB,68.63,197,9.5,30.88,,4.6,,,112.0,,,
2010,Alric Arnett,West Virginia,WR,73.75,188,,,,4.52,,40.0,122.0,4.43,7.03,
2010,Larry Asante,Nebraska,SS,72.0,212,,,,4.62,14.0,37.5,118.0,4.17,7.0,
2010,Geno Atkins,Georgia,DT,73.38,293,9.63,32.0,,4.75,34.0,33.0,117.0,4.43,7.33,
2010,Kevin Basped,Nevada,DE,76.5,258,,,,4.75,26.0,29.0,104.0,4.88,7.54,
2010,Zane Beadles,Utah,OG,76.38,310,9.75,33.75,,5.28,27.0,,,,,
2010,Jason Beauchamp,Nevada Las Vegas,ILB,75.0,244,,,,4.89,21.0,39.5,120.0,,7.1,
2010,Chris Bell,Norfolk State (VA),WR,74.13,211,9.13,32.25,,4.5,15.0,35.0,117.0,4.35,6.76,
2010,Joique Bell,Wayne State (MI),RB,71.25,220,9.0,31.5,,4.68,,36.5,120.0,4.17,6.84,11.33
2010,Arrelious Benn,Illinois,WR,73.0,219,,,,4.57,20.0,37.0,118.0,,,
2010,Eric Berry,Tennessee,FS,71.63,211,,,,4.4,19.0,43.0,130.0,4.23,6.8,
2010,Jahvid Best,California,RB,70.13,199,,,24.0,4.34,18.0,32.5,113.0,4.17,6.75,
2010,Ciron Black,Louisiana State,OG,76.5,327,10.13,33.0,,5.53,23.0,25.5,,5.13,8.52,
2010,LeGarrette Blount,Oregon,RB,72.5,241,10.0,33.5,16.0,4.7,18.0,35.0,117.0,4.49,6.85,
2010,Kyle Bosworth,UCLA,OLB,72.63,236,,,,4.69,25.0,32.5,117.0,4.11,6.67,
2010,Navorro Bowman,Penn State,OLB,72.5,242,9.88,33.0,,4.7,26.0,29.5,115.0,4.59,6.91,11.52
2010,Sam Bradford,Oklahoma,QB,76.25,236,9.5,,36.0,4.79,,,,,,
2010,Dezmon Briscoe,Kansas,WR,74.0,207,9.5,33.5,,4.66,9.0,33.0,115.0,4.57,7.1,
2010,Dorian Brooks,James Madison (VA),OG,74.25,306,10.0,33.75,,5.15,26.0,23.0,100.0,4.66,7.73,
2010,Antonio Brown,Central Michigan,WR,70.13,186,,,,4.56,13.0,33.5,105.0,4.18,6.98,
2010,Charles Brown,Southern California,OT,77.38,303,11.38,35.25,,5.24,21.0,31.5,,,,
2010,Chris Brown,Oklahoma,RB,70.38,210,9.13,29.0,,4.55,17.0,36.0,115.0,,,
2010,Cornelius Brown,Texas-El Paso,CB,70.88,198,,,,4.59,11.0,31.5,118.0,4.24,6.87,
2010,Jarrett Brown,West Virginia,QB,74.88,224,10.0,,,4.5,,34.5,114.0,4.39,7.24,
2010,Levi Brown,Troy (AL),QB,75.5,229,9.5,31.5,,4.93,20.0,31.5,106.0,4.43,7.07,
2010,Bryan Bulaga,Iowa,OT,77.38,314,9.25,33.25,,5.2,26.0,27.5,98.0,4.75,7.7,
2010,Morgan Burnett,Georgia Tech,FS,73.38,209,9.0,31.75,,4.51,16.0,,,,,
2010,Crezdon Butler,Clemson,CB,71.75,191,,,,4.43,17.0,39.5,121.0,4.23,7.08,
2010,Donald Butler,Washington,ILB,73.13,245,,,,4.62,35.0,,,,,
2010,Jeff Byers,Southern California,C,75.38,301,9.5,33.13,,5.04,33.0,,,,,
2010,Nate Byham,Pittsburgh,TE,75.88,268,,33.5,,4.97,,29.0,109.0,,,
2010,Kyle Calloway,Iowa,OT,78.5,323,,33.25,,5.46,22.0,23.5,,4.86,7.96,
2010,Bruce Campbell,Maryland,OT,78.38,314,10.5,36.25,,4.75,34.0,32.0,101.0,4.69,7.58,
2010,Lee Campbell,Minnesota,ILB,74.38,247,9.63,31.5,,4.88,17.0,34.0,108.0,4.4,7.27,
2010,Sean Canfield,Oregon State,QB,75.75,223,9.25,32.75,,4.93,,29.5,100.0,4.39,7.26,11.89
2010,Selvish Capers,West Virginia,OT,76.63,308,,34.0,,5.11,19.0,30.5,106.0,4.68,7.68,
2010,Alex Carrington,Arkansas State,DE,77.25,285,10.5,33.25,,4.92,26.0,,,,,
2010,Brandon Carter,Texas Tech,OG,77.75,329,,,,5.34,22.0,24.5,,4.94,7.82,
2010,Chris Chancellor,Clemson,CB,69.13,177,9.38,30.5,,4.49,14.0,34.0,115.0,4.07,6.85,
2010,Kam Chancellor,Virginia Tech,FS,75.25,231,9.5,33.0,,4.62,22.0,32.0,116.0,4.41,7.36,
2010,Jamar Chaney,Mississippi State,ILB,72.75,242,,,,4.54,26.0,39.0,124.0,4.29,6.9,
2010,Barry Church,Toledo,SS,73.5,222,,,,4.69,19.0,36.0,121.0,4.17,6.65,
2010,Daryll Clark,Penn State,QB,73.88,235,9.5,32.75,,4.72,21.0,,,,,
2010,Jimmy Clausen,Notre Dame,QB,74.63,222,9.0,,23.0,4.76,,,,,,
2010,Keenan Clayton,Oklahoma,OLB,73.13,229,,,,4.59,27.0,41.5,124.0,,,
2010,Terrence Cody,Alabama,DT,76.0,349,11.0,34.25,,5.71,,20.5,,5.03,8.19,
2010,Justin Cole,San Jose State,OLB,75.13,242,9.38,31.25,,4.76,22.0,34.5,117.0,4.42,7.13,11.21
2010,Antonio Coleman,Auburn,OLB,73.5,255,10.0,33.0,,4.87,18.0,,113.0,,,
2010,Harry Coleman,Louisiana State,SS,73.5,211,,,,4.56,13.0,33.0,115.0,4.42,7.24,
2010,Kurt Coleman,Ohio State,SS,70.25,192,,,,4.55,19.0,,,,,
2010,John Conner,Kentucky,FB,71.13,246,8.5,32.0,,4.64,24.0,35.0,111.0,4.32,7.15,
2010,Kavell Conner,Clemson,OLB,72.5,242,9.5,32.75,,4.59,24.0,33.5,110.0,4.6,7.36,
2010,Chris Cook,Virginia,CB,74.0,212,9.25,32.5,,4.45,7.0,38.0,132.0,4.23,6.88,
2010,Erik Cook,New Mexico,C,78.0,318,,,,5.55,19.0,25.0,,4.99,8.24,
2010,Riley Cooper,Florida,WR,75.38,222,10.38,32.63,,4.53,,33.0,114.0,,,
2010,Perrish Cox,Oklahoma State,CB,71.38,195,,,,4.58,12.0,32.5,113.0,,,
2010,Rennie Curran,Georgia,OLB,70.63,235,10.38,31.5,,4.75,25.0,34.5,,,,
2010,Anthony Davis,Rutgers,OT,77.0,323,,34.0,,5.36,21.0,33.0,,4.97,8.17,
2010,Dexter Davis,Arizona State,OLB,73.5,244,,,,4.62,25.0,35.0,109.0,4.3,7.08,
2010,Hall Davis,Louisiana-Lafayette,DE,75.75,271,,,,4.84,28.0,,,,,
2010,Eric Decker,Minnesota,WR,75.13,217,9.13,31.0,,4.54,15.0,,,,,
2010,Chris DeGeare,Wake Forest,OG,75.63,325,9.75,34.0,,5.12,27.0,32.5,103.0,4.9,7.84,
2010,Dorin Dickerson,Pittsburgh,TE,73.38,226,9.75,34.0,,4.4,24.0,43.5,125.0,4.3,6.96,
2010,Ed Dickson,Oregon,TE,76.25,249,9.75,33.0,,4.59,23.0,34.0,115.0,4.59,7.32,
2010,Phillip Dillard,Nebraska,ILB,72.25,245,,,,4.65,,31.5,106.0,4.43,7.16,
2010,Andre Dixon,Connecticut,RB,72.75,205,10.13,32.25,,4.56,,40.0,117.0,4.19,6.99,11.55
2010,Anthony Dixon,Mississippi State,RB,72.75,233,,,25.0,4.67,15.0,33.0,121.0,4.49,7.09,
2010,Jim Dray,Stanford,TE,76.75,246,,33.0,,4.82,17.0,,,,,
2010,Vladimir Ducasse,Massachusetts,OT,76.38,332,,,,5.21,29.0,26.0,91.0,4.97,8.25,
2010,Carlos Dunlap,Florida,DE,78.0,278,10.0,34.63,,4.68,21.0,31.5,111.0,4.61,7.21,
2010,Jonathan Dwyer,Georgia Tech,RB,71.25,229,8.63,31.0,17.0,4.64,15.0,33.0,107.0,4.67,7.56,
2010,Marcus Easley,Connecticut,WR,74.75,210,8.5,32.75,,4.39,16.0,34.0,123.0,4.6,6.94,11.5
2010,A.J. Edds,Iowa,OLB,75.63,246,,,,4.62,16.0,33.0,117.0,4.28,7.19,
2010,Brody Eldridge,Oklahoma,TE,76.75,261,9.63,32.5,,4.72,,31.5,,,,
2010,Dedrick Epps,Miami (FL),TE,76.0,246,9.88,33.13,,4.72,19.0,,,,,
2010,Jacoby Ford,Clemson,WR,68.88,186,,,,4.22,15.0,33.5,115.0,4.44,7.0,
2010,Jason Fox,Miami (FL),OT,79.0,305,9.5,34.5,,5.42,23.0,,,,,
2010,Dominique Franks,Oklahoma,CB,71.0,194,,,,4.46,10.0,33.5,117.0,4.33,7.32,
2010,Junior Galette,Stillman (AL),OLB,73.75,257,9.0,33.0,,4.77,25.0,33.5,113.0,4.16,7.04,
2010,Clifton Geathers,South Carolina,DE,79.5,299,11.13,37.75,,4.98,26.0,36.0,112.0,,7.69,
2010,Riar Geer,Colorado,FB,74.88,256,10.13,33.0,,5.0,13.0,33.0,106.0,4.29,7.13,
2010,Toby Gerhart,Stanford,RB,72.0,231,,,,4.5,22.0,38.0,118.0,4.25,6.94,
2010,David Gettis,Baylor,WR,75.0,217,,,,4.43,15.0,34.5,124.0,4.41,6.94,
2010,Brandon Ghee,Wake Forest,CB,71.63,192,10.5,32.5,,4.37,15.0,37.0,127.0,4.07,6.75,11.21
2010,Thaddeus Gibson,Ohio State,OLB,74.0,243,,,,4.78,32.0,32.0,115.0,4.27,6.84,
2010,Mardy Gilyard,Cincinnati,WR,71.88,187,9.13,32.25,,4.61,,39.0,116.0,4.4,6.92,11.59
2010,Travis Goethel,Arizona State,ILB,74.5,240,,,,4.81,21.0,35.0,111.0,4.54,6.93,
2010,Brandon Graham,Michigan,OLB,73.38,268,,,,4.71,31.0,,,,,
2010,Garrett Graham,Wisconsin,TE,75.13,243,9.5,32.0,,4.71,20.0,34.5,112.0,4.35,7.09,
2010,Jimmy Graham,Miami (FL),TE,78.25,260,10.63,35.0,,4.53,,38.5,120.0,4.45,6.9,11.76
2010,Kurtis Gregory,Missouri,OG,76.5,305,10.25,33.0,,5.31,26.0,25.5,,4.93,7.62,
2010,Jermaine Gresham,Oklahoma,TE,77.25,261,9.63,34.75,,4.66,20.0,35.0,113.0,4.53,7.07,11.88
2010,Everson Griffen,Southern California,DE,75.38,273,10.0,32.63,,4.65,32.0,,,,,
2010,Cody Grimm,Virginia Tech,SS,70.88,203,9.63,30.5,,4.55,11.0,35.5,117.0,,6.58,
2010,Rob Gronkowski,Arizona,TE,78.0,258,10.75,34.25,,4.68,23.0,,,,,
2010,Joe Haden,Florida,CB,70.75,193,,,,4.52,18.0,35.0,125.0,4.34,6.94,
2010,Max Hall,Brigham Young,QB,72.63,209,9.0,30.0,,4.84,,32.0,102.0,4.35,7.07,
2010,Clay Harbor,Missouri State,FB,74.63,252,,32.63,,4.62,30.0,40.0,120.0,4.37,,
2010,Montario Hardesty,Tennessee,RB,71.75,225,,,25.0,4.49,21.0,41.0,124.0,4.14,6.87,
2010,Greg Hardy,Mississippi,DE,76.0,281,,,,4.82,21.0,35.0,117.0,4.65,7.25,
2010,Chris Hawkins,Louisiana State,CB,72.13,187,9.88,32.0,,4.43,16.0,35.0,118.0,4.46,6.91,
2010,Joe Hawley,Nevada Las Vegas,C,75.25,297,10.63,33.13,,5.21,35.0,26.0,105.0,4.73,7.5,
2010,Tim Hiller,Western Michigan,QB,76.0,229,9.13,,,4.97,18.0,32.5,118.0,4.54,7.1,
2010,Shay Hodge,Mississippi,WR,73.25,209,,,,4.62,11.0,33.5,117.0,4.32,6.9,
2010,Trindon Holliday,Louisiana State,WR,65.25,166,,,,4.21,10.0,42.0,116.0,4.48,6.54,
2010,Michael Hoomanawanui,Illinois,TE,75.63,264,10.13,33.0,,4.77,25.0,,,,,
2010,Lamarr Houston,Texas,DT,74.75,305,10.0,33.0,,4.84,30.0,33.5,114.0,4.71,7.61,
2010,Jerry Hughes,Texas Christian,OLB,73.75,255,,,,4.65,26.0,34.5,118.0,4.15,6.99,
2010,Josh Hull,Penn State,ILB,74.75,237,9.0,32.75,,4.93,25.0,32.5,115.0,4.07,6.86,11.31
2010,Carl Ihenacho,San Jose State,OLB,75.0,245,,,,4.86,20.0,,,,,
2010,Mike Iupati,Idaho,OG,77.13,331,,,,5.24,27.0,27.5,92.0,4.93,7.85,
2010,Brian Jackson,Oklahoma,CB,72.63,202,9.75,34.0,,4.65,20.0,35.5,120.0,4.22,6.76,11.23
2010,Kareem Jackson,Alabama,CB,70.5,196,,,,4.4,13.0,37.5,118.0,4.14,6.92,
2010,Rashawn Jackson,Virginia,FB,73.0,239,9.88,33.0,,4.75,,34.5,117.0,,,
2010,Brandon James,Florida,RB,67.0,186,8.75,29.75,,4.47,14.0,,,,,
2010,Javarris James,Miami (FL),RB,73.0,215,,,,4.58,21.0,36.0,115.0,,,
2010,A.J. Jefferson,Frenso State (CA),CB,72.13,193,9.25,32.5,,4.42,7.0,44.0,126.0,4.0,6.72,11.04
2010,John Jerry,Mississippi,OT,77.38,328,9.75,34.0,,5.15,,27.5,101.0,4.69,7.93,
2010,Micah Johnson,Kentucky,ILB,73.5,258,9.25,32.0,,4.99,31.0,29.0,,,,
2010,Mike Johnson,Alabama,OG,77.25,312,,,,5.37,,25.0,,5.01,8.15,
2010,Stafon Johnson,Southern California,RB,70.88,214,8.75,30.38,,4.62,13.0,35.5,118.0,,,
2010,Kyle Jolly,North Carolina,OT,78.0,311,10.25,33.5,,5.36,20.0,21.5,,4.87,7.89,
2010,Chad Jones,Louisiana State,SS,74.13,221,9.0,32.5,,4.59,9.0,36.0,115.0,4.14,6.83,
2010,Donald Jones,Youngstown State (OH),WR,72.38,214,,,,4.46,20.0,41.0,119.0,4.2,6.9,
2010,Reshad Jones,Georgia,SS,73.25,214,,,,4.51,24.0,39.5,118.0,4.54,7.43,
2010,Linval Joseph,East Carolina (NC),DT,76.5,328,,,,5.09,39.0,30.0,100.0,4.71,8.12,
2010,Kevin Jurovich,San Jose State,WR,70.63,182,,,,4.49,14.0,,,,,
2010,Mike Kafka,Northwestern,QB,75.13,225,9.25,,,4.93,,32.0,110.0,4.37,6.96,
2010,Sergio Kindle,Texas,OLB,74.88,250,10.0,33.25,,4.65,25.0,36.5,118.0,4.53,7.26,
2010,Jammie Kirlew,Indiana,DE,73.25,260,,,,5.05,26.0,33.0,111.0,4.74,7.5,
2010,Keaton Kristick,Oregon State,OLB,74.75,234,9.5,31.0,,4.7,16.0,34.0,120.0,4.21,6.96,11.33
2010,Brandon LaFell,Louisiana State,WR,74.5,211,,,,4.58,,36.0,115.0,4.23,6.81,
2010,Austen Lane,Murray State (KY),DE,77.75,276,,,,4.84,,34.5,125.0,4.6,7.38,
2010,Brandon Lang,Troy (AL),DE,75.75,266,8.75,32.0,,5.0,20.0,28.5,104.0,4.68,,
2010,Ted Larsen,North Carolina State,C,74.63,304,,,,5.19,26.0,24.0,96.0,4.66,7.81,
2010,Shawn Lauvao,Arizona State,OG,74.88,315,9.5,33.0,,5.22,33.0,26.5,101.0,4.51,7.56,
2010,Simoni Lawrence,Minnesota,OLB,72.38,232,9.63,33.0,,4.59,21.0,40.0,123.0,4.43,7.3,
2010,Boris Lee,Troy (AL),ILB,72.5,238,9.75,32.0,,4.94,27.0,32.5,112.0,,,
2010,Sean Lee,Penn State,ILB,74.13,236,8.75,32.0,,4.71,24.0,37.5,120.0,,,
2010,Dan LeFevour,Central Michigan,QB,75.25,230,9.25,32.5,,4.6,,29.5,110.0,4.22,6.93,
2010,Kendrick Lewis,Mississippi,FS,71.63,198,,,,4.73,16.0,31.5,116.0,4.33,6.88,
2010,Myron Lewis,Vanderbilt,FS,73.63,203,,,,4.42,10.0,37.0,126.0,,,
2010,Thaddeus Lewis,Duke,QB,72.5,215,9.63,32.63,,4.84,,28.0,107.0,,,
2010,Trevard Lindley,Kentucky,CB,71.25,183,,,,4.51,9.0,38.5,116.0,4.27,6.81,
2010,Scott Long,Louisville,WR,74.13,216,,,,4.46,20.0,41.5,123.0,4.09,6.45,
2010,Darius Marshall,Marshall (WV),RB,69.25,190,9.0,30.75,,4.59,14.0,35.5,109.0,4.39,,
2010,Ryan Mathews,Frenso State (CA),RB,71.63,218,,,16.0,4.37,19.0,36.0,121.0,4.33,7.0,
2010,Sam Maxwell,Kentucky,OLB,73.63,246,,,,4.88,,33.0,108.0,4.52,7.37,
2010,Taylor Mays,Southern California,FS,75.13,230,,,,4.31,24.0,41.0,125.0,,,
2010,Kyle McCarthy,Notre Dame,SS,72.0,205,8.88,29.5,,4.58,24.0,34.0,117.0,4.13,6.74,11.13
2010,Rolando McClain,Alabama,ILB,76.0,249,9.38,33.0,,4.68,24.0,,,,,
2010,Albert McClellan,Marshall (WV),ILB,73.0,247,,,,4.75,26.0,36.5,119.0,4.21,7.24,
2010,Dexter McCluster,Mississippi,WR,68.75,172,8.38,29.25,18.0,4.53,20.0,37.5,118.0,4.06,,
2010,Devin McCourty,Rutgers,CB,70.75,193,,,,4.38,16.0,36.0,126.0,4.07,6.7,
2010,Anthony McCoy,Southern California,TE,76.5,259,,34.0,,4.71,19.0,35.5,113.0,4.57,6.99,
2010,Colt McCoy,Texas,QB,73.13,216,9.38,,25.0,4.79,,,114.0,,,
2010,Gerald McCoy,Oklahoma,DT,76.13,295,,,,5.04,23.0,30.5,114.0,4.48,7.32,
2010,Chris McGaha,Arizona State,WR,72.88,201,,,,4.52,19.0,40.0,122.0,4.21,,
2010,Joe McKnight,Southern California,RB,71.38,198,,,,4.4,18.0,36.5,120.0,,,
2010,Mike McLaughlin,Boston College,ILB,72.25,242,,,,4.84,29.0,38.5,114.0,4.11,6.85,
2010,Shawnbrey McNeal,Southern Methodist (TX),RB,69.13,194,9.38,30.5,,4.53,14.0,36.0,117.0,,,
2010,Kerry Meier,Kansas,WR,74.13,224,,,,4.62,13.0,35.0,115.0,4.23,,
2010,Greg Middleton,Indiana,DE,75.0,268,10.13,33.0,,4.96,,38.0,116.0,4.69,7.65,
2010,Lonyae Miller,Frenso State (CA),RB,71.5,221,8.88,30.75,,4.43,26.0,36.5,120.0,4.54,7.2,
2010,Koa Misi,Utah,OLB,74.63,251,,,,4.75,,38.0,127.0,4.27,7.07,
2010,Carlton Mitchell,South Florida,WR,74.88,215,10.63,33.5,,4.46,16.0,36.0,122.0,4.55,6.96,
2010,Earl Mitchell,Arizona,DT,73.75,296,,,,4.75,25.0,28.5,107.0,4.55,7.68,
2010,Arthur Moats,James Madison (VA),OLB,72.25,246,8.63,33.75,,4.64,24.0,36.5,122.0,4.37,7.22,
2010,Tony Moeaki,Iowa,TE,75.0,245,10.13,33.25,,4.69,18.0,34.0,113.0,4.42,7.1,11.86
2010,Joshua Moore,Kansas State,CB,70.88,188,,,,4.5,2.0,36.5,122.0,4.07,6.74,
2010,Derrick Morgan,Georgia Tech,DE,75.0,266,,,,4.77,,34.0,112.0,4.43,7.12,
2010,Roddrick Muckelroy,Texas,OLB,73.75,246,,,,4.68,19.0,31.0,110.0,4.39,7.25,
2010,Jerome Murphy,South Florida,CB,72.25,196,,,,4.5,16.0,38.0,127.0,4.05,6.87,
2010,Mike Neal,Purdue,DT,75.0,294,10.25,33.5,,4.87,31.0,33.0,113.0,4.53,7.53,
2010,Marshall Newhouse,Texas Christian,OG,75.75,319,10.25,34.0,,4.99,25.0,25.0,97.0,4.6,7.4,
2010,Eric Norwood,South Carolina,OLB,73.0,242,,,,4.71,,36.5,115.0,4.23,7.08,
2010,Jared Odrick,Penn State,DT,77.0,304,,,,5.03,26.0,29.0,106.0,4.59,7.22,
2010,Vince Oghobaase,Duke,DT,77.0,302,10.0,35.38,,5.46,27.0,26.0,,,7.84,
2010,Russell Okung,Oklahoma State,OT,77.25,307,10.5,36.0,,5.18,38.0,,,,,
2010,Eric Olsen,Notre Dame,C,75.88,306,,,,5.25,35.0,29.5,93.0,4.82,7.5,
2010,Jeff Owens,Georgia,DT,73.0,304,,,,4.97,44.0,30.0,101.0,4.68,,
2010,Akwasi Owusu-Ansah,Indiana (PA),CB,72.25,207,,,,4.32,,35.5,120.0,4.32,6.84,
2010,Alex Parsons,Southern California,OG,76.0,309,10.0,31.75,,5.12,23.0,27.0,99.0,,,
2010,Pat Paschall,North Dakota State,RB,71.63,209,9.25,32.63,25.0,4.65,15.0,38.5,118.0,4.33,7.02,11.39
2010,Colin Peek,Alabama,TE,77.0,252,9.63,34.0,,4.92,19.0,,,,,
2010,Cole Pemberton,Colorado State,OT,79.25,315,10.13,34.25,,5.37,18.0,22.5,,4.77,7.65,
2010,David Pender,Purdue,CB,72.0,180,9.0,32.0,,4.37,8.0,39.0,124.0,,,
2010,Jared Perry,Missouri,WR,72.75,178,9.0,32.0,,4.51,11.0,33.5,121.0,4.39,6.75,
2010,Corey Peters,Kentucky,DT,75.25,300,9.0,34.0,,4.98,,33.0,98.0,4.76,7.56,
2010,Mitch Petrus,Arkansas,OG,75.0,310,9.5,33.75,,5.34,45.0,,,,,
2010,Jason Pierre-Paul,South Florida,DE,76.75,270,,,,4.71,19.0,30.5,115.0,4.67,7.18,
2010,Tony Pike,Cincinnati,QB,77.75,223,10.0,,,4.9,,28.5,108.0,4.53,7.06,
2010,Dennis Pitta,Brigham Young,TE,76.5,245,10.0,32.25,,4.68,27.0,34.0,113.0,4.17,6.72,11.53
2010,Nick Polk,Indiana,FS,71.0,211,9.38,33.0,,4.55,14.0,38.0,121.0,,,
2010,Maurkice Pouncey,Florida,C,76.5,304,,,,5.25,,,95.0,4.92,7.74,
2010,Brian Price,UCLA,DT,73.13,303,,,,5.12,34.0,28.5,96.0,,,
2010,Taylor Price,Ohio,WR,72.38,204,,,,4.4,16.0,37.0,114.0,4.34,6.82,
2010,Andrew Quarless,Penn State,TE,77.0,254,10.25,34.0,,4.68,23.0,32.0,112.0,,,
2010,David Reed,Utah,WR,72.13,191,,,,4.56,15.0,37.0,114.0,4.38,6.95,
2010,Dace Richardson,Iowa,OG,77.25,320,9.75,33.5,,5.76,19.0,23.5,,5.38,8.58,
2010,Perry Riley,Louisiana State,OLB,73.0,239,,,,4.69,,35.5,119.0,4.25,6.97,
2010,Andre Roberts,Citadel (SC),WR,70.88,195,,,,4.4,15.0,36.0,120.0,4.15,6.77,
2010,Patrick Robinson,Florida State,CB,71.25,190,,,,4.46,15.0,39.0,122.0,,6.78,
2010,Zac Robinson,Oklahoma State,QB,74.5,214,9.0,31.25,,4.68,,35.0,110.0,4.4,7.24,
2010,Dennis Rogan,Tennessee,FS,68.88,185,,,,4.73,,38.0,118.0,4.1,,
2010,Myron Rolle,Florida State,SS,73.88,215,,,,4.59,21.0,36.0,124.0,4.15,6.94,
2010,Devin Ross,Arizona,CB,70.0,183,,,,4.64,16.0,40.0,119.0,,7.07,
2010,Jay Ross,East Carolina (NC),DT,75.0,313,,,,5.1,30.0,32.0,100.0,4.64,7.83,
2010,Rodger Saffold,Indiana,OT,76.63,316,,33.63,,5.21,27.0,29.5,113.0,4.67,7.42,
2010,Emmanuel Sanders,Southern Methodist (TX),WR,70.88,186,,,,4.4,12.0,39.5,126.0,4.1,6.64,
2010,Ricky Sapp,Clemson,OLB,75.88,252,9.75,34.5,,4.65,23.0,34.0,114.0,4.41,7.29,
2010,Charles Scott,Louisiana State,RB,71.38,238,9.5,33.0,26.0,4.68,,30.5,111.0,4.47,6.98,
2010,Chris Scott,Tennessee,OG,76.63,319,10.38,34.13,,5.52,19.0,22.5,,5.03,8.24,
2010,George Selvie,South Florida,DE,76.38,252,,,,4.93,24.0,30.5,109.0,4.63,7.48,
2010,Darryl Sharpton,Miami (FL),ILB,71.38,236,9.88,32.5,,4.81,24.0,,,4.42,7.19,
2010,Cameron Sheffield,Troy (AL),OLB,74.38,257,10.0,33.0,,4.92,,33.0,115.0,4.53,7.23,
2010,Malcolm Sheppard,Arkansas,DT,74.13,285,,,,5.11,19.0,28.0,100.0,4.78,7.81,
2010,Jordan Shipley,Texas,WR,71.25,193,9.63,30.5,,4.6,16.0,36.5,116.0,,,
2010,John Skelton,Fordham (NY),QB,77.38,243,9.75,32.0,24.0,4.85,,33.5,108.0,4.33,7.17,
2010,Riley Skinner,Wake Forest,QB,72.0,214,9.38,30.5,,5.05,,30.0,101.0,4.29,7.04,
2010,Shelley Smith,Colorado State,OG,74.88,300,9.25,32.5,,5.03,26.0,34.0,112.0,4.71,7.67,
2010,Jevan Snead,Mississippi,QB,75.0,219,10.0,,22.0,5.04,,33.0,106.0,4.33,7.08,
2010,Amari Spievey,Iowa,CB,70.88,195,9.63,32.0,,4.52,,35.0,116.0,,,
2010,Brandon Spikes,Florida,ILB,74.88,249,,,,5.05,,29.0,111.0,,6.97,
2010,C.J. Spiller,Clemson,RB,70.63,196,,,10.0,4.27,18.0,,,,,
2010,James Starks,Buffalo,RB,74.13,218,,,,4.5,15.0,36.0,119.0,4.23,6.89,
2010,Darian Stewart,South Carolina,SS,71.0,213,8.88,32.5,,4.53,12.0,37.0,122.0,4.32,,
2010,Darrell Stuckey,Kansas,SS,71.5,205,,,,4.46,17.0,39.5,120.0,,,
2010,Ndamukong Suh,Nebraska,DT,75.88,307,,,,5.03,32.0,35.5,105.0,4.44,7.21,
2010,Stevenson Sylvester,Utah,OLB,74.13,231,,,,4.71,23.0,,,,,
2010,Ben Tate,Auburn,RB,71.0,220,9.0,31.25,,4.34,26.0,40.5,124.0,4.12,6.91,
2010,Golden Tate,Notre Dame,WR,70.25,199,9.25,30.5,,4.42,17.0,35.0,120.0,4.34,7.12,
2010,Daniel Te'o-Nesheim,Washington,DE,75.5,263,,,,4.73,29.0,37.0,121.0,4.18,6.91,
2010,Tim Tebow,Florida,QB,75.0,236,10.13,,22.0,4.71,,38.5,115.0,4.17,6.66,
2010,Matt Tennant,Boston College,C,76.63,300,9.5,32.25,,5.15,27.0,25.0,98.0,4.62,7.6,
2010,Mike Tepper,California,OG,77.5,324,,32.5,,5.31,28.0,26.5,,5.25,7.95,
2010,Cam Thomas,North Carolina,DT,76.0,330,,,,5.16,31.0,29.0,102.0,4.78,7.68,
2010,Earl Thomas,Texas,CB,70.0,202,9.38,31.25,,4.43,21.0,,113.0,,,
2010,Kevin Thomas,Southern California,CB,72.0,192,,,,4.41,19.0,34.5,126.0,4.18,6.82,
2010,Syd'Quan Thompson,California,CB,69.25,186,,,,4.62,,33.0,117.0,4.26,6.73,
2010,Manase Tonga,Brigham Young,FB,71.0,245,9.38,31.88,,4.84,19.0,32.0,105.0,4.69,7.44,
2010,Keith Toston,Oklahoma State,RB,71.75,213,9.25,32.75,,4.66,22.0,32.0,110.0,4.67,,
2010,Adrian Tracy,William & Mary (VA),OLB,74.63,248,,,,4.76,20.0,35.5,110.0,4.34,7.08,
2010,Nate Triplett,Minnesota,OLB,75.0,250,,,,4.7,20.0,33.0,115.0,4.37,7.02,
2010,Torell Troup,Central Florida,DT,74.75,314,,,,5.12,34.0,29.0,98.0,4.73,7.61,
2010,Adam Ulatoski,Texas,OG,78.0,300,,33.25,,5.52,24.0,26.0,,4.99,7.98,
2010,Jared Veldheer,Hillsdale (MI),OT,80.13,312,,33.0,,5.06,32.0,33.5,109.0,4.51,7.4,
2010,Alterraun Verner,UCLA,CB,70.13,189,,,,4.52,11.0,32.0,116.0,4.12,6.7,
2010,Jamar Wall,Texas Tech,CB,70.25,204,,,,4.52,15.0,,,,,
2010,J.D. Walton,Baylor,C,75.0,300,9.25,33.38,,5.19,24.0,27.0,101.0,4.69,7.6,
2010,Ed Wang,Virginia Tech,OT,76.75,314,,33.75,,5.18,29.0,27.0,96.0,4.7,,
2010,T.J. Ward,Oregon,SS,70.5,211,9.25,30.75,,4.56,19.0,34.0,121.0,,,
2010,Donovan Warren,Michigan,FS,71.5,193,,,,4.62,12.0,,113.0,,,
2010,Daryl Washington,Texas Christian,OLB,73.75,230,,,,4.58,17.0,31.0,114.0,,,
2010,Lorenzo Washington,Alabama,DT,76.0,291,,,,5.21,25.0,30.0,107.0,4.68,7.4,
2010,Tony Washington,Abilene Christian (TX),OT,78.13,311,9.5,35.5,,5.25,33.0,29.5,114.0,4.84,7.52,12.83
2010,Dekoda Watson,Florida State,OLB,74.0,226,,,,4.55,24.0,40.0,134.0,4.11,7.06,
2010,Sean Weatherspoon,Missouri,OLB,73.25,239,10.25,31.25,,4.62,34.0,40.0,123.0,4.38,6.99,11.59
2010,Thomas Welch,Vanderbilt,OT,78.38,307,9.5,33.25,,5.42,29.0,29.0,105.0,4.8,7.67,
2010,Blair White,Michigan State,WR,74.25,209,9.25,31.5,,4.49,18.0,33.5,115.0,4.03,6.69,11.07
2010,Damian Williams,Southern California,WR,72.63,197,9.25,31.75,,4.52,19.0,38.0,118.0,4.24,6.79,
2010,Dan Williams,Tennessee,DT,74.0,327,10.13,33.5,,5.19,27.0,32.0,96.0,4.87,7.88,
2010,Jeremy Williams,Tulane (LA),WR,72.13,206,10.0,31.5,,4.59,14.0,36.0,117.0,,6.73,
2010,Kyle Williams,Arizona State,WR,70.0,188,,,,4.4,11.0,33.0,118.0,4.19,7.0,
2010,Mike Williams,Syracuse,WR,73.5,221,9.25,32.5,,4.53,8.0,33.5,116.0,4.31,6.9,
2010,Stephen Williams,Toledo,WR,76.5,210,9.13,33.25,,4.5,15.0,36.5,125.0,4.11,6.81,
2010,Trent Williams,Oklahoma,OT,76.63,315,,34.25,,4.81,23.0,34.5,113.0,4.63,7.64,
2010,C.J. Wilson,East Carolina (NC),DE,74.88,290,,,,4.83,32.0,33.0,116.0,4.77,,
2010,E.J. Wilson,North Carolina,DE,74.5,286,,,,4.97,23.0,29.5,,,,
2010,Kion Wilson,South Florida,ILB,73.0,239,10.13,32.5,,4.87,27.0,36.5,123.0,4.53,,
2010,Kyle Wilson,Boise State,CB,70.0,194,9.13,30.5,,4.43,25.0,,,,,
2010,Lindsey Witten,Connecticut,DE,76.5,250,,,,4.7,23.0,36.5,115.0,4.62,7.32,
2010,Justin Woodall,Alabama,SS,73.0,223,,,,4.64,13.0,34.0,118.0,4.17,6.88,
2010,Al Woods,Louisiana State,DT,75.63,309,11.0,36.0,,5.15,,37.0,109.0,4.67,7.45,
2010,Corey Wootton,Northwestern,DE,78.0,270,10.25,34.75,,4.92,20.0,,,,,
2010,Jason Worilds,Virginia Tech,OLB,73.0,254,,,,4.65,24.0,38.0,114.0,4.29,6.95,
2010,Doug Worthington,Ohio State,DT,77.0,292,,,,5.02,19.0,,,,,
2010,Major Wright,Florida,FS,73.0,206,9.75,31.0,,4.44,14.0,37.5,119.0,4.36,6.95,
2010,Sam Young,Notre Dame,OT,80.0,316,10.13,34.5,,5.2,29.0,29.5,104.0,4.87,7.73,
2010,Willie Young,North Carolina State,DE,77.0,251,,,,4.88,25.0,38.0,118.0,4.56,7.24,
2009,Kevin Akins,Boston College,OLB,74.0,218,,,,4.82,15.0,31.5,117.0,4.15,6.78,11.12
2009,Asher Allen,Georgia,CB,69.5,194,,,,4.48,22.0,35.0,115.0,4.3,6.93,
2009,Stanley Arnoux,Wake Forest,ILB,72.0,232,,,,4.56,19.0,31.5,121.0,4.39,7.22,
2009,Robert Ayers,Tennessee,DE,75.13,272,,,,4.77,18.0,29.5,102.0,4.51,7.56,
2009,Chris Baker,Hampton (VA),DT,74.0,326,,,,4.94,24.0,35.5,106.0,4.9,8.06,
2009,Ramses Barden,Cal Poly,WR,78.0,229,,,,4.55,17.0,33.5,118.0,4.26,,
2009,Kevin Barnes,Maryland,CB,72.25,187,,,41.0,4.45,,38.5,128.0,3.96,6.72,
2009,Connor Barwin,Cincinnati,OLB,75.63,256,,,,4.59,21.0,40.5,128.0,4.18,6.87,
2009,William Beatty,Connecticut,OT,78.0,307,,,,5.06,27.0,33.5,107.0,4.77,7.62,
2009,Travis Beckum,Wisconsin,TE,75.0,239,,,,4.62,28.0,,,,,
2009,Darry Beckwith,Louisiana State,ILB,73.0,234,,,,4.75,23.0,26.5,110.0,4.5,7.39,
2009,Joel Bell,Furman (SC),OT,78.75,315,,,,5.11,27.0,30.0,109.0,4.57,7.55,
2009,Kahlil Bell,UCLA,RB,70.75,212,,,,4.74,15.0,34.5,114.0,4.2,6.87,
2009,Michael Bennett,Texas A&M,DE,75.5,274,10.25,33.63,,5.0,24.0,31.0,110.0,,,
2009,Demonte Bolden,Tennessee,DT,75.25,285,,,,5.04,,31.5,109.0,4.78,7.5,
2009,Jason Boltus,Hartwick (NY),QB,74.75,225,9.13,,,4.82,26.0,31.5,111.0,4.47,7.0,
2009,Rhett Bomar,Sam Houston State (TX),QB,74.25,225,9.0,,,4.7,25.0,,106.0,4.06,6.91,
2009,Alex Boone,Ohio State,OT,79.25,328,,,,5.16,33.0,27.5,103.0,4.69,7.83,
2009,Ron Brace,Boston College,DT,75.0,330,,,,5.48,32.0,28.0,99.0,4.73,8.15,
2009,Tom Brandstater,Frenso State (CA),QB,77.0,220,9.5,,,4.87,,28.5,106.0,4.37,6.93,
2009,Marquez Branson,Central Arkansas,FB,74.13,247,,,,4.69,22.0,35.0,109.0,,,
2009,Robert Brewster,Ball State (IN),OT,76.13,325,,,,5.29,23.0,30.5,98.0,4.75,7.68,
2009,Travis Bright,Brigham Young,OG,76.25,321,,,,5.26,34.0,35.5,108.0,4.72,7.75,
2009,Jasper Brinkley,South Carolina,ILB,73.63,252,,,,4.67,26.0,35.5,114.0,4.32,7.03,
2009,Kenny Britt,Rutgers,WR,74.88,218,,,,4.49,23.0,37.0,124.0,4.47,,
2009,Eben Britton,Arizona,OT,78.0,309,,,31.0,5.14,24.0,28.5,100.0,4.91,7.87,
2009,Jared Bronson,Central Washington,TE,75.88,253,,,,4.7,,32.5,116.0,4.33,7.15,
2009,Andre Brown,North Carolina State,RB,72.13,224,,,,4.37,24.0,37.0,115.0,4.33,7.35,
2009,Cody Brown,Connecticut,OLB,74.13,244,,,,4.76,26.0,36.5,120.0,4.4,7.1,
2009,Donald Brown,Connecticut,RB,70.25,210,,,,4.46,,41.5,125.0,4.1,6.93,11.3
2009,Everette Brown,Florida State,DE,73.5,256,,,,4.65,26.0,31.5,114.0,4.53,7.55,
2009,Nathan Brown,Central Arkansas,QB,72.63,219,9.0,,,4.86,,30.5,106.0,4.44,7.43,
2009,Rob Bruggeman,Iowa,C,76.0,293,,,,5.05,30.0,,,,,
2009,David Bruton,Notre Dame,FS,74.0,219,,,,4.4,19.0,41.5,132.0,4.28,6.6,10.96
2009,Joe Burnett,Central Florida,CB,69.38,192,,,,4.58,22.0,35.5,118.0,4.25,6.68,
2009,Darius Butler,Connecticut,CB,70.38,183,,,,4.41,,43.0,134.0,4.18,6.92,
2009,Deon Butler,Penn State,WR,70.38,182,,,,4.31,12.0,34.5,118.0,4.48,7.01,11.32
2009,Victor Butler,Oregon State,OLB,74.25,248,,,,4.76,24.0,33.0,113.0,4.4,7.21,
2009,Demetrius Byrd,Louisiana State,WR,73.0,196,,,,4.35,,31.5,117.0,,,
2009,Gerald Cadogan,Penn State,OT,77.13,309,,,,4.99,26.0,25.0,95.0,4.8,8.05,
2009,Antoine Caldwell,Alabama,C,75.25,309,,,,5.24,23.0,28.0,111.0,5.04,7.96,
2009,Trevor Canfield,Cincinnati,OG,76.5,307,,,,5.3,29.0,,,,,
2009,Hunter Cantwell,Louisville,QB,76.38,235,10.25,,,5.22,,26.0,99.0,4.59,7.4,
2009,Don Carey,Norfolk State (VA),CB,71.25,192,,,,4.49,18.0,,,,,
2009,James Casey,Rice (TX),FB,75.0,246,,,,4.74,28.0,36.0,111.0,4.48,7.0,11.8
2009,Jonathan Casillas,Wisconsin,OLB,73.13,228,,,,4.5,24.0,,,,,
2009,Jeremy Childs,Boise State,WR,71.63,200,,,,4.62,,33.5,115.0,4.26,6.9,11.29
2009,Patrick Chung,Oregon,SS,71.25,212,,,,4.49,25.0,34.0,119.0,,,
2009,Chris Clemons,Clemson,FS,72.13,208,,,,4.33,19.0,37.5,127.0,4.38,7.27,
2009,Glen Coffee,Alabama,RB,72.13,209,,,,4.5,24.0,36.0,121.0,4.51,7.35,
2009,Austin Collie,Brigham Young,WR,72.88,200,,,,4.56,17.0,34.0,120.0,4.24,6.78,
2009,Emanuel Cook,South Carolina,SS,69.75,197,,,,4.57,18.0,35.0,116.0,,,
2009,Jared Cook,South Carolina,TE,77.0,246,,,,4.49,23.0,41.0,123.0,,,
2009,Jason Cook,Mississippi,FB,71.25,244,,,,4.71,21.0,,,,,
2009,Jon Cooper,Oklahoma,C,73.88,291,,,,5.09,31.0,29.5,105.0,4.6,7.46,
2009,Quan Cosby,Texas,WR,68.63,196,,,,4.5,,,,4.47,7.28,
2009,Aaron Curry,Wake Forest,OLB,73.75,254,,,,4.52,25.0,37.0,124.0,4.51,7.15,11.35
2009,Brian Cushing,Southern California,OLB,74.88,243,,,23.0,4.64,30.0,35.0,120.0,4.22,6.84,
2009,Chase Daniel,Missouri,QB,72.0,218,9.25,,,4.79,,33.0,,4.31,7.28,
2009,C.J. Davis,Pittsburgh,OG,74.0,308,,,,5.51,21.0,25.5,88.0,4.93,8.09,
2009,James Davis,Clemson,RB,71.0,218,,,,4.55,17.0,32.0,109.0,4.37,7.15,
2009,Nate Davis,Ball State (IN),QB,73.38,226,9.25,,,4.95,,26.5,99.0,,,
2009,Rulon Davis,California,DE,76.75,281,,,,5.0,20.0,30.0,111.0,,,
2009,Vontae Davis,Illinois,CB,71.13,203,,,,4.4,25.0,36.0,125.0,4.07,6.75,
2009,Will Davis,Illinois,DE,74.13,261,9.0,31.5,,4.84,27.0,33.0,115.0,4.45,7.38,
2009,Louis Delmas,Western Michigan,FS,71.38,202,,,12.0,4.52,12.0,37.0,126.0,4.17,6.67,
2009,Jarett Dillard,Rice (TX),WR,70.25,191,,,,4.52,13.0,42.5,129.0,4.41,7.1,
2009,Davon Drew,East Carolina (NC),TE,75.75,256,,,,4.78,17.0,29.5,113.0,4.56,7.28,
2009,Dominique Edison,Stephen F. Austin (TX),WR,74.13,204,,,,4.43,,37.0,120.0,4.18,,
2009,Pannel Egboh,Stanford,DE,77.75,276,,,,4.9,26.0,31.5,116.0,4.4,7.24,
2009,Kevin Ellison,Southern California,OLB,72.88,227,,,,4.8,32.0,,,,,
2009,Larry English,Northern Illinois,OLB,74.13,255,,,,4.82,24.0,36.0,107.0,4.38,7.26,
2009,Maurice Evans,Penn State,DE,73.5,274,,,,5.0,17.0,29.0,107.0,4.57,7.32,
2009,Paul Fanaika,Arizona State,OG,77.13,327,,,,5.48,15.0,,,,,
2009,Marlon Favorite,Louisiana State,DT,73.0,317,,,,5.12,26.0,,,,,
2009,Ray Feinga,Brigham Young,OG,76.13,337,,,,5.32,30.0,,,,,
2009,Anthony Felder,California,ILB,73.88,233,,,,4.69,28.0,,116.0,,,
2009,Robby Felix,Texas-El Paso,C,75.25,302,,,,5.2,33.0,29.0,97.0,4.73,7.96,
2009,Tony Fiammetta,Syracuse,FB,72.13,245,,,,4.58,30.0,34.0,112.0,4.49,7.31,
2009,Alex Fletcher,Stanford,C,74.25,297,,,,5.39,30.0,28.0,96.0,4.65,7.78,
2009,Bradley Fletcher,Iowa,CB,72.38,196,,,,4.47,20.0,38.5,122.0,4.29,7.04,
2009,Moise Fokou,Maryland,OLB,73.13,233,,,,4.65,12.0,31.0,121.0,4.28,7.09,11.41
2009,Zack Follett,California,OLB,73.88,236,,,,4.69,,37.0,117.0,,7.31,
2009,Arian Foster,Tennessee,RB,72.75,226,,,,4.68,23.0,,,,,
2009,Brooks Foster,North Carolina,WR,73.0,201,,,,4.45,27.0,,,,,
2009,Ramon Foster,Tennessee,OT,77.13,328,,,,5.57,20.0,26.0,92.0,4.98,7.96,
2009,Coye Francies,San Jose State,CB,72.38,185,,,,4.63,24.0,36.0,123.0,4.24,6.81,
2009,Josh Freeman,Kansas State,QB,77.75,248,10.0,,27.0,4.9,,33.5,119.0,4.43,7.11,
2009,Marcus Freeman,Ohio State,OLB,72.63,239,,,,4.65,30.0,37.0,113.0,4.12,6.98,
2009,Xavier Fulton,Illinois,OT,76.25,302,,,,5.01,27.0,31.0,111.0,4.56,7.35,
2009,Juan Garcia,Washington,OG,74.25,307,,,,5.42,34.0,25.0,93.0,4.87,8.0,
2009,Dan Gay,Baylor,OG,75.88,308,,,,5.5,18.0,22.5,86.0,5.42,8.67,
2009,Jarron Gilbert,San Jose State,DE,77.25,288,,,,4.81,28.0,35.5,119.0,4.56,7.7,
2009,Cody Glenn,Nebraska,OLB,72.0,244,,,,4.78,25.0,,,,,
2009,Mike Goodson,Texas A&M,RB,71.88,208,,,,4.46,14.0,39.5,118.0,4.22,6.89,
2009,Adrian Grady,Louisville,DT,73.38,298,,,,5.19,31.0,32.0,105.0,4.72,7.68,
2009,Tyronne Green,Auburn,OG,73.75,309,,,,5.4,22.0,,,,,
2009,Courtney Greene,Rutgers,SS,72.25,212,,,,4.55,21.0,34.5,116.0,4.16,7.35,
2009,Shonn Greene,Iowa,RB,70.5,227,,,,4.62,19.0,37.0,121.0,4.4,7.1,
2009,Dan Gronkowski,Maryland,TE,77.5,255,,,,4.79,26.0,33.0,122.0,4.26,6.92,11.72
2009,Michael Hamlin,Clemson,SS,74.0,214,,,,4.57,17.0,37.5,117.0,4.42,7.14,
2009,Cullen Harper,Clemson,QB,75.0,225,9.5,,,4.95,19.0,30.0,105.0,4.49,7.43,
2009,Graham Harrell,Texas Tech,QB,74.13,223,9.5,,23.0,5.07,,29.5,98.0,4.56,7.45,
2009,Cary Harris,Southern California,CB,71.38,187,,,,4.58,18.0,,,,,
2009,Nic Harris,Oklahoma,OLB,74.38,234,,,,4.86,15.0,31.5,109.0,4.37,7.05,
2009,Ra'Shon Harris,Oregon,DT,75.75,298,,,,4.99,28.0,25.5,106.0,4.87,8.18,
2009,Victor Harris,Virginia Tech,CB,71.25,198,,,,4.68,,33.5,118.0,3.98,6.68,
2009,Brian Hartline,Ohio State,WR,73.63,195,,,,4.52,,34.5,120.0,4.12,6.65,10.92
2009,Percy Harvin,Florida,WR,71.13,192,,,12.0,4.39,19.0,,,,,
2009,Brett Helms,Louisiana State,C,74.0,286,,,,5.36,25.0,,,,,
2009,Darrius Heyward-Bey,Maryland,WR,73.63,210,,,,4.25,16.0,38.5,126.0,4.18,6.8,
2009,Anthony Hill,North Carolina State,TE,77.0,262,,,,4.84,21.0,30.5,107.0,4.56,7.31,
2009,SammieLee Hill,Stillman (AL),DT,75.88,329,,,,5.12,27.0,28.0,109.0,4.97,7.89,
2009,Stephen Hodge,Texas Christian,OLB,71.63,234,,,,4.59,22.0,35.0,115.0,4.34,7.21,
2009,Chase Holbrook,New Mexico State,QB,76.13,242,10.13,,,5.12,,27.0,108.0,4.65,7.93,
2009,Lendy Holmes,Oklahoma,FS,72.0,206,,,,4.69,16.0,32.0,112.0,4.32,7.28,
2009,Evander Hood,Missouri,DT,74.88,300,,,,4.83,34.0,33.0,108.0,4.55,7.5,
2009,Brian Hoyer,Michigan State,QB,74.0,215,9.5,,,5.02,,32.0,109.0,4.42,7.1,
2009,Brandon Hughes,Oregon State,CB,70.5,182,,,,4.4,8.0,36.5,128.0,4.23,6.9,
2009,Juaquin Iglesias,Oklahoma,WR,72.88,210,,,,4.44,,34.5,116.0,4.4,,
2009,Cornelius Ingram,Florida,TE,75.88,245,,,,4.68,21.0,33.0,,4.53,7.12,
2009,Corvey Irvin,Georgia,DT,75.0,301,,,,4.96,24.0,24.5,97.0,4.73,7.44,
2009,Greg Isdaner,West Virginia,OG,75.5,325,,,,5.42,24.0,27.0,92.0,5.07,7.96,
2009,Mortty Ivy,West Virginia,ILB,73.5,248,,,,4.88,18.0,25.5,104.0,4.75,7.35,
2009,Tyson Jackson,Louisiana State,DE,76.13,296,,,,4.94,,28.5,102.0,4.8,7.64,
2009,Tim Jamison,Michigan,DE,74.5,256,,,,5.07,21.0,30.0,107.0,4.6,7.56,
2009,Ricky Jean Francois,Louisiana State,DT,75.0,295,,,,5.18,25.0,26.0,,,,
2009,Malcolm Jenkins,Ohio State,CB,72.13,204,,,,4.51,15.0,33.0,124.0,4.08,6.59,
2009,Rashad Jennings,Liberty (VA),RB,73.0,231,,,,4.59,29.0,34.0,120.0,4.2,6.86,11.46
2009,Bruce Johnson,Miami (FL),CB,69.5,170,,,,4.49,6.0,34.5,125.0,4.05,6.71,
2009,David Johnson,Arkansas State,FB,73.5,260,9.63,31.25,,4.73,21.0,32.5,113.0,4.43,7.28,
2009,Domonique Johnson,Jackson State (MS),CB,74.0,198,,,,4.5,7.0,32.0,116.0,4.3,7.0,
2009,Gartrell Johnson,Colorado State,RB,70.25,219,,,,4.75,20.0,34.0,114.0,,,
2009,Herman Johnson,Louisiana State,OG,79.0,356,,,,5.5,21.0,,,,,
2009,Ian Johnson,Boise State,RB,71.25,212,,,,4.41,26.0,33.0,116.0,4.18,6.93,11.63
2009,Jeremiah Johnson,Oregon,RB,68.88,209,,,,4.62,20.0,35.0,115.0,,,
2009,Michael Johnson,Georgia Tech,DE,78.88,266,,,,4.69,28.0,38.5,128.0,4.37,7.42,
2009,Quinn Johnson,Louisiana State,FB,72.75,246,,,,4.82,16.0,32.0,115.0,,,
2009,Rashad Johnson,Alabama,FS,71.25,203,,,,4.49,15.0,37.0,120.0,4.23,7.09,
2009,Taurus Johnson,South Florida,WR,72.25,206,,,,4.49,18.0,35.5,121.0,4.24,7.37,
2009,Aaron Kelly,Clemson,WR,76.5,204,,,,4.49,11.0,38.0,119.0,4.45,7.25,
2009,Andy Kemp,Wisconsin,OG,76.75,313,,,,5.48,23.0,25.5,91.0,4.86,7.86,
2009,Anthony Kimble,Stanford,RB,72.25,216,,,,4.6,17.0,36.0,122.0,4.4,7.08,
2009,Mitch King,Iowa,DT,73.5,280,,,,4.83,23.0,33.5,109.0,4.58,7.6,
2009,Terrance Knighton,Temple,DT,75.0,321,,,,5.21,,28.0,103.0,4.78,7.9,
2009,Johnny Knox,Abilene Christian (TX),WR,71.5,185,,,,4.29,,35.0,122.0,4.15,6.81,
2009,Troy Kropog,Tulane (LA),OT,77.38,309,,,,5.3,21.0,30.0,100.0,4.84,7.65,
2009,Paul Kruger,Utah,DE,76.25,263,,,,4.83,24.0,32.5,108.0,4.47,7.52,
2009,James Laurinaitis,Ohio State,ILB,73.88,244,,,,4.76,22.0,33.0,115.0,4.24,6.93,
2009,Quinten Lawrence,McNeese State (LA),WR,71.63,184,,,,4.4,20.0,,,,,
2009,Andy Levitre,Oregon State,OG,74.63,305,,,,5.33,23.0,30.5,103.0,4.52,,
2009,DeAndre Levy,Wisconsin,OLB,73.75,236,,,,4.56,19.0,,119.0,,,
2009,Cornelius Lewis,Tennessee State,OT,75.5,332,,,,5.22,29.0,24.5,90.0,,,
2009,Keenan Lewis,Oregon State,CB,73.0,195,,,,4.47,19.0,33.5,123.0,,,
2009,Kyle Link,McNeese State (LA),OT,77.38,305,,,,5.48,19.0,,,,,
2009,Phil Loadholt,Oklahoma,OT,79.75,332,,,,5.49,24.0,29.0,95.0,5.06,8.18,
2009,Marlon Lucky,Nebraska,RB,71.38,216,,,,4.5,18.0,33.5,114.0,,7.1,
2009,Jonathan Luigs,Arkansas,C,75.63,301,,,,5.14,26.0,31.0,99.0,4.79,7.69,
2009,Jeremy Maclin,Missouri,WR,72.13,198,,,25.0,4.45,,,,,,
2009,Alex Magee,Purdue,DT,74.63,298,,,,5.03,30.0,29.5,103.0,4.55,7.52,
2009,Kaluka Maiava,Southern California,OLB,71.5,229,,,,4.7,30.0,,110.0,4.2,6.98,
2009,Marcus Mailei,Weber State (UT),FB,71.75,248,,,,4.87,22.0,35.0,113.0,4.33,7.36,
2009,Sen'Derrick Marks,Auburn,DT,73.75,306,,,,5.0,,33.0,,,,
2009,Orion Martin,Virginia Tech,DE,74.25,262,,,,4.81,24.0,32.0,108.0,4.63,7.9,
2009,Sherrod Martin,Troy (AL),CB,73.0,198,,,,4.43,12.0,36.0,123.0,3.98,6.6,11.17
2009,Mohamed Massaquoi,Georgia,WR,73.5,210,,,,4.6,,36.5,127.0,,,
2009,Clay Matthews,Southern California,OLB,75.13,240,,,27.0,4.62,23.0,35.5,121.0,4.18,6.9,
2009,Rey Maualuga,Southern California,ILB,73.75,249,,,15.0,4.78,23.0,,107.0,,,
2009,Aaron Maybin,Penn State,DE,75.75,249,,,,4.78,22.0,38.0,124.0,4.38,7.52,
2009,Darcel McBath,Texas Tech,FS,72.25,198,,,,4.58,14.0,38.0,119.0,4.16,6.8,
2009,Marcus McClinton,Kentucky,FS,72.25,210,,,,4.51,16.0,37.0,120.0,4.22,7.45,
2009,Stephen McGee,Texas A&M,QB,74.88,225,9.0,,,4.61,,33.0,112.0,4.49,7.34,
2009,Tyrone McKenzie,South Florida,OLB,73.63,243,,,,4.76,27.0,,112.0,,,
2009,Scott McKillop,Pittsburgh,ILB,72.88,244,,,,4.7,27.0,35.5,119.0,4.39,7.0,11.66
2009,Kenny McKinley,South Carolina,WR,72.38,189,,,,4.37,,37.0,113.0,4.1,6.96,
2009,Gerald McRath,Southern Mississippi,ILB,73.88,231,,,,4.49,19.0,34.0,123.0,4.35,7.24,11.51
2009,Andrew Means,Indiana,WR,72.63,214,,,,4.46,12.0,34.5,116.0,4.21,6.85,
2009,Jamon Meredith,South Carolina,OT,76.63,304,,,,4.99,31.0,28.0,105.0,4.82,8.01,
2009,Maurice Miller,Mississippi,OG,75.13,327,,,,5.44,21.0,28.5,97.0,5.03,8.42,
2009,Roy Miller,Texas,DT,73.25,310,,,,4.95,36.0,32.0,103.0,4.74,8.01,
2009,Khalif Mitchell,East Carolina (NC),DT,77.0,318,,,,5.08,30.0,30.0,109.0,4.71,7.45,
2009,Marko Mitchell,Nevada,WR,75.63,218,,,,4.43,9.0,32.0,116.0,4.33,7.04,
2009,Fili Moala,Southern California,DT,76.0,305,,,,5.07,25.0,30.5,100.0,,,
2009,Eugene Monroe,Virginia,OT,77.25,309,,,24.0,5.18,23.0,28.5,110.0,4.78,7.86,
2009,D.J. Moore,Vanderbilt,CB,68.88,192,,,,4.56,17.0,39.5,118.0,4.28,7.01,
2009,Kyle Moore,Southern California,DE,77.0,272,,,,4.81,22.0,30.5,105.0,4.47,7.4,
2009,William Moore,Missouri,SS,72.13,221,,,,4.56,16.0,37.0,123.0,4.26,6.81,
2009,Knowshon Moreno,Georgia,RB,70.63,217,,,,4.5,25.0,35.5,115.0,4.27,6.84,
2009,Cameron Morrah,California,TE,75.38,244,,,,4.65,24.0,32.5,115.0,4.36,6.99,
2009,Ryan Mouton,Hawaii,CB,69.0,187,,,,4.51,18.0,39.5,129.0,,,
2009,Captain Munnerlyn,South Carolina,CB,68.5,182,,,,4.51,19.0,37.5,121.0,4.2,7.15,
2009,Louis Murphy,Florida,WR,74.38,203,,,,4.32,12.0,,,,,
2009,Lydon Murtha,Nebraska,OT,79.0,306,,,,4.82,25.0,35.0,110.0,4.34,7.06,
2009,Shawn Nelson,Southern Mississippi,TE,77.0,240,,,,4.52,19.0,33.0,115.0,4.46,6.96,
2009,Hakeem Nicks,North Carolina,WR,72.75,212,,,11.0,4.51,,36.0,,,,
2009,Troy Nolan,Arizona State,FS,72.5,206,,,,4.63,12.0,31.5,117.0,4.3,7.06,
2009,Chris Ogbonnaya,Texas,RB,71.75,220,,,,4.57,19.0,35.0,111.0,4.29,6.85,
2009,Kevin Ogletree,Virginia,WR,72.5,196,,,,4.36,,36.0,122.0,4.08,6.67,
2009,Michael Oher,Mississippi,OT,76.5,309,,,19.0,5.34,21.0,30.5,103.0,4.6,7.81,
2009,Seth Olsen,Iowa,OG,76.63,306,,,,5.23,23.0,24.5,90.0,4.7,7.59,
2009,Brian Orakpo,Texas,DE,75.0,263,,,,4.63,31.0,39.5,,,,
2009,Branden Ore,West Liberty (WV),RB,70.88,214,,,,4.61,21.0,36.0,112.0,4.44,7.35,
2009,Christopher Owens,San Jose State,CB,69.75,181,,,,4.44,14.0,34.5,110.0,4.16,6.93,
2009,Curtis Painter,Purdue,QB,74.88,225,9.25,,,4.87,,29.0,102.0,4.48,7.0,
2009,Ryan Palmer,Texas,CB,68.13,190,,,,4.54,16.0,36.5,121.0,4.29,7.12,
2009,Anthony Parker,Tennessee,OG,73.88,297,,,,5.08,24.0,,,,,
2009,Augustus Parrish,Kent State (OH),OT,76.0,303,,,,5.35,21.0,,78.0,,,
2009,Bear Pascoe,Frenso State (CA),TE,77.13,251,,,,4.96,,26.5,107.0,4.55,7.65,
2009,Darius Passmore,Marshall (WV),WR,72.38,188,,,,4.51,,33.5,,,,
2009,Cedric Peerman,Virginia,RB,69.5,216,,,,4.34,27.0,40.0,117.0,4.29,6.99,
2009,Derek Pegues,Mississippi State,FS,69.63,199,,,,4.63,23.0,36.0,119.0,4.3,7.08,
2009,Brandon Pettigrew,Oklahoma State,TE,77.38,263,,,,4.8,22.0,33.0,118.0,4.37,7.12,
2009,Jason Phillips,Texas Christian,ILB,72.75,239,,,,4.6,20.0,34.0,120.0,4.32,,
2009,John Phillips,Virginia,TE,77.38,251,,,,4.78,20.0,33.5,112.0,4.27,6.84,
2009,Zach Potter,Nebraska,DE,78.75,279,,,,4.9,20.0,31.0,106.0,4.48,7.75,
2009,Jerraud Powers,Auburn,CB,69.13,188,,,,4.51,15.0,36.5,122.0,4.08,7.09,
2009,Myron Pryor,Kentucky,DT,72.25,319,,,,5.03,,30.0,107.0,4.75,8.16,
2009,Glover Quin,New Mexico,FS,70.75,204,,,,4.5,22.0,38.0,119.0,4.43,7.39,
2009,Richard Quinn,North Carolina,TE,75.88,264,,,,4.88,24.0,32.5,119.0,4.62,7.5,
2009,B.J. Raji,Boston College,DT,73.5,337,,,,5.12,33.0,32.0,103.0,4.69,7.9,
2009,Mike Reilly,Central Washington,QB,75.0,214,10.0,,,4.79,,30.5,109.0,4.11,6.76,
2009,Garrett Reynolds,North Carolina,OT,79.63,309,,,,5.4,19.0,22.0,94.0,4.88,7.87,
2009,Darryl Richard,Georgia Tech,DT,74.5,303,,,,5.08,17.0,25.5,,,,
2009,Javon Ringer,Michigan State,RB,69.13,205,,,,4.55,23.0,34.0,115.0,4.11,6.87,
2009,Duke Robinson,Oklahoma,OG,77.0,329,,,,5.32,,,,,,
2009,Lee Robinson,Alcorn State (MS),OLB,74.25,249,,,,4.71,24.0,32.5,113.0,4.67,7.57,
2009,Brian Robiskie,Ohio State,WR,74.88,209,,,,4.46,,37.5,,4.19,6.72,
2009,Mark Sanchez,Southern California,QB,74.13,227,10.5,,28.0,4.93,,32.5,116.0,4.21,7.06,
2009,Jamarca Sanford,Mississippi,SS,69.88,214,,,,4.5,29.0,33.5,116.0,4.2,7.02,
2009,Lydell Sargeant,Penn State,CB,68.88,190,,,,4.49,15.0,35.0,117.0,4.21,7.0,
2009,Bernard Scott,Abilene Christian (TX),RB,70.25,200,,,,4.44,21.0,36.0,125.0,4.08,6.82,
2009,Dorell Scott,Clemson,DT,75.25,312,,,,4.92,29.0,30.5,107.0,4.84,8.28,
2009,Matt Shaughnessy,Wisconsin,DE,77.0,266,,,,4.86,24.0,30.5,112.0,4.88,7.68,
2009,Kory Sheets,Purdue,RB,71.13,208,,,,4.39,15.0,37.0,121.0,4.39,7.18,11.7
2009,A.Q. Shipley,Penn State,C,73.13,304,,,,5.19,33.0,31.0,100.0,4.4,7.46,
2009,Lawrence Sidbury,Richmond (VA),DE,74.38,266,,,,4.53,28.0,35.0,120.0,4.43,7.46,
2009,Clint Sintim,Virginia,OLB,75.0,256,,,,4.75,,34.5,119.0,4.4,7.37,
2009,Alphonso Smith,Wake Forest,CB,69.0,193,,,,4.47,13.0,34.0,125.0,4.38,7.09,
2009,DeAngelo Smith,Cincinnati,CB,70.63,194,,,,4.5,17.0,31.5,109.0,4.35,7.27,
2009,Jason Smith,Baylor,OT,77.0,309,,,23.0,5.09,33.0,24.0,96.0,4.69,7.53,
2009,Sean Smith,Utah,CB,75.5,214,,,,4.5,10.0,34.0,119.0,4.15,6.92,
2009,Brannan Southerland,Georgia,FB,72.0,242,,,,4.69,28.0,38.0,120.0,4.4,7.4,
2009,Kory Sperry,Colorado State,TE,77.0,238,,,,4.7,20.0,33.5,122.0,4.25,7.0,11.57
2009,C.J. Spillman,Marshall (WV),FS,72.0,197,,,,4.45,,41.5,122.0,4.33,7.05,11.27
2009,Matthew Stafford,Georgia,QB,74.25,225,10.0,,38.0,4.81,,30.5,107.0,4.47,7.06,
2009,Sammie Stroughter,Oregon State,WR,69.38,189,,,,4.54,13.0,30.0,110.0,4.28,7.03,
2009,Stryker Sulak,Missouri,DE,76.5,251,,,,4.63,22.0,31.0,113.0,4.58,7.31,
2009,Tyrell Sutton,Northwestern,RB,68.0,211,,,,4.68,,33.0,114.0,4.32,6.94,
2009,Curtis Taylor,Louisiana State,FS,74.0,207,,,,4.64,13.0,37.5,129.0,4.23,7.25,
2009,Terrance Taylor,Michigan,DT,72.0,306,,,,5.22,37.0,30.0,104.0,5.06,7.78,
2009,Jaimie Thomas,Maryland,OG,76.0,323,,,,5.29,20.0,,,,,
2009,Mike Thomas,Arizona,WR,67.88,195,,,,4.3,,40.5,126.0,4.28,6.65,
2009,Morgan Trent,Michigan,CB,72.63,193,,,,4.5,23.0,38.0,127.0,4.01,7.05,11.07
2009,Fenuki Tupou,Oregon,OT,77.38,314,,,,5.4,24.0,25.5,94.0,5.02,8.33,
2009,Brandon Underwood,Cincinnati,FS,73.0,198,,,,4.5,16.0,36.5,125.0,4.2,7.0,
2009,Tiquan Underwood,Rutgers,WR,73.13,184,,,,4.31,7.0,41.5,129.0,4.11,6.62,
2009,Max Unger,Oregon,C,76.63,309,,,,5.26,22.0,24.5,93.0,4.5,7.39,
2009,Kraig Urbik,Wisconsin,OG,77.13,328,,,,5.37,29.0,24.0,94.0,4.89,7.87,
2009,Jose Valdez,Arkansas,OT,76.38,315,,,,5.23,15.0,29.5,100.0,4.93,7.93,
2009,Louis Vasquez,Texas Tech,OG,76.75,333,,,,5.22,39.0,,,,,
2009,Chip Vaughn,Wake Forest,SS,73.38,221,,,,4.42,21.0,37.0,125.0,4.12,7.03,
2009,David Veikune,Hawaii,DE,74.38,257,,,,4.79,35.0,33.0,110.0,4.46,7.2,
2009,Brandon Walker,Oklahoma,OG,75.0,306,,,,5.09,26.0,34.0,109.0,5.07,,
2009,Derek Walker,Illinois,DE,75.75,268,,,,4.98,24.0,37.5,115.0,4.41,7.31,
2009,Vance Walker,Georgia Tech,DT,74.0,304,,,,5.32,29.0,33.0,,,,
2009,Mike Wallace,Mississippi,WR,72.38,199,,,,4.28,14.0,40.0,129.0,4.27,6.9,
2009,Donald Washington,Ohio State,CB,72.25,197,,,,4.5,9.0,45.0,135.0,4.2,6.84,
2009,Jason Watkins,Florida,OT,78.0,318,,,,5.51,18.0,24.5,90.0,5.03,7.89,
2009,Lardarius Webb,Nicholls State (LA),CB,69.75,179,,,,4.35,15.0,36.5,121.0,4.1,6.77,
2009,Chris Wells,Ohio State,RB,73.0,235,,,,4.52,25.0,33.5,128.0,,,
2009,Pat White,West Virginia,QB,72.25,197,9.25,,,4.55,,35.0,117.0,4.42,7.06,
2009,Brandon Williams,Texas Tech,DE,74.5,261,9.75,32.63,,4.96,38.0,33.0,112.0,4.49,7.23,
2009,Derrick Williams,Penn State,WR,71.5,194,,,,4.65,15.0,33.0,,,,
2009,Eddie Williams,Idaho,FB,73.0,239,,,,4.79,23.0,,,,,
2009,Edwin Williams,Maryland,C,74.25,308,,,,5.4,22.0,28.5,99.0,4.98,8.15,
2009,Jaison Williams,Oregon,WR,76.0,237,,,,4.63,14.0,35.5,118.0,4.56,7.37,
2009,Javarris Williams,Tennessee State,RB,70.0,223,,,,4.51,25.0,33.5,116.0,,,
2009,Worrell Williams,California,ILB,70.75,240,,,,4.83,23.0,35.0,111.0,,,
2009,Drew Willy,Buffalo,QB,75.13,215,9.75,,,4.9,,30.5,109.0,4.45,7.18,
2009,John Parker Wilson,Alabama,QB,74.0,219,9.5,,,4.75,,29.5,105.0,4.59,7.53,
2009,Eric Wood,Louisville,C,76.0,310,,,,5.19,30.0,30.5,99.0,4.51,7.56,
2009,Morris Wooten,Arizona State,ILB,73.0,231,,,,5.0,15.0,,117.0,,,
2009,Jahi Word-Daniels,Georgia Tech,CB,72.0,197,,,,4.59,24.0,35.5,122.0,,,
2009,DeAndre Wright,New Mexico,CB,71.0,198,,,,4.52,17.0,34.5,122.0,4.44,7.0,
2009,Jarius Wynn,Georgia,DE,75.0,275,,,,5.01,19.0,31.5,107.0,4.58,7.4,
2008,Husain Abdullah,Washington State,FS,71.88,204,9.25,31.75,,4.69,16.0,32.5,115.0,,7.07,
2008,Jamar Adams,Michigan,SS,74.0,212,9.38,33.75,,4.63,,34.0,121.0,4.49,6.9,
2008,Xavier Adibi,Virginia Tech,OLB,73.75,232,9.75,34.0,,4.71,,30.0,110.0,4.47,,
2008,Erik Ainge,Tennessee,QB,77.5,225,9.13,33.25,22.0,5.04,,21.5,108.0,4.6,7.51,
2008,Branden Albert,Virginia,OG,77.63,309,10.5,35.5,,5.21,23.0,26.0,111.0,4.78,7.97,
2008,Steve Allen,West Texas A&M,ILB,72.5,236,9.25,33.13,,4.91,17.0,,111.0,,,
2008,Anthony Alridge,Houston,RB,69.0,170,9.0,30.38,,4.41,,30.5,134.0,,6.88,
2008,Donnie Avery,Houston,WR,71.0,192,9.63,30.75,,4.46,16.0,,,,,
2008,Cliff Avril,Purdue,OLB,74.88,253,9.75,34.63,,4.63,27.0,32.5,117.0,4.51,6.9,
2008,Kentwan Balmer,North Carolina,DT,76.5,308,10.0,33.25,,5.31,33.0,29.0,103.0,4.82,7.65,
2008,Dominique Barber,Minnesota,FS,72.25,210,8.88,31.88,,4.7,23.0,34.0,117.0,4.34,7.08,11.68
2008,Gary Barnidge,Louisville,TE,77.63,243,9.75,32.75,,4.64,22.0,31.0,117.0,4.23,6.92,11.29
2008,Josh Barrett,Arizona State,SS,73.75,223,9.13,32.13,,4.36,17.0,31.5,121.0,4.27,7.07,11.65
2008,Demetrius Bell,Northwestern State (LA),OT,77.0,303,10.25,35.25,,5.31,9.0,26.5,109.0,4.65,7.65,
2008,Earl Bennett,Vanderbilt,WR,71.5,209,9.5,32.13,,4.52,15.0,26.0,110.0,4.22,7.15,
2008,Martellus Bennett,Texas A&M,TE,78.13,259,9.63,35.0,,4.75,18.0,34.0,118.0,4.53,7.64,
2008,Yvenson Bernard,Oregon State,RB,68.38,204,9.75,29.25,,4.87,,29.5,112.0,4.73,7.22,12.18
2008,Davone Bess,Hawaii,WR,69.88,194,9.0,30.13,,4.77,12.0,31.5,118.0,4.27,6.97,
2008,Kroy Biermann,Montana,OLB,74.88,246,9.25,32.75,,4.87,29.0,31.5,112.0,4.56,7.08,
2008,Adam Bishop,Nevada,TE,76.88,248,,,,4.98,21.0,27.0,113.0,4.28,7.14,
2008,James Blair,Western Michigan,OG,75.0,323,10.38,34.5,,5.31,28.0,23.5,103.0,5.33,8.44,
2008,Todd Blythe,Iowa State,WR,76.88,214,9.25,32.5,,4.69,,31.5,118.0,4.23,6.92,
2008,Brian Bonner,Texas Christian,SS,70.88,196,8.5,30.88,,4.69,17.0,31.0,113.0,4.43,7.21,
2008,John David Booty,Southern California,QB,74.38,218,8.5,31.5,14.0,4.93,,22.5,99.0,4.58,,
2008,Alvin Bowen,Iowa State,OLB,73.13,223,10.0,35.0,,4.9,15.0,34.0,119.0,4.3,7.21,12.3
2008,Adarius Bowman,Oklahoma State,WR,74.88,223,9.5,33.75,,4.77,14.0,,,,,
2008,Zackary Bowman,Nebraska,CB,72.13,197,10.25,33.0,,4.44,18.0,30.5,122.0,4.21,7.1,
2008,Cory Boyd,South Carolina,RB,72.5,213,9.38,31.5,,4.56,25.0,33.5,118.0,4.24,6.97,12.08
2008,Mark Bradford,Stanford,WR,72.75,211,9.75,32.63,,4.75,19.0,36.5,120.0,4.47,7.12,12.07
2008,Tyvon Branch,Connecticut,CB,71.38,204,8.38,31.0,,4.35,19.0,34.0,120.0,4.4,,
2008,Brandon Breazell,UCLA,WR,71.63,160,8.75,32.5,,4.47,,30.5,115.0,,6.97,
2008,Alex Brink,Washington State,QB,74.25,211,8.5,32.38,27.0,5.03,,28.0,112.0,4.19,7.22,
2008,Brian Brohm,Louisville,QB,74.88,230,9.75,30.0,32.0,4.85,,30.0,115.0,4.55,7.13,
2008,Duane Brown,Virginia Tech,OT,76.13,315,10.0,34.25,,5.09,24.0,27.5,105.0,4.52,7.58,
2008,Thomas Brown,Georgia,RB,68.38,204,10.0,31.0,,4.56,25.0,36.0,128.0,,7.17,
2008,Dorien Bryant,Purdue,WR,69.75,174,9.13,32.13,,4.55,,,119.0,4.24,6.88,
2008,Red Bryant,Texas A&M,DT,76.13,318,9.25,35.38,,5.06,20.0,28.0,111.0,4.64,7.75,
2008,Keenan Burton,Kentucky,WR,72.5,201,9.5,34.38,,4.48,10.0,38.5,125.0,4.2,6.77,11.36
2008,Andre Caldwell,Florida,WR,72.25,204,9.13,32.75,,4.39,,33.0,124.0,4.11,6.75,
2008,Calais Campbell,Miami (FL),DE,79.75,290,9.5,35.75,,5.11,16.0,29.5,111.0,4.69,7.45,
2008,Caleb Campbell,Army,SS,73.75,229,9.63,30.75,,4.63,24.0,,,,,
2008,John Carlson,Notre Dame,TE,77.13,251,10.13,34.25,,4.89,20.0,30.5,113.0,4.28,7.12,11.59
2008,Antoine Cason,Arizona,CB,72.25,191,9.25,32.38,,4.55,20.0,35.5,128.0,4.08,,
2008,Simeon Castille,Alabama,FS,72.38,195,8.75,31.75,,4.73,,31.5,119.0,4.36,7.07,
2008,Jehuu Caulcrick,Michigan State,FB,72.0,254,9.25,32.88,,4.71,16.0,33.0,109.0,4.72,7.4,
2008,Jamaal Charles,Texas,RB,71.0,200,8.75,32.13,,4.41,,30.5,122.0,4.22,6.8,
2008,Gosder Cherilus,Boston College,OT,78.38,314,11.75,36.25,,5.19,24.0,23.0,102.0,4.82,7.6,
2008,Tashard Choice,Georgia Tech,RB,70.5,215,9.25,30.75,,4.5,20.0,34.0,119.0,,6.88,
2008,Corey Clark,Texas A&M,OT,77.38,315,10.13,33.0,,5.35,23.0,23.0,106.0,4.68,7.47,
2008,Devin Clark,New Mexico,OT,75.63,305,9.0,33.75,,5.36,25.0,21.0,94.0,5.03,8.38,
2008,Joe Clermond,Pittsburgh,DE,73.88,249,9.75,33.13,,5.17,20.0,25.5,107.0,4.73,7.61,
2008,Anthony Collins,Kansas,OT,77.0,317,10.13,35.0,,5.59,26.0,22.5,97.0,4.87,7.71,
2008,Brad Cottam,Tennessee,TE,79.5,270,10.0,35.13,,4.75,24.0,33.0,,,,
2008,Oniel Cousins,Texas-El Paso,OT,75.75,308,9.63,35.38,,5.18,23.0,24.5,107.0,4.8,7.9,
2008,Shawn Crable,Michigan,OLB,76.88,245,10.38,34.63,,4.62,29.0,28.0,111.0,4.55,7.29,
2008,Angelo Craig,Cincinnati,OLB,76.0,252,9.5,33.38,,5.09,21.0,30.5,118.0,,,
2008,Bruce Davis,UCLA,OLB,74.63,252,10.13,34.25,,4.83,19.0,29.0,109.0,4.47,7.34,
2008,Kellen Davis,Michigan State,TE,78.5,262,,,,4.59,22.0,28.0,118.0,4.38,7.25,
2008,Thomas DeCoud,California,FS,73.38,207,9.38,32.75,,4.56,,35.5,122.0,4.27,6.85,
2008,Quintin Demps,Texas-El Paso,FS,71.88,206,9.5,31.38,,4.41,16.0,31.5,110.0,,,
2008,Johnny Dingle,West Virginia,DE,73.38,265,9.5,32.75,,4.98,23.0,,108.0,,,
2008,Marcus Dixon,Hampton (VA),DE,76.0,292,8.75,33.25,,5.27,21.0,26.0,111.0,4.67,7.58,
2008,Jordon Dizon,Colorado,OLB,71.88,229,8.5,31.25,,4.73,,30.5,118.0,4.35,7.01,
2008,Lionel Dotson,Arizona,DT,75.63,296,9.25,34.0,,5.45,,25.0,99.0,4.75,7.62,
2008,Harry Douglas,Louisville,WR,71.25,176,8.25,32.25,,4.57,,31.0,120.0,4.12,6.57,
2008,Franklin Dunbar,Middle Tennessee State,OT,76.75,327,9.63,36.75,,5.63,27.0,24.5,101.0,5.18,8.36,
2008,Jo-Lonn Dunbar,Boston College,ILB,72.5,231,9.38,31.88,,4.84,19.0,27.0,112.0,,,
2008,King Dunlap,Auburn,OT,80.5,310,10.0,35.5,,5.29,21.0,,,,,
2008,Chris Ellis,Virginia Tech,DE,76.25,263,9.5,32.75,,4.79,,27.0,109.0,4.65,7.64,
2008,Sedrick Ellis,Southern California,DT,72.5,309,9.0,33.0,,5.31,34.0,26.5,105.0,4.73,7.78,
2008,Jerome Felton,Furman (SC),FB,71.63,241,9.0,31.5,,4.8,30.0,32.5,110.0,4.46,7.2,
2008,Robert Felton,Arkansas,OG,75.63,315,10.38,35.13,,5.55,22.0,23.0,98.0,4.84,8.08,
2008,Derek Fine,Kansas,TE,74.63,251,9.5,31.75,,4.85,24.0,29.0,115.0,4.19,6.8,11.59
2008,Jermichael Finley,Texas,TE,76.5,243,9.25,34.38,,4.86,20.0,27.5,117.0,4.38,7.15,11.83
2008,Joe Flacco,Delaware,QB,78.38,236,9.63,33.13,27.0,4.86,,28.5,110.0,4.27,6.82,
2008,Brandon Flowers,Virginia Tech,CB,69.75,189,8.63,31.0,,4.59,14.0,30.0,117.0,,,
2008,Matt Flynn,Louisiana State,QB,74.25,231,9.0,31.5,38.0,4.81,,28.0,109.0,4.34,7.21,
2008,Wilrey Fontenot,Arizona,CB,68.75,171,9.0,30.63,,4.48,18.0,34.0,128.0,4.26,7.29,
2008,Matt Forte',Tulane (LA),RB,74.0,217,,,,4.44,23.0,33.0,118.0,4.23,6.84,
2008,Will Franklin,Missouri,WR,72.5,214,9.75,32.5,,4.39,,34.5,,,,
2008,Pierre Garcon,Mount Union (OH),WR,71.88,210,9.5,31.13,,4.44,20.0,36.5,125.0,4.19,6.9,
2008,Curtis Gatewood,Vanderbilt,OLB,74.0,248,9.25,33.25,,4.78,22.0,28.5,111.0,4.22,6.9,
2008,Jeremy Geathers,Nevada Las Vegas,DE,74.13,256,8.75,33.0,,5.0,29.0,28.0,105.0,4.49,7.28,
2008,Vernon Gholston,Ohio State,DE,75.0,266,10.0,34.0,,4.68,37.0,35.5,125.0,4.4,7.12,
2008,Breno Giacomini,Louisville,OT,79.13,303,10.13,33.25,,5.24,23.0,22.5,108.0,4.63,7.56,
2008,Mike Gibson,California,OG,75.5,305,9.75,33.75,,5.3,31.0,27.0,110.0,4.64,7.21,
2008,Wallace Gilberry,Alabama,DE,74.25,268,9.13,33.75,,4.99,19.0,,,,,
2008,Charles Godfrey,Iowa,CB,71.75,207,9.25,31.0,,4.48,14.0,32.5,121.0,4.4,7.28,
2008,Jonathan Goff,Vanderbilt,ILB,74.0,245,10.0,34.25,,4.73,28.0,31.5,118.0,4.26,6.86,11.5
2008,Tavares Gooden,Miami (FL),ILB,73.25,234,10.25,32.5,,4.65,22.0,35.0,118.0,,,
2008,Larry Grant,Ohio State,OLB,73.0,235,9.38,33.25,,4.79,20.0,31.5,113.0,4.22,6.77,11.73
2008,Michael Grant,Arkansas,CB,70.25,186,9.13,31.5,,4.41,14.0,30.5,116.0,4.1,7.08,
2008,John Greco,Toledo,OT,76.75,305,10.0,32.0,,5.35,30.0,26.0,108.0,4.82,8.03,
2008,BenJarvus Green-Ellis,Mississippi,RB,70.63,219,9.0,30.38,,4.66,24.0,30.5,114.0,,,
2008,Ryan Grice-Mullen,Hawaii,WR,70.0,187,9.0,30.25,,4.57,17.0,27.5,118.0,4.16,6.91,
2008,Marcus Griffin,Texas,FS,70.25,201,9.63,30.63,,4.81,13.0,31.5,119.0,4.32,7.09,
2008,Quentin Groves,Auburn,OLB,75.0,259,9.25,34.38,,4.56,30.0,29.5,120.0,4.42,7.31,
2008,Letroy Guion,Florida State,DT,75.38,303,9.75,34.88,,5.39,26.0,,,,,
2008,Gary Guyton,Georgia Tech,OLB,73.63,245,9.25,34.63,,4.57,15.0,36.5,126.0,4.42,7.07,11.57
2008,David Hale,Weber State (UT),OT,77.75,314,10.0,34.0,,5.3,25.0,26.0,100.0,4.75,7.69,
2008,D.J. Hall,Alabama,WR,73.88,193,9.25,31.13,,4.62,,29.5,122.0,,,
2008,James Hardy,Indiana,WR,77.38,217,10.25,35.5,14.0,4.53,18.0,31.5,125.0,4.2,6.84,
2008,Justin Harper,Virginia Tech,WR,75.5,213,9.25,33.38,,4.62,,28.5,120.0,4.43,7.03,
2008,Chris Harrington,Texas A&M,DE,76.38,264,9.75,33.0,,4.88,21.0,,117.0,,,
2008,Marcus Harrison,Arkansas,DT,74.75,317,9.38,34.38,,5.08,26.0,,,,,
2008,Mike Hart,Michigan,RB,68.88,206,9.13,29.5,,4.77,23.0,28.0,110.0,,,
2008,Derrick Harvey,Florida,DE,76.63,271,9.38,35.5,,4.89,31.0,28.5,113.0,4.36,7.27,
2008,Lavelle Hawkins,California,WR,71.0,187,9.5,30.13,,4.58,14.0,,117.0,,,
2008,Nick Hayden,Wisconsin,DT,75.88,291,9.38,33.25,,5.18,34.0,27.0,108.0,4.54,7.55,
2008,Geno Hayes,Florida State,OLB,72.88,226,10.0,32.13,,4.67,22.0,26.5,116.0,4.48,7.22,12.27
2008,Joey Haynos,Maryland,TE,79.63,259,10.13,34.63,,4.94,17.0,30.5,123.0,4.42,6.92,12.09
2008,Jonathan Hefney,Tennessee,FS,67.88,190,8.63,29.63,,4.55,14.0,29.0,117.0,4.44,7.1,
2008,Erin Henderson,Maryland,OLB,74.75,244,10.5,34.0,,4.8,23.0,31.0,113.0,4.5,7.16,
2008,Chad Henne,Michigan,QB,74.88,230,9.0,31.63,22.0,4.95,,25.5,106.0,4.4,7.17,
2008,Marcus Henry,Kansas,WR,75.63,207,9.0,33.75,,4.59,,31.5,126.0,4.3,7.08,
2008,Jacob Hester,Louisiana State,FB,70.63,226,10.5,31.0,,4.62,23.0,27.5,111.0,4.24,6.85,
2008,Ali Highsmith,Louisiana State,OLB,71.63,230,9.63,32.0,,5.02,,26.5,112.0,4.29,7.4,
2008,Lex Hilliard,Montana,FB,71.13,231,9.5,33.25,,4.69,,32.0,122.0,4.2,7.01,
2008,Peyton Hillis,Arkansas,FB,72.75,240,9.0,31.13,,4.67,26.0,30.5,117.0,,7.15,
2008,Louis Holmes,Arizona,DE,75.63,263,9.75,34.13,,4.88,,32.5,121.0,,7.33,
2008,Chris Horton,UCLA,SS,72.13,212,9.25,30.88,,4.6,14.0,28.5,109.0,4.35,7.34,12.07
2008,Marcus Howard,Georgia,OLB,72.5,237,9.5,32.5,,4.47,27.0,34.5,,,,
2008,Paul Hubbard,Wisconsin,WR,74.75,221,8.5,33.25,,4.59,15.0,29.5,126.0,,,
2008,Mike Humpal,Iowa,OLB,74.5,244,10.0,31.25,,4.83,20.0,31.0,119.0,4.25,7.07,11.5
2008,Kenny Iwebema,Iowa,DE,76.0,274,9.0,33.25,,5.01,26.0,29.0,109.0,4.75,7.62,
2008,Chevis Jackson,Louisiana State,CB,72.0,192,9.0,33.0,,4.65,13.0,36.0,125.0,4.15,6.96,
2008,DeSean Jackson,California,WR,69.75,169,9.38,29.75,,4.4,,,120.0,,,
2008,Dexter Jackson,Appalachian State (NC),WR,69.5,182,8.63,30.63,,4.37,,29.5,122.0,4.38,6.81,11.22
2008,Lawrence Jackson,Southern California,DE,76.25,271,9.13,34.13,,4.87,31.0,31.0,108.0,4.4,7.08,
2008,Mike Jenkins,South Florida,CB,70.25,197,9.25,32.13,,4.43,18.0,34.0,117.0,4.4,7.21,
2008,Chris Johnson,East Carolina (NC),RB,71.0,197,8.5,30.75,10.0,4.3,,35.0,130.0,,,
2008,Curtis Johnson,Clark Atlanta,OLB,74.63,242,,,,4.69,25.0,26.0,,,,
2008,Jaymar Johnson,Jackson State (MS),WR,71.13,177,9.0,30.75,,4.53,14.0,32.0,118.0,4.18,6.75,11.43
2008,Josh Johnson,San Diego,QB,74.75,213,9.0,30.38,24.0,4.53,16.0,33.5,110.0,4.42,7.56,11.51
2008,Steve Johnson,Kentucky,WR,73.88,210,9.63,32.75,,4.59,16.0,32.5,121.0,4.26,7.07,11.61
2008,Tyrell Johnson,Arkansas State,SS,71.88,207,,,,4.41,27.0,32.0,127.0,,,
2008,Felix Jones,Arkansas,RB,70.13,207,8.38,32.38,,4.5,,33.5,124.0,4.19,6.9,
2008,Jason Jones,Eastern Michigan,DE,77.25,273,9.38,36.38,,4.8,18.0,25.5,123.0,4.32,7.29,
2008,Steve Justice,Wake Forest,C,75.38,293,9.5,32.25,,5.27,23.0,21.0,98.0,4.58,7.4,
2008,Kolo Kapanui,West Texas A&M,TE,75.38,271,10.0,32.5,,5.11,23.0,26.5,107.0,4.66,7.42,
2008,Stanford Keglar,Purdue,OLB,73.63,239,10.25,32.0,,4.63,29.0,34.0,126.0,3.98,6.7,11.43
2008,Bryan Kehl,Brigham Young,OLB,74.25,242,9.5,32.75,,4.69,26.0,34.0,119.0,4.23,6.88,11.76
2008,Brandon Keith,Northern Iowa,OT,77.25,343,10.0,36.25,,5.28,31.0,26.0,,,,
2008,Dustin Keller,Purdue,TE,74.13,242,10.38,33.0,,4.57,26.0,38.0,131.0,4.14,6.88,11.74
2008,Sam Keller,Nebraska,QB,75.63,241,9.75,32.13,,5.03,,24.0,107.0,4.35,7.07,
2008,Dennis Keyes,UCLA,FS,72.63,205,10.13,30.75,,4.69,15.0,30.5,112.0,4.41,7.25,12.33
2008,Justin King,Penn State,CB,70.88,192,8.5,31.63,,4.38,14.0,34.0,127.0,4.31,7.14,
2008,Kendall Langford,Hampton (VA),DE,77.5,287,8.38,33.88,,5.01,24.0,27.0,114.0,4.69,7.72,
2008,Spencer Larsen,Arizona,ILB,73.75,238,9.75,31.88,,4.91,27.0,28.5,113.0,4.55,7.68,12.48
2008,Trevor Laws,Notre Dame,DT,72.75,304,9.75,33.38,,5.12,35.0,30.5,103.0,4.49,7.37,
2008,Patrick Lee,Auburn,CB,72.0,200,9.0,31.13,,4.45,15.0,31.0,120.0,4.3,7.07,
2008,Kory Lichtensteiger,Bowling Green (OH),C,74.25,298,9.5,32.0,,5.28,,23.0,104.0,4.56,7.6,
2008,Curtis Lofton,Oklahoma,ILB,72.0,246,9.5,31.63,,4.85,23.0,24.5,105.0,4.56,7.69,
2008,Chris Long,Virginia,DE,75.0,272,10.0,32.63,,4.83,,34.0,124.0,4.21,7.02,
2008,Jake Long,Michigan,OT,79.0,313,11.0,35.75,,5.26,37.0,27.5,102.0,4.73,7.44,
2008,Dwight Lowery,San Jose State,CB,71.13,201,9.5,30.38,,4.69,16.0,33.5,116.0,4.38,7.31,11.61
2008,Kregg Lumpkin,Georgia,RB,71.5,226,9.13,31.38,,4.73,22.0,28.0,111.0,,,
2008,Mario Manningham,Michigan,WR,71.75,181,9.0,32.13,,4.62,16.0,32.0,117.0,4.27,7.34,11.68
2008,Durell Mapp,North Carolina,OLB,72.88,227,9.5,32.63,,4.74,27.0,,,,,
2008,Bryan Mattison,Iowa,DE,74.88,290,9.25,32.5,,5.09,26.0,24.5,112.0,4.7,7.61,
2008,Jerod Mayo,Tennessee,ILB,73.25,242,9.25,32.88,,4.59,,32.0,114.0,4.29,7.31,11.89
2008,Shaheer McBride,Delaware State,WR,73.5,205,9.63,32.0,,4.68,,29.0,112.0,4.48,7.12,11.75
2008,Jameel McClain,Syracuse,ILB,72.75,249,9.25,32.13,,4.8,24.0,26.0,110.0,4.31,7.12,
2008,James McClinton,Kansas,DT,72.0,293,9.0,32.5,,5.54,23.0,21.5,97.0,4.73,7.5,
2008,Darren McFadden,Arkansas,RB,73.25,211,9.5,34.25,,4.38,,33.0,128.0,,,
2008,Mike McGlynn,Pittsburgh,OG,76.25,311,9.5,33.25,,5.41,30.0,23.0,101.0,4.72,7.58,
2008,Leodis McKelvin,Troy (AL),CB,70.25,190,8.5,30.13,,4.4,17.0,33.5,121.0,4.1,7.06,11.59
2008,Justin McKinney,Kansas State,CB,69.38,188,9.38,31.63,,4.61,11.0,29.5,109.0,,,
2008,Kalvin McRae,Ohio,RB,69.13,203,9.75,30.88,,4.76,,25.5,109.0,,,
2008,Rashard Mendenhall,Illinois,RB,70.13,225,10.88,31.38,,4.45,26.0,33.5,117.0,4.18,,
2008,Antwaun Molden,Eastern Kentucky,CB,72.75,198,10.0,32.13,,4.44,23.0,37.5,129.0,4.14,6.85,11.33
2008,Marcus Monk,Arkansas,WR,76.25,222,9.75,33.25,,4.61,9.0,34.5,119.0,4.3,7.08,11.68
2008,Dre Moore,Maryland,DT,76.0,305,10.5,33.5,,4.93,31.0,28.0,105.0,4.55,7.73,
2008,Evan Moore,Stanford,TE,78.0,233,10.25,32.75,,4.78,16.0,27.0,110.0,4.43,7.08,12.18
2008,Kenneth Moore,Wake Forest,WR,70.75,195,9.0,31.13,,4.51,,28.0,120.0,4.3,7.09,11.94
2008,Anthony Morelli,Penn State,QB,75.63,231,9.88,33.13,,5.09,16.0,26.5,108.0,4.6,7.43,
2008,DaJuan Morgan,North Carolina State,FS,72.13,205,9.0,32.75,,4.54,21.0,33.0,119.0,4.41,7.12,
2008,Bernard Morris,Marshall (WV),QB,75.0,223,9.5,34.5,,4.77,18.0,24.5,109.0,,,
2008,Shawn Murphy,Utah State,OG,75.88,320,9.63,33.0,,5.4,29.0,21.5,100.0,4.89,7.74,
2008,Jordy Nelson,Kansas State,WR,74.63,217,10.0,32.5,,4.55,,31.0,123.0,4.35,7.03,11.53
2008,Carl Nicks,Nebraska,OT,76.88,341,10.0,34.75,,5.26,31.0,25.5,109.0,4.68,7.91,
2008,Kevin O'Connell,San Diego State,QB,77.0,225,8.88,34.13,24.0,4.66,,31.0,113.0,4.38,7.01,
2008,Steve Octavien,Nebraska,OLB,71.63,238,9.5,32.5,,4.74,26.0,29.5,118.0,,,
2008,Frank Okam,Texas,DT,76.5,347,11.13,34.75,,5.36,32.0,23.0,104.0,4.95,8.07,
2008,Xavier Omon,Northwest Missouri State,RB,70.75,228,9.38,31.75,,4.62,17.0,31.0,112.0,,,
2008,Chase Ortiz,Texas Christian,DE,74.0,249,9.5,32.5,,4.91,24.0,29.5,108.0,4.23,7.03,
2008,Jeff Otah,Pittsburgh,OT,78.0,322,9.25,35.38,,5.57,27.0,22.5,102.0,,,
2008,D.J. Parker,Virginia Tech,FS,71.25,192,8.5,31.5,,4.63,19.0,29.0,111.0,4.44,6.94,
2008,Jalen Parmele,Toledo,RB,71.5,224,8.88,32.25,,4.55,19.0,34.0,125.0,4.29,6.96,
2008,Kenny Phillips,Miami (FL),FS,74.25,212,9.0,33.75,,4.52,19.0,32.5,121.0,4.27,6.97,11.59
2008,Mike Pollak,Arizona State,C,75.5,301,9.25,31.75,,5.05,29.0,25.0,110.0,4.47,7.49,
2008,Tyler Polumbus,Colorado,OT,79.5,312,9.38,32.0,,5.35,24.0,26.0,112.0,4.86,7.71,
2008,Tracy Porter,Indiana,CB,70.88,188,9.38,32.0,,4.49,18.0,34.0,123.0,4.07,7.2,11.22
2008,Carlton Powell,Virginia Tech,DT,74.0,292,9.38,32.25,,5.13,23.0,22.5,108.0,4.87,7.78,
2008,DeMario Pressley,North Carolina State,DT,75.13,301,10.5,34.25,,5.17,28.0,25.5,100.0,,,
2008,Chilo Rachal,Southern California,OG,77.0,315,10.38,34.0,,5.26,28.0,25.5,108.0,5.14,8.01,
2008,Drew Radovich,Southern California,OG,76.5,301,9.88,34.25,,5.38,21.0,23.0,108.0,4.53,7.47,
2008,Darius Reynaud,West Virginia,WR,69.25,201,8.63,31.0,,4.52,20.0,34.5,130.0,4.32,6.88,11.47
2008,Ray Rice,Rutgers,RB,68.0,199,9.25,30.25,,4.46,23.0,31.5,119.0,4.2,6.65,
2008,Jamey Richard,Buffalo,C,76.75,295,9.75,33.0,,5.27,22.0,26.5,107.0,4.69,7.58,
2008,Barry Richardson,Clemson,OT,78.63,320,10.5,35.25,,5.49,24.0,25.5,100.0,5.16,8.0,
2008,Matterral Richardson,Arkansas,CB,71.0,194,8.5,31.25,,4.76,14.0,,114.0,4.36,7.01,
2008,Chad Rinehart,Northern Iowa,OG,77.0,320,9.63,33.63,,5.51,26.0,28.5,106.0,4.56,7.84,
2008,Jason Rivers,Hawaii,WR,73.25,200,9.63,32.0,,4.62,,30.0,118.0,4.32,7.03,11.36
2008,David Roach,Texas Christian,FS,72.38,210,9.25,32.75,,4.56,16.0,38.0,123.0,4.15,6.88,11.11
2008,Kevin Robinson,Utah State,WR,71.5,202,9.38,31.38,,4.75,,27.5,115.0,4.77,7.31,11.94
2008,Will Robinson,San Diego State,OT,77.0,297,10.63,34.13,,5.27,22.0,19.5,,,,
2008,Dominique Rodgers-Cromartie,Tennessee State,CB,73.5,184,9.25,32.75,,4.36,17.0,38.5,131.0,4.17,6.74,11.06
2008,Eddie Royal,Virginia Tech,WR,69.63,184,8.63,31.0,,4.46,24.0,36.0,124.0,4.34,7.07,11.66
2008,Ahtyba Rubin,Iowa State,DT,74.75,315,10.25,34.5,,5.26,35.0,28.0,106.0,5.0,8.05,
2008,Matt Ryan,Boston College,QB,76.75,228,9.5,32.63,32.0,4.94,,,,4.51,7.4,
2008,Tom Santi,Virginia,TE,75.5,250,9.38,33.25,,4.81,14.0,36.0,121.0,4.27,7.08,11.82
2008,Dantrell Savage,Oklahoma State,RB,68.25,187,8.13,31.0,,4.6,13.0,32.5,117.0,,,
2008,Orlando Scandrick,Boise State,CB,70.0,192,9.5,32.5,,4.36,,33.5,125.0,,6.83,
2008,Owen Schmitt,West Virginia,FB,74.0,247,9.38,32.0,,4.8,26.0,,,,,
2008,Roy Schuening,Oregon State,OG,75.63,306,9.5,33.25,,5.32,26.0,25.0,,,,
2008,Geoff Schwartz,Oregon,OT,78.25,332,11.0,33.25,,5.39,,20.5,98.0,4.79,7.9,
2008,Arman Shields,Richmond (VA),WR,72.75,194,9.75,31.75,,4.4,19.0,37.5,128.0,3.96,6.67,10.87
2008,Jamie Silva,Boston College,SS,70.75,204,9.0,29.63,,4.87,,31.5,112.0,,,
2008,Chad Simpson,Morgan State (MD),RB,68.63,216,9.25,30.5,,4.43,,32.5,124.0,,,
2008,Jerome Simpson,Coastal Carolina (SC),WR,73.75,199,11.0,34.25,,4.44,,37.5,136.0,4.52,7.08,11.77
2008,Pat Sims,Auburn,DT,74.1,310,10.0,34.63,,5.11,20.0,27.0,,,,
2008,Steve Slaton,West Virginia,RB,69.13,197,8.75,32.25,,4.49,19.0,33.5,118.0,,,
2008,Bryan Smith,McNeese State (LA),OLB,74.38,231,9.75,33.25,,4.76,17.0,32.5,120.0,4.4,7.22,
2008,Dorian Smith,Oregon State,DE,73.5,264,10.38,32.38,,5.07,24.0,27.5,105.0,4.73,7.52,
2008,Kevin Smith,Central Florida,RB,73.13,217,9.75,32.25,,4.56,,32.0,120.0,4.49,6.74,
2008,Marcus Smith,New Mexico,WR,73.38,221,9.13,32.13,,4.59,20.0,26.5,111.0,4.42,7.1,12.07
2008,Paul Smith,Tulsa (OK),QB,73.25,208,9.75,31.63,,4.97,,26.5,111.0,4.29,7.02,
2008,Taj Smith,Syracuse,WR,72.38,187,8.75,31.25,,4.64,35.0,35.0,119.0,4.5,7.15,11.69
2008,Matt Spanos,Southern California,C,77.0,317,9.75,34.5,,5.53,,22.5,104.0,4.92,7.9,
2008,Craig Stevens,California,TE,75.25,254,10.13,33.13,,4.67,27.0,27.5,114.0,4.31,7.07,11.78
2008,Carl Stewart,Auburn,FB,73.0,230,8.63,34.25,,4.7,30.0,39.0,134.0,4.5,7.12,
2008,Jonathan Stewart,Oregon,RB,70.25,235,9.13,31.5,,4.48,28.0,36.5,128.0,4.53,7.44,
2008,Darrell Strong,Pittsburgh,TE,76.0,268,10.75,35.13,,4.81,17.0,25.0,110.0,4.36,6.86,11.95
2008,John Sullivan,Notre Dame,C,75.5,301,10.0,31.5,,5.4,21.0,30.0,103.0,4.55,7.62,
2008,Brandon Sumrall,Southern Mississippi,CB,69.88,195,9.63,31.5,,4.67,,30.5,123.0,4.1,6.76,11.27
2008,Limas Sweed,Texas,WR,75.88,215,9.5,32.5,,4.56,35.0,35.0,,,,
2008,Adam Tafralis,San Jose State,QB,73.13,221,9.38,32.0,,4.85,,32.0,108.0,4.33,7.14,
2008,Aqib Talib,Kansas,CB,72.75,202,9.38,33.0,,4.5,10.0,38.0,131.0,4.22,6.82,
2008,Jacob Tamme,Kentucky,TE,75.5,236,9.0,33.13,,4.61,18.0,30.0,109.0,4.27,6.99,11.51
2008,Darnell Terrell,Missouri,CB,73.75,203,9.25,32.0,,4.49,15.0,34.0,125.0,,,
2008,Devin Thomas,Michigan State,WR,73.88,216,10.13,32.88,23.0,4.43,,28.0,126.0,4.26,7.15,11.73
2008,Donald Thomas,Connecticut,OG,75.38,303,9.0,34.13,,5.08,28.0,24.5,100.0,4.78,7.45,
2008,Marcus Thomas,Texas-El Paso,RB,72.25,213,8.38,32.63,,4.62,21.0,30.0,116.0,,,
2008,Terrell Thomas,Southern California,CB,72.5,202,8.63,33.75,,4.54,14.0,30.5,123.0,,7.18,
2008,Jeremy Thompson,Wake Forest,DE,76.4,264,10.0,35.38,,4.77,25.0,32.0,117.0,4.23,6.97,
2008,Ryan Torain,Arizona State,RB,72.38,222,10.0,32.75,,4.68,21.0,34.0,120.0,,,
2008,DeJuan Tribble,Boston College,CB,68.75,189,8.5,30.25,,4.63,13.0,32.0,114.0,,,
2008,Justin Tryon,Arizona State,CB,69.13,190,8.63,31.5,,4.54,21.0,32.5,119.0,4.28,7.41,
2008,Mario Urrutia,Louisville,WR,77.38,232,10.25,34.0,,4.63,16.0,30.0,115.0,4.44,7.07,
2008,Marcus Walker,Oklahoma,CB,70.38,191,9.38,31.75,,4.57,,35.5,122.0,4.07,6.8,11.43
2008,Cody Wallace,Texas A&M,C,76.3,296,9.0,33.25,,5.32,26.0,30.5,113.0,4.55,7.45,
2008,Nehemiah Warrick,Michigan State,FS,72.9,211,9.75,32.25,,4.58,16.0,29.5,119.0,4.09,6.98,11.51
2008,Nick Watkins,Clemson,OLB,72.5,223,9.0,32.5,,4.8,17.0,25.0,108.0,4.72,7.97,
2008,Terrence Wheatley,Colorado,CB,69.63,187,9.0,30.13,,4.43,17.0,36.5,128.0,4.17,6.74,11.58
2008,Philip Wheeler,Georgia Tech,ILB,73.88,248,9.75,33.0,,4.82,24.0,31.0,118.0,4.29,7.11,
2008,Jonathan Wilhite,Auburn,CB,69.5,185,9.5,31.0,,4.45,20.0,33.5,119.0,,,
2008,Chris Williams,Vanderbilt,OT,78.0,315,10.0,33.5,,5.15,21.0,25.0,103.0,4.85,7.95,
2008,Jack Williams,Kent State (OH),CB,69.0,186,9.63,31.75,,4.56,19.0,35.5,121.0,,6.91,
2008,Thomas Williams,Southern California,ILB,72.9,238,8.38,32.0,,4.89,26.0,29.5,113.0,,,
2008,Trae Williams,South Florida,CB,69.0,193,9.13,31.0,,4.54,,29.5,110.0,,,
2008,D.J. Wolfe,Oklahoma,SS,71.13,207,9.0,30.75,,4.66,,28.0,112.0,4.32,7.02,11.7
2008,Wesley Woodyard,Kentucky,OLB,72.4,227,9.75,34.63,,4.53,,30.0,118.0,4.25,7.15,11.46
2008,Kyle Wright,Miami (FL),QB,75.4,218,9.5,33.0,,4.9,,25.5,105.0,4.32,7.34,
2008,Tom Zbikowski,Notre Dame,SS,71.3,211,9.25,30.25,,4.54,24.0,,,,,
2008,Jonathan Zenon,Louisiana State,CB,71.8,191,8.75,32.0,,4.64,,33.0,,,,
2008,Jeremy Zuttah,Rutgers,OT,75.4,303,9.5,33.5,,5.07,35.0,26.5,107.0,4.54,7.59,
2007,Jon Abbate,Wake Forest,ILB,69.75,231,8.38,30.0,,5.05,26.0,38.5,115.0,4.33,7.12,
2007,Victor Abiamiri,Notre Dame,DE,76.25,267,10.25,34.25,,4.85,25.0,,,,,
2007,Gaines Adams,Clemson,DE,76.75,258,9.5,35.75,,4.67,,35.0,119.0,4.36,7.17,
2007,CJ Ah You,Oklahoma,DE,75.75,274,9.88,34.13,,4.73,26.0,36.5,108.0,4.4,7.06,
2007,Gerald Alexander,Boise State,FS,72.38,210,9.0,32.0,,4.53,15.0,41.0,124.0,4.21,7.24,11.94
2007,Rufus Alexander,Oklahoma,OLB,72.88,228,9.0,33.75,,4.8,25.0,35.0,117.0,4.3,7.06,
2007,Jay Alford,Penn State,DT,75.38,304,10.0,33.63,,5.21,,25.5,103.0,4.83,7.81,
2007,Michael Allan,Whitworth (WA),TE,78.13,255,,,,4.71,19.0,36.0,123.0,4.52,7.31,
2007,Andy Alleman,Akron,OG,76.0,305,9.5,31.25,,5.08,27.0,30.0,106.0,4.65,7.8,
2007,Aundrae Allison,East Carolina (NC),WR,72.25,198,9.0,32.25,,4.42,,37.0,127.0,,,
2007,Cory Anderson,Tennessee,FB,74.25,247,9.25,32.0,,4.71,19.0,37.0,115.0,4.35,7.37,12.31
2007,Deon Anderson,Connecticut,FB,70.75,243,9.63,31.38,,4.75,23.0,33.0,114.0,4.43,7.27,12.41
2007,Antwan Applewhite,San Diego State,DE,74.88,250,10.0,34.5,,4.76,25.0,35.0,115.0,4.36,7.5,
2007,Anthony Arline,Baylor,CB,73.75,199,8.63,35.0,,4.45,12.0,34.5,124.0,4.46,7.02,11.79
2007,Baraka Atkins,Miami (FL),DE,76.5,271,10.25,35.25,,4.7,22.0,33.0,111.0,,,
2007,Travarous Bain,Hampton (VA),CB,72.25,182,9.0,32.5,,4.46,10.0,,,,,
2007,Dallas Baker,Florida,WR,75.13,208,10.13,36.5,,4.59,,36.0,129.0,4.19,6.69,
2007,Allen Barbre,Missouri Southern,OT,76.0,300,10.5,33.5,,4.88,28.0,32.0,105.0,4.63,7.4,
2007,Antwan Barnes,Florida International,OLB,72.63,240,8.75,32.38,,4.46,31.0,35.0,122.0,4.32,7.29,12.16
2007,Dan Bazuin,Central Michigan,DE,74.88,266,10.5,33.5,,4.81,25.0,30.0,109.0,4.75,7.09,
2007,Jon Beason,Miami (FL),OLB,72.25,237,9.5,33.5,,4.76,19.0,,111.0,,,
2007,John Beck,Brigham Young,QB,74.13,215,9.5,31.75,30.0,4.78,,29.5,111.0,4.17,6.81,
2007,Josh Beekman,Boston College,OG,73.63,313,9.5,32.5,,5.4,24.0,25.5,93.0,4.81,8.24,
2007,Fred Bennett,South Carolina,CB,72.88,196,9.25,34.5,,4.49,17.0,38.5,125.0,4.3,6.67,11.22
2007,Nathan Bennett,Clemson,OG,76.38,316,9.63,33.88,,5.69,34.0,26.5,90.0,5.04,8.15,
2007,Larry Birdine,Oklahoma,DE,75.63,261,9.88,34.25,,5.07,21.0,32.0,107.0,4.76,7.47,
2007,Desmond Bishop,California,ILB,73.88,239,9.75,32.75,,4.8,33.0,,,,,
2007,Quincy Black,New Mexico,OLB,73.63,240,10.75,33.5,,4.48,24.0,41.5,124.0,4.34,6.86,11.23
2007,Justin Blalock,Texas,OG,75.25,320,,,,5.1,40.0,28.5,101.0,4.72,7.75,
2007,Lorenzo Booker,Florida State,RB,70.38,191,9.0,31.75,,4.5,26.0,35.5,121.0,,,
2007,Kevin Boss,Western Oregon,TE,78.5,252,9.63,32.63,,4.79,,35.0,116.0,4.41,6.96,11.81
2007,Dwayne Bowe,Louisiana State,WR,74.25,221,9.63,34.25,,4.58,,33.0,125.0,4.35,6.81,
2007,Tyron Brackenridge,Washington State,CB,71.5,189,9.13,31.0,,4.72,,,,,,
2007,Stewart Bradley,Nebraska,OLB,75.75,254,10.0,34.38,,4.74,28.0,35.5,112.0,4.17,7.29,11.74
2007,Ahmad Bradshaw,Marshall (WV),RB,69.5,198,8.5,31.5,,4.61,,34.0,112.0,4.09,6.7,
2007,Alan Branch,Michigan,DT,77.75,324,9.5,33.5,,5.11,33.0,27.5,107.0,,,
2007,Steve Breaston,Michigan,WR,72.38,193,9.25,33.25,,4.48,,33.0,124.0,4.29,6.9,
2007,Larry Brown,Oklahoma State,DT,74.63,297,9.75,33.25,,5.24,22.0,27.0,108.0,4.81,7.67,
2007,Levi Brown,Penn State,OT,77.5,323,9.5,34.38,,5.42,31.0,25.5,97.0,4.89,7.87,
2007,Tarell Brown,Texas,CB,70.63,190,8.25,31.0,,4.47,17.0,33.5,111.0,4.37,7.0,
2007,Mkristo Bruce,Washington State,DE,77.75,268,9.5,32.75,,5.16,21.0,29.0,106.0,4.8,7.38,
2007,Eldra Buckley,Tennessee-Chattanooga,RB,69.5,202,9.0,30.38,,4.61,14.0,35.5,120.0,4.43,7.71,12.2
2007,Noland Burchette,Virginia Tech,DE,73.88,259,8.88,32.5,,4.73,15.0,,,,,
2007,Prescott Burgess,Michigan,OLB,75.38,240,9.5,34.5,,4.88,19.0,32.5,106.0,4.31,7.01,
2007,Adam Carriker,Nebraska,DE,78.0,296,9.5,33.5,,4.92,33.0,33.5,110.0,4.18,7.06,
2007,Scott Chandler,Iowa,TE,79.0,270,9.75,33.5,,4.83,16.0,30.0,111.0,4.32,7.26,11.88
2007,Jeremy Clark,Alabama,DT,74.5,309,9.75,33.25,,5.06,29.0,29.0,104.0,4.82,7.78,
2007,Thomas Clayton,Kansas State,RB,70.25,218,9.75,32.38,,4.66,23.0,36.5,121.0,,,
2007,David Clowney,Virginia Tech,WR,72.25,188,10.25,31.75,,4.39,,32.5,123.0,4.15,7.0,11.75
2007,Daniel Coats,Brigham Young,TE,74.63,257,9.75,34.75,,4.98,34.0,30.0,111.0,4.43,7.07,
2007,Michael Coe,Alabama State,CB,72.63,190,9.75,33.5,,4.56,17.0,35.0,122.0,4.31,6.78,11.17
2007,Joe Cohen,Florida,DT,74.5,313,9.75,33.25,,5.14,34.0,26.0,,,,
2007,Alonzo Coleman,Hampton (VA),RB,69.88,207,10.0,30.5,,4.5,27.0,,120.0,,,
2007,Duane Coleman,Clemson,CB,69.38,199,8.63,31.25,,4.59,18.0,35.5,120.0,4.51,7.18,11.56
2007,Jemalle Cornelius,Florida,WR,70.75,184,9.75,32.75,,4.59,,34.5,123.0,4.3,6.99,
2007,Jon Cornish,Kansas,RB,71.5,206,9.75,33.0,,4.65,,34.0,118.0,,7.09,
2007,Tim Crowder,Texas,DE,75.63,272,9.5,33.38,,4.72,32.0,30.5,111.0,4.32,7.28,
2007,Quinton Culberson,Mississippi State,OLB,72.63,236,8.0,32.13,,4.8,18.0,29.5,113.0,,,
2007,Craig Dahl,North Dakota State,SS,73.63,216,9.25,32.0,,4.58,17.0,35.0,122.0,4.26,6.69,11.03
2007,Jessie Daniels,Louisiana State,SS,70.88,216,9.13,31.75,,4.54,25.0,,,,,
2007,Kenneth Darby,Alabama,RB,70.38,211,9.0,30.5,,4.76,19.0,30.0,108.0,4.53,7.25,12.07
2007,Doug Datish,Ohio State,C,76.13,302,9.0,33.25,,5.15,31.0,26.0,102.0,4.65,7.51,
2007,Buster Davis,Florida State,ILB,69.38,239,9.13,30.0,,4.51,24.0,35.5,115.0,4.37,6.66,11.3
2007,Chris Davis,Florida State,WR,70.25,181,9.13,30.0,,4.51,15.0,35.5,115.0,4.14,6.66,11.3
2007,Victor DeGrate,Oklahoma State,DE,74.63,249,8.5,33.5,,4.8,19.0,,,,,
2007,Chris Denman,Frenso State (CA),OT,78.5,315,9.5,33.5,,5.65,21.0,27.5,97.0,4.92,8.1,
2007,Zak DeOssie,Brown (RI),ILB,76.63,250,10.5,35.5,,4.61,26.0,34.5,122.0,4.22,6.89,11.5
2007,Tim Duckworth,Auburn,OG,75.0,306,9.5,33.0,,5.44,20.0,25.0,94.0,4.78,8.26,
2007,Justin Durant,Hampton (VA),ILB,72.88,230,10.25,33.5,,4.55,25.0,36.0,121.0,4.09,6.77,11.44
2007,Quintin Echols,Kansas State,DT,72.88,328,9.0,33.38,,5.43,25.0,,,,,
2007,Trent Edwards,Stanford,QB,76.13,231,10.0,32.38,31.0,4.78,19.0,,,4.46,7.14,
2007,Earl Everett,Florida,OLB,74.5,238,9.25,33.25,,4.89,19.0,32.0,113.0,,,
2007,Aaron Fairooz,Central Arkansas,WR,77.75,209,10.0,35.0,,4.52,,36.0,125.0,4.27,6.89,
2007,Yamon Figurs,Kansas State,WR,71.25,174,8.63,32.5,,4.34,,,123.0,4.21,6.85,
2007,Joel Filani,Texas Tech,WR,74.13,211,9.13,34.5,,4.55,17.0,32.5,117.0,,,
2007,Jacob Ford,Central Arkansas,DE,75.63,249,10.13,33.38,,4.68,19.0,,,,,
2007,Eric Frampton,Washington State,SS,71.0,204,9.0,31.88,,4.65,10.0,34.5,122.0,4.17,6.84,11.46
2007,Doug Free,Northern Illinois,OT,78.25,324,10.63,35.63,,5.21,22.0,30.0,111.0,4.53,7.38,
2007,Dustin Fry,Clemson,C,74.63,314,9.75,33.13,,5.41,34.0,,,,,
2007,Brandon Frye,Virginia Tech,OT,76.13,301,9.5,33.0,,5.1,34.0,32.5,103.0,4.4,7.5,
2007,C.J. Gaddis,Clemson,FS,71.5,203,9.75,32.75,,4.48,20.0,36.5,121.0,4.3,7.28,11.73
2007,Josh Gattis,Wake Forest,FS,73.0,206,9.25,33.5,,4.55,22.0,34.5,121.0,4.27,6.72,11.24
2007,Luke Getsy,Akron,QB,74.5,222,9.5,31.5,20.0,4.99,,32.5,106.0,4.46,6.95,
2007,Dashon Goldson,Washington,FS,74.0,205,9.0,31.0,,4.64,12.0,34.5,115.0,4.46,7.37,12.02
2007,Anthony Gonzalez,Ohio State,WR,72.0,193,9.38,31.0,,4.46,,38.0,123.0,4.08,6.54,11.45
2007,Michael Griffin,Texas,SS,71.75,202,10.25,33.13,,4.48,16.0,36.0,120.0,4.1,6.6,11.27
2007,Ben Grubbs,Auburn,OG,74.75,311,10.25,33.5,,5.21,29.0,26.5,103.0,4.72,7.99,
2007,Matt Gutierrez,Idaho State,QB,76.25,232,9.63,33.75,28.0,5.04,,29.5,108.0,4.28,6.99,
2007,Gabe Hall,Texas Tech,OT,75.88,313,9.25,33.75,,4.92,22.0,29.0,104.0,4.68,7.59,
2007,KaMichael Hall,Georgia Tech,OLB,72.0,228,9.75,31.63,,4.78,,33.0,111.0,4.62,7.5,
2007,Leon Hall,Michigan,CB,71.25,193,9.0,33.38,,4.42,15.0,37.5,125.0,4.07,6.5,11.62
2007,Jonny Harline,Brigham Young,TE,75.75,248,10.75,33.0,,4.85,15.0,28.5,106.0,4.68,7.05,12.2
2007,Justin Harrell,Tennessee,DT,76.38,300,9.75,34.5,,5.07,24.0,30.5,108.0,4.79,7.63,
2007,Clark Harris,Rutgers,TE,77.5,261,9.75,32.13,,4.81,21.0,32.0,112.0,4.4,,
2007,David Harris,Michigan,ILB,74.25,243,9.13,32.88,,4.6,23.0,33.0,107.0,4.29,7.25,
2007,Leroy Harris,North Carolina State,C,74.5,302,10.25,33.5,,5.36,29.0,24.5,96.0,4.8,8.0,
2007,Nate Harris,Louisville,OLB,72.38,230,9.0,33.25,,4.65,26.0,32.0,107.0,4.52,7.19,11.67
2007,Ryan Harris,Notre Dame,OT,76.5,305,9.38,34.25,,5.11,22.0,25.5,100.0,4.52,7.78,
2007,Mario Henderson,Florida State,OT,78.5,302,10.5,35.25,,5.12,20.0,28.5,109.0,4.87,7.6,
2007,Chris Henry,Arizona,RB,71.25,230,10.25,31.25,,4.41,26.0,36.0,127.0,4.14,6.96,11.51
2007,Stephon Heyer,Maryland,OT,78.38,334,10.75,36.38,,5.62,30.0,,94.0,,,
2007,Justin Hickman,UCLA,OLB,73.38,254,9.25,33.25,,4.79,23.0,29.5,115.0,4.43,7.06,
2007,Jarrett Hicks,Texas Tech,WR,74.88,210,9.5,33.5,,4.7,,34.5,120.0,,,
2007,JohnnieLee Higgins,Texas-El Paso,WR,71.38,186,9.38,32.5,,4.49,,36.5,122.0,4.32,6.62,11.4
2007,Jason Hill,Washington State,WR,72.5,204,9.63,32.75,,4.35,,37.0,123.0,4.22,7.02,
2007,Corey Hilliard,Oklahoma State,OT,77.25,308,10.5,34.88,,5.34,28.0,27.0,106.0,4.65,7.45,
2007,Johnathan Holland,Louisiana Tech,WR,71.75,191,9.25,35.0,,4.47,15.0,35.5,120.0,4.4,7.12,11.32
2007,Chris Houston,Arkansas,CB,69.88,185,9.0,33.38,,4.37,27.0,36.0,122.0,4.12,6.94,
2007,Daymeion Hughes,California,CB,70.13,190,8.75,31.25,,4.68,16.0,28.5,114.0,4.43,7.28,
2007,Nate Ilaoa,Hawaii,RB,68.88,245,9.13,29.63,,4.79,25.0,30.0,103.0,4.42,7.1,11.78
2007,David Irons,Auburn,CB,70.25,190,9.38,32.38,,4.5,11.0,29.5,111.0,4.3,7.18,11.67
2007,Kenny Irons,Auburn,RB,70.63,203,9.38,32.38,,4.5,11.0,29.5,111.0,4.17,7.18,11.67
2007,Brandon Jackson,Nebraska,RB,69.88,210,10.13,31.38,,4.56,21.0,37.0,122.0,4.14,7.0,11.86
2007,Keith Jackson,Arkansas,DT,72.25,305,8.88,32.5,,5.07,33.0,30.0,,4.56,7.65,
2007,Tanard Jackson,Syracuse,FS,72.0,200,8.38,31.0,,4.53,12.0,32.5,121.0,4.28,6.89,
2007,Xzavie Jackson,Missouri,DE,74.75,278,10.25,33.0,,5.01,18.0,33.0,110.0,,,
2007,Drisan James,Boise State,WR,72.0,193,9.75,32.25,,4.58,14.0,39.0,129.0,4.39,7.09,11.83
2007,Antonio Johnson,Mississippi State,DT,75.0,310,9.13,34.38,,5.19,28.0,29.0,108.0,4.49,7.47,
2007,Calvin Johnson,Georgia Tech,WR,77.0,239,9.75,36.0,,4.38,,,,,,
2007,Charles Johnson,Georgia,DE,74.25,270,9.63,34.25,,4.85,33.0,34.0,118.0,,7.5,
2007,Chase Johnson,Wyoming,OT,80.5,330,10.0,34.25,,5.46,,27.0,91.0,4.7,8.15,
2007,Michael Johnson,Arizona,SS,74.63,205,9.5,32.0,,4.66,15.0,33.0,114.0,4.32,7.04,11.94
2007,Rory Johnson,Mississippi,OLB,72.13,232,8.25,33.13,,4.6,19.0,38.0,116.0,4.07,,
2007,Jacoby Jones,Lane College (TN),WR,74.63,210,8.13,34.25,,4.55,,34.0,129.0,4.31,7.03,
2007,James Jones,San Jose State,WR,72.75,207,10.0,33.0,,4.58,22.0,34.0,119.0,4.2,7.06,11.58
2007,Mike Jones,Iowa,OG,77.0,309,10.38,33.38,,5.46,28.0,25.5,98.0,4.88,7.8,
2007,Ryan Kalil,Southern California,C,74.75,299,10.0,31.5,,4.98,34.0,26.0,104.0,4.34,7.5,
2007,Adam Koets,Oregon State,OT,77.13,298,10.13,33.25,,5.09,20.0,32.0,106.0,4.47,7.44,
2007,Kevin Kolb,Houston,QB,75.13,218,9.88,32.25,,4.89,,32.5,112.0,4.44,6.94,
2007,Toby Korrodi,Central Missouri,QB,75.5,234,9.0,31.75,12.0,5.37,,25.0,91.0,4.64,7.77,
2007,LaRon Landry,Louisiana State,FS,72.5,213,9.13,32.0,,4.38,,37.5,123.0,,,
2007,Zach Latimer,Oklahoma,ILB,73.75,237,9.0,31.38,,4.81,19.0,34.0,109.0,4.45,7.27,
2007,Chris Leak,Florida,QB,71.88,209,9.5,31.75,,4.77,,32.5,113.0,4.41,7.03,
2007,Brian Leonard,Rutgers,RB,73.5,226,9.13,31.0,,4.54,28.0,34.5,122.0,4.22,6.88,11.59
2007,Reggie Lewis,Florida,CB,70.0,204,9.0,32.25,,4.57,14.0,34.0,119.0,,7.13,
2007,Enoka Lucas,Oregon,C,74.63,303,9.5,32.75,,5.55,34.0,27.5,104.0,4.84,8.1,
2007,Marshawn Lynch,California,RB,71.13,215,9.25,31.13,,4.48,20.0,35.5,125.0,4.55,7.05,11.8
2007,Palauni Ma Sun,Oregon,OG,77.1,319,10.25,33.75,,5.89,22.0,24.5,91.0,5.01,8.7,
2007,James Marten,Boston College,OT,79.5,309,9.25,34.75,,5.09,,30.5,100.0,4.54,7.68,
2007,Ryan McBean,Oklahoma State,DT,76.38,286,10.25,33.5,,5.05,27.0,28.0,108.0,4.46,7.79,
2007,Trumaine McBride,Mississippi,CB,69.13,185,8.5,31.25,,4.6,14.0,34.5,122.0,4.32,6.96,
2007,Turk McBride,Tennessee,DT,74.38,277,9.75,33.0,,4.85,27.0,31.0,108.0,4.12,7.1,
2007,Marcus McCauley,Frenso State (CA),CB,72.75,203,10.25,32.25,,4.4,17.0,36.0,129.0,4.17,6.61,11.5
2007,Le'Ron McClain,Alabama,FB,72.13,256,9.63,33.5,,4.9,14.0,29.5,113.0,4.47,7.14,12.11
2007,Marquay McDaniel,Hampton (VA),WR,70.5,205,9.0,31.75,,4.58,19.0,33.5,114.0,4.35,7.13,11.47
2007,Brandon McDonald,Memphis,CB,70.88,181,9.25,31.38,,4.61,17.0,33.0,118.0,4.76,7.44,
2007,Robert Meachem,Tennessee,WR,74.0,214,9.38,32.25,,4.4,,37.5,121.0,4.31,6.97,11.3
2007,Brandon Mebane,California,DT,73.13,309,10.0,32.88,,5.18,24.0,24.0,106.0,4.65,7.94,
2007,Brandon Meriweather,Miami (FL),FS,70.63,195,8.25,31.0,,4.5,11.0,35.0,111.0,4.33,7.06,
2007,Zach Miller,Arizona State,TE,76.38,256,10.38,32.0,,4.89,,34.0,115.0,4.42,7.01,11.92
2007,Martrez Milner,Georgia,TE,75.88,252,9.5,34.5,,4.83,19.0,34.0,117.0,4.49,7.35,11.89
2007,Marvin Mitchell,Tennessee,ILB,75.0,249,10.25,33.0,,4.94,22.0,32.0,108.0,4.25,7.29,
2007,Jay Moore,Nebraska,DE,76.75,274,8.88,33.0,,4.96,26.0,34.0,118.0,4.35,7.19,
2007,Ryan Moore,Miami (FL),WR,74.25,217,9.0,32.88,,4.56,,32.0,110.0,4.35,6.87,
2007,Drew Mormino,Central Michigan,C,75.25,299,9.25,33.63,,5.33,27.0,28.0,105.0,4.53,7.48,
2007,Quentin Moses,Georgia,DE,77.25,261,9.25,34.25,,4.84,17.0,32.0,115.0,4.53,7.38,
2007,Jarvis Moss,Florida,DE,78.5,250,9.38,34.63,,4.78,16.0,30.5,120.0,,,
2007,Tyrone Moss,Miami (FL),RB,69.13,231,9.5,31.13,,4.8,16.0,31.0,107.0,4.56,,
2007,Dan Mozes,West Virginia,C,74.63,293,9.75,32.75,,5.4,28.0,25.5,101.0,4.84,7.98,
2007,Legedu Naanee,Boise State,WR,74.25,225,9.5,33.0,,4.44,19.0,40.0,119.0,,,
2007,Chinedum Ndukwe,Notre Dame,FS,73.75,206,9.0,33.75,,4.5,15.0,37.5,,,,
2007,J.D. Nelson,Oregon,FS,71.38,207,10.0,31.38,,4.86,,32.5,111.0,4.53,7.29,
2007,Reggie Nelson,Florida,FS,71.38,198,8.88,33.25,,4.51,,34.5,,,,
2007,Joe Newton,Oregon State,TE,79.13,257,10.25,34.5,,4.91,20.0,31.0,109.0,4.57,7.35,12.29
2007,Syvelle Newton,South Carolina,WR,72.75,218,10.0,32.25,,4.67,20.0,,,,,
2007,Stephen Nicholas,South Florida,OLB,73.38,232,8.88,32.75,,4.64,29.0,33.5,110.0,4.45,7.29,12.09
2007,Chad Nkang,Missouri,SS,71.5,220,,,,4.52,23.0,36.5,118.0,4.34,7.1,
2007,Uche Nwaneri,Purdue,OG,75.13,325,10.0,34.13,,5.42,24.0,,,,,
2007,Amobi Okoye,Louisville,DT,74.0,302,10.0,34.75,,5.07,29.0,30.0,111.0,,7.46,
2007,Michael Okwo,Stanford,ILB,71.38,232,10.13,33.0,,4.73,20.0,35.5,121.0,4.43,7.12,12.02
2007,Sam Olajubutu,Arkansas,OLB,68.75,227,8.25,31.5,,4.79,24.0,34.5,118.0,4.34,7.33,
2007,Greg Olsen,Miami (FL),TE,77.88,254,10.5,32.5,,4.53,23.0,35.5,114.0,4.48,7.04,12.01
2007,Mike Otto,Purdue,OT,77.5,308,9.63,32.5,,5.24,20.0,26.5,105.0,4.67,7.62,
2007,Tyler Palko,Pittsburgh,QB,73.38,215,9.5,32.5,18.0,4.88,,31.5,112.0,4.36,7.05,
2007,Jordan Palmer,Texas-El Paso,QB,77.63,231,10.0,33.38,23.0,4.99,,30.5,104.0,4.58,7.32,
2007,Marcus Paschal,Iowa,FS,72.25,201,9.5,32.0,,4.67,15.0,33.0,,4.72,7.31,
2007,Ben Patrick,Delaware,TE,75.13,252,9.88,34.0,,4.74,,34.5,111.0,4.31,7.21,11.86
2007,David Patterson,Ohio State,DT,74.13,285,9.75,33.88,,5.12,21.0,32.5,118.0,4.43,7.47,
2007,Kevin Payne,Louisiana-Monroe,FS,72.25,220,9.0,31.75,,4.63,20.0,35.0,106.0,4.3,7.0,11.57
2007,Leonard Peters,Hawaii,FS,73.13,210,8.0,32.13,,4.81,21.0,32.5,110.0,,7.49,
2007,Adrian Peterson,Oklahoma,RB,73.5,217,9.25,33.75,16.0,4.41,,38.5,127.0,4.4,7.09,
2007,Blair Phillips,Oregon,ILB,73.13,243,9.5,35.25,,4.89,23.0,30.5,106.0,4.48,7.01,
2007,James Pinkney,East Carolina (NC),QB,74.5,208,10.5,33.5,,4.81,,34.0,112.0,4.49,7.35,
2007,Sabby Piscitelli,Oregon State,SS,74.75,224,8.5,32.25,,4.5,19.0,34.5,122.0,3.9,6.84,11.42
2007,Quinn Pitcock,Ohio State,DT,74.5,299,9.5,32.63,,4.95,,34.0,112.0,,,
2007,Antonio Pittman,Ohio State,RB,70.75,207,8.5,31.5,,4.42,16.0,35.5,123.0,4.16,6.84,
2007,Paul Posluszny,Penn State,OLB,73.63,238,9.5,33.75,,4.71,22.0,37.0,116.0,4.2,6.94,11.42
2007,Anthony Pudewell,Nevada,TE,76.0,250,,,,5.07,15.0,25.5,101.0,4.41,7.31,
2007,Brady Quinn,Notre Dame,QB,75.75,232,10.25,32.5,29.0,4.73,24.0,,,,,
2007,Jerard Rabb,Boise State,WR,74.38,201,10.38,34.13,,4.6,,36.5,125.0,4.19,6.99,11.56
2007,Manuel Ramirez,Texas Tech,OG,75.0,326,10.38,32.75,,5.24,40.0,,,,,
2007,Sidney Rice,South Carolina,WR,75.5,200,9.75,33.5,,4.53,,39.5,119.0,4.34,7.09,
2007,Jay Richardson,Ohio State,DE,77.63,279,9.88,34.13,,5.06,20.0,33.0,112.0,4.54,7.5,
2007,Gijon Robinson,Missouri Western,FB,72.75,255,9.5,33.38,,4.76,21.0,33.0,116.0,4.43,7.23,11.92
2007,Laurent Robinson,Illinois State,WR,74.0,199,9.0,33.75,,4.44,19.0,39.0,127.0,4.28,6.83,11.45
2007,Ryne Robinson,Miami (OH),WR,69.13,179,9.38,30.5,,4.5,,35.0,123.0,4.21,6.71,11.43
2007,Brian Robison,Texas,DE,75.13,259,9.75,33.13,,4.72,27.0,40.5,121.0,4.26,6.89,
2007,Dante Rosario,Oregon,TE,75.25,244,9.25,33.5,,4.8,20.0,36.0,115.0,4.47,6.96,12.14
2007,Aaron Ross,Texas,CB,72.5,193,9.0,32.38,,4.46,17.0,34.0,118.0,4.15,6.67,
2007,Aaron Rouse,Virginia Tech,SS,76.0,223,9.38,34.75,,4.6,16.0,35.0,,,,
2007,Jeff Rowe,Nevada,QB,77.25,226,,,21.0,4.91,,29.5,114.0,4.42,6.72,
2007,Gary Russell,Minnesota,RB,70.38,229,9.0,31.5,,4.84,9.0,31.5,113.0,4.54,,
2007,JaMarcus Russell,Louisiana State,QB,77.5,265,9.63,35.0,24.0,4.83,,,,,,
2007,Clifton Ryan,Michigan State,DT,74.75,310,8.88,33.63,,5.11,25.0,26.5,102.0,4.69,7.49,
2007,Dan Santucci,Notre Dame,OG,75.5,301,9.88,32.75,,5.16,23.0,29.0,102.0,4.74,7.47,
2007,Dallas Sartz,Southern California,OLB,76.88,235,9.0,33.5,,4.73,20.0,33.5,111.0,4.13,6.85,11.34
2007,Samson Satele,Hawaii,C,74.63,300,9.88,30.88,,5.26,25.0,33.0,101.0,4.29,7.47,
2007,Derek Schouman,Boise State,FB,74.25,247,9.88,30.38,,4.77,27.0,37.5,122.0,4.27,7.0,11.56
2007,Kenny Scott,Georgia Tech,CB,72.88,179,8.63,33.75,,4.4,10.0,40.0,127.0,,,
2007,Ken Shackleford,Georgia,OT,76.88,322,,,,5.3,28.0,24.5,102.0,5.05,8.35,
2007,Brandon Sharp,Louisville,FS,70.0,194,10.0,33.63,,4.62,18.0,37.5,,,,
2007,Tim Shaw,Penn State,OLB,73.5,236,9.25,31.38,,4.54,26.0,36.5,116.0,4.12,7.01,
2007,Brandon Siler,Florida,ILB,73.75,241,10.13,34.75,,4.64,,30.5,109.0,,7.34,
2007,Juwan Simpson,Alabama,OLB,74.38,225,10.25,33.75,,4.57,15.0,34.5,123.0,4.42,7.22,11.78
2007,Bo Smith,Weber State (UT),CB,70.25,193,8.38,32.38,,4.48,14.0,33.5,,,,
2007,Kelvin Smith,Syracuse,ILB,74.0,240,8.75,32.0,,4.82,26.0,32.0,110.0,4.42,7.19,12.25
2007,Kolby Smith,Louisville,RB,71.25,220,9.63,33.75,,4.52,18.0,38.0,114.0,4.34,7.22,12.08
2007,Ryan Smith,Florida,CB,70.25,174,8.75,32.5,,4.54,11.0,,122.0,4.09,6.88,11.18
2007,Steve Smith,Southern California,WR,71.75,197,9.38,32.25,,4.45,,38.0,120.0,4.19,6.68,
2007,Jason Snelling,Virginia,FB,71.1,230,9.0,32.38,,4.81,,30.0,111.0,4.37,7.06,
2007,Paul Soliai,Utah,DT,76.0,344,9.75,34.0,,5.12,,29.5,103.0,4.69,7.66,
2007,Anthony Spencer,Purdue,DE,74.88,261,9.88,33.5,,4.73,30.0,32.5,112.0,4.43,7.14,
2007,Joe Staley,Central Michigan,OT,77.88,306,10.5,34.25,,4.78,27.0,,,,,
2007,Drew Stanton,Michigan State,QB,75.25,226,9.63,32.0,35.0,4.77,,30.5,108.0,4.41,6.77,
2007,Cameron Stephenson,Rutgers,OG,75.25,306,9.5,32.5,,5.44,34.0,28.5,101.0,4.81,7.72,
2007,Scott Stephenson,Iowa State,C,75.3,297,10.25,33.0,,5.23,21.0,29.5,99.0,4.57,7.62,
2007,Syndric Steptoe,Arizona,WR,68.63,194,10.0,31.38,,4.61,17.0,33.0,,,,
2007,John Stocco,Wisconsin,QB,73.63,207,9.0,31.0,,5.1,,27.0,104.0,4.6,7.29,
2007,Daren Stone,Maine,SS,75.25,218,9.75,35.5,,4.6,13.0,39.0,132.0,4.44,7.13,11.54
2007,Chansi Stuckey,Clemson,WR,70.63,197,10.0,31.5,,4.58,,35.0,120.0,4.14,6.91,11.86
2007,Kasey Studdard,Texas,OG,74.5,303,9.25,31.0,,5.22,32.0,,,,,
2007,Jayson Swain,Tennessee,WR,72.38,212,8.88,32.63,,4.64,,33.0,,,,
2007,Josh Swogger,Montana,QB,76.5,237,10.13,31.25,,5.14,,28.5,107.0,4.76,7.25,
2007,Courtney Taylor,Auburn,WR,73.75,204,9.5,32.25,,4.52,,36.0,122.0,4.28,7.22,
2007,Herb Taylor,Texas Christian,OT,75.88,296,9.88,33.0,,5.22,26.0,27.0,100.0,4.64,7.78,
2007,Ramonce Taylor,Texas College,RB,70.13,195,,,,4.5,,34.0,125.0,4.23,6.98,
2007,Tony Taylor,Georgia,OLB,72.5,236,8.63,33.13,,4.95,26.0,32.0,108.0,4.36,7.17,11.95
2007,Zac Taylor,Nebraska,QB,74.38,216,9.0,32.0,,5.08,,30.5,110.0,4.6,7.39,
2007,Joe Thomas,Wisconsin,OT,78.63,311,10.13,33.75,,4.94,28.0,33.0,110.0,4.88,7.95,
2007,Marcus Thomas,Florida,DT,74.75,314,9.25,33.75,,5.18,27.0,,,,,
2007,Lawrence Timmons,Florida State,OLB,72.9,234,9.25,33.0,,4.67,25.0,35.0,123.0,4.32,6.89,11.78
2007,Matt Toeaina,Oregon,DT,74.0,307,10.5,32.5,,5.1,26.0,,,,,
2007,Matt Trannon,Michigan State,WR,78.0,216,9.0,34.75,,4.59,13.0,36.5,118.0,4.34,7.09,11.78
2007,Tank Tyler,North Carolina State,DT,74.3,306,9.63,33.75,,5.32,42.0,28.5,,,,
2007,Tony Ugoh,Arkansas,OT,77.25,301,10.5,36.0,,5.08,32.0,32.5,117.0,,,
2007,Dane Uperesa,Hawaii,OT,76.38,309,10.25,34.25,,5.28,,,,,,
2007,Chad Upshaw,Buffalo,TE,76.4,252,10.13,32.5,,4.92,16.0,33.5,108.0,4.58,7.23,11.92
2007,Elliot Vallejo,UC-Davis,OT,79.0,327,10.0,35.0,,5.42,24.0,26.0,94.0,5.14,7.95,
2007,Jonathan Wade,Tennessee,CB,70.0,195,9.13,32.0,,4.4,,40.5,126.0,4.4,7.07,11.58
2007,Darius Walker,Notre Dame,RB,70.0,206,9.63,31.75,,4.56,19.0,40.5,123.0,4.39,7.18,
2007,Mike Walker,Central Florida,WR,73.8,209,9.25,32.5,,4.4,18.0,36.5,121.0,4.39,6.92,
2007,Justin Warren,Texas A&M,ILB,74.63,245,8.75,34.38,,4.92,16.0,29.5,115.0,,,
2007,Anthony Waters,Clemson,ILB,74.63,245,9.75,33.38,,4.59,25.0,,,,,
2007,Eric Weddle,Utah,SS,71.3,203,9.63,30.63,,4.5,11.0,33.5,113.0,4.12,6.78,11.6
2007,John Wendling,Wyoming,FS,73.25,222,9.25,32.88,,4.5,22.0,38.5,129.0,4.16,6.96,11.26
2007,Marvin White,Texas Christian,FS,73.3,199,9.5,32.13,,4.56,17.0,33.5,,,,
2007,Chandler Williams,Florida International,WR,70.75,184,8.0,31.25,,4.46,,32.5,123.0,4.29,6.99,11.34
2007,Chaz Williams,Louisiana-Monroe,CB,71.13,196,9.0,31.0,,4.75,13.0,32.5,108.0,,,
2007,Paul Williams,Frenso State (CA),WR,73.25,205,10.25,36.0,,4.49,,38.5,125.0,4.24,7.03,11.56
2007,Patrick Willis,Mississippi,ILB,73.1,242,9.75,34.0,,4.53,22.0,39.0,119.0,4.46,7.23,11.9
2007,C.J. Wilson,Baylor,CB,73.3,195,9.13,33.13,,4.63,,37.5,127.0,4.2,6.81,11.3
2007,Josh Wilson,Maryland,CB,69.25,189,9.25,31.0,,4.42,20.0,36.5,120.0,4.43,7.07,11.64
2007,Julius Wilson,Alabama-Birmingham,OT,76.38,327,9.25,34.13,,5.46,,27.0,103.0,5.0,8.33,
2007,Garrett Wolfe,Northern Illinois,RB,67.5,186,9.13,30.13,,4.4,22.0,35.5,116.0,4.08,6.69,
2007,D'Juan Woods,Oklahoma State,WR,72.5,208,10.5,33.0,,4.62,,36.5,120.0,4.34,6.89,11.86
2007,Abraham Wright,Colorado,DE,74.0,242,10.0,34.88,,4.91,24.0,31.0,111.0,4.46,7.2,
2007,Dwayne Wright,Frenso State (CA),RB,71.5,228,9.5,31.25,,4.69,14.0,34.0,115.0,4.43,7.23,
2007,Eric Wright,Nevada Las Vegas,CB,70.6,192,9.5,31.88,,4.37,16.0,36.5,123.0,4.23,6.93,11.59
2007,Mansfield Wrotto,Georgia Tech,OG,75.0,317,10.0,33.5,,5.41,27.0,,92.0,4.92,8.34,
2007,DeShawn Wynn,Florida,RB,70.38,232,8.75,30.5,,4.49,,31.5,115.0,,,
2007,Jared Zabransky,Boise State,QB,74.1,219,9.0,32.38,36.0,4.59,,35.5,111.0,4.08,6.78,
2006,Darrell Adams,Villanova,DE,76.63,277,9.63,33.5,,5.08,22.0,27.0,109.0,4.76,7.91,
2006,Titus Adams,Nebraska,DT,75.38,306,9.88,33.13,,5.12,15.0,30.5,103.0,4.54,7.49,
2006,Jahmile Addae,West Virginia,FS,70.25,214,9.0,31.0,,4.74,,38.5,122.0,,,
2006,Joseph Addai,Louisiana State,RB,71.25,214,9.5,31.38,,4.43,18.0,37.0,125.0,4.47,7.09,
2006,Victor Adeyanju,Indiana,DE,76.25,274,9.25,33.25,,4.88,22.0,32.0,112.0,4.41,7.37,
2006,Jason Allen,Tennessee,FS,72.88,209,8.0,31.5,,4.41,17.0,39.5,131.0,3.81,6.75,11.17
2006,Jon Alston,Stanford,OLB,72.75,223,8.38,31.5,,4.53,30.0,40.0,132.0,4.13,6.9,11.3
2006,David Anderson,Colorado State,WR,70.5,192,9.5,29.88,,4.6,,34.0,116.0,4.2,6.88,11.67
2006,James Anderson,Virginia Tech,OLB,74.75,229,9.75,32.0,,4.62,,41.0,121.0,4.07,6.67,11.32
2006,Mark Anderson,Alabama,DE,76.25,254,9.38,32.5,,4.65,20.0,42.0,127.0,4.22,6.95,11.75
2006,SirHenry Anderson,Oregon State,DT,75.88,306,10.0,32.5,,5.22,27.0,28.5,100.0,4.55,7.69,
2006,Willie Andrews,Baylor,SS,69.38,193,9.25,29.75,,4.45,7.0,36.5,124.0,4.27,6.99,11.65
2006,Devin Aromashodu,Auburn,WR,74.5,201,9.13,32.75,,4.4,,39.0,120.0,4.16,7.04,11.38
2006,Miles Austin,Monmouth (NJ),WR,74.13,215,10.0,31.0,,4.5,21.0,40.5,123.0,4.14,7.09,11.3
2006,Brett Basanez,Northwestern,QB,73.25,220,9.0,30.63,,4.79,,34.0,114.0,4.22,6.75,
2006,Hank Baskett,New Mexico,WR,74.88,224,9.13,32.75,,4.52,,35.0,119.0,4.17,6.79,11.58
2006,Mike Bell,Arizona,RB,72.25,221,9.25,30.0,,4.62,19.0,31.5,112.0,4.21,7.16,11.48
2006,Charles Bennett,Clemson,DE,75.63,258,10.63,33.88,,4.72,19.0,33.5,115.0,4.52,7.48,12.04
2006,Matt Bernstein,Wisconsin,FB,72.38,260,9.63,31.75,,4.93,22.0,29.5,110.0,4.5,7.46,12.51
2006,Antoine Bethea,Howard (DC),FS,71.0,203,9.13,30.63,,4.42,19.0,36.5,127.0,4.11,6.99,11.66
2006,Damarius Bilbo,Georgia Tech,WR,73.88,214,9.38,31.63,,4.73,19.0,36.5,115.0,4.18,6.9,12.1
2006,Darnell Bing,Southern California,SS,74.0,227,10.0,31.63,,4.52,17.0,34.0,120.0,4.07,7.25,11.53
2006,Will Blackmon,Boston College,CB,72.25,198,9.13,31.0,,4.49,,41.0,133.0,4.23,6.67,11.42
2006,Jeremy Bloom,Colorado,WR,69.0,173,9.0,28.5,,4.52,,,,,,
2006,Greg Blue,Georgia,FS,74.25,216,9.13,33.0,,4.65,16.0,37.5,120.0,,,
2006,Kevin Boothe,Cornell (NY),OT,76.75,316,11.13,33.75,,5.44,23.0,31.5,98.0,5.07,8.36,
2006,Jovon Bouknight,Wyoming,WR,73.38,195,8.88,30.63,,4.73,,34.0,120.0,4.03,6.93,11.46
2006,McKinley Boykin,Mississippi,DT,73.0,289,9.25,32.0,,5.04,30.0,30.5,109.0,4.75,,
2006,Trent Bray,Oregon State,ILB,72.63,231,9.63,30.13,,4.91,18.0,32.0,109.0,4.41,7.15,11.69
2006,Darrell Brooks,Arizona,FS,72.38,198,9.5,31.63,,4.71,7.0,36.5,125.0,4.36,6.97,11.38
2006,Manaia Brown,Brigham Young,DT,74.88,301,9.88,33.13,,5.12,21.0,34.5,111.0,4.47,7.63,
2006,Copeland Bryan,Arizona,DE,75.63,253,9.25,33.0,,4.94,16.0,33.0,117.0,4.3,7.11,11.83
2006,Daniel Bullocks,Nebraska,SS,72.5,212,10.5,31.25,,4.4,18.0,38.0,124.0,4.16,6.91,11.22
2006,Brodrick Bunkley,Florida State,DT,74.75,306,9.88,33.13,,4.96,44.0,32.5,113.0,,,
2006,Rashad Butler,Miami (FL),OT,76.63,293,10.25,36.0,,5.32,16.0,28.0,106.0,4.55,7.9,
2006,Brian Calhoun,Wisconsin,RB,69.25,201,9.0,29.13,,4.6,18.0,31.5,124.0,4.2,7.05,
2006,Jason Carter,Texas A&M,WR,71.63,211,9.75,31.25,,4.62,,33.0,116.0,4.21,6.89,11.69
2006,Chris Chester,Oklahoma,C,75.38,303,9.13,31.75,,4.91,27.0,31.5,106.0,4.5,7.31,
2006,Jeromey Clary,Kansas State,OT,78.13,309,9.25,33.5,,5.34,24.0,26.0,102.0,4.63,7.8,
2006,Kellen Clemens,Oregon,QB,73.63,224,9.38,30.5,35.0,4.89,,,,,,
2006,Barry Cofield,Northwestern,DT,76.0,304,9.75,31.5,,5.0,35.0,34.0,105.0,4.35,7.43,
2006,Daryn Colledge,Boise State,OT,76.38,299,9.5,33.0,,5.07,21.0,32.5,110.0,4.58,7.43,
2006,Marques Colston,Hofstra (NY),WR,76.63,224,9.5,33.38,,4.54,16.0,37.0,123.0,4.43,6.94,11.27
2006,Ryan Cook,New Mexico,OT,78.63,328,9.63,33.0,,5.49,28.0,26.5,97.0,4.66,7.93,
2006,Antonio Cromartie,Florida State,CB,74.13,208,10.5,33.75,,4.5,18.0,38.0,132.0,,,
2006,Brodie Croyle,Alabama,QB,74.5,205,9.88,31.13,24.0,4.94,,30.5,104.0,4.25,7.34,
2006,Jay Cutler,Vanderbilt,QB,75.25,226,9.38,31.5,26.0,4.81,23.0,,,4.26,7.1,
2006,Owen Daniels,Wisconsin,TE,75.38,253,9.5,31.75,,4.66,23.0,34.5,114.0,4.1,6.87,11.58
2006,P.J. Daniels,Georgia Tech,RB,70.13,214,9.0,30.5,,4.66,21.0,33.0,116.0,4.4,7.13,11.76
2006,Charles Davis,Purdue,TE,77.5,263,10.0,32.63,,4.94,27.0,31.5,108.0,4.37,7.53,11.98
2006,Vernon Davis,Maryland,TE,75.25,254,8.75,32.13,,4.39,33.0,42.0,128.0,4.17,7.0,
2006,Tim Day,Oregon,TE,75.25,256,9.88,33.88,,4.76,24.0,35.0,109.0,4.2,7.03,11.43
2006,Mike Degory,Florida,C,77.5,305,9.63,34.0,,5.45,24.0,26.0,98.0,4.67,8.03,
2006,Marcus Demps,San Diego State,FS,71.75,198,9.0,31.5,,4.79,17.0,31.0,117.0,4.09,6.91,11.1
2006,Chris Denney,Nebraska-Omaha,WR,75.0,224,10.0,30.25,,4.66,13.0,33.0,110.0,4.33,7.02,12.21
2006,Tim Dobbins,Iowa State,ILB,73.13,246,9.38,31.13,,4.61,23.0,35.5,110.0,4.39,7.25,11.97
2006,Reed Doughty,Northern Colorado,FS,72.5,209,10.0,31.38,,4.68,15.0,37.0,121.0,4.17,6.66,11.28
2006,Kader Drame,Syracuse,DT,77.0,290,9.88,36.13,,5.29,17.0,30.5,108.0,,8.12,
2006,Maurice Drew,UCLA,RB,66.8,207,8.25,28.13,,4.44,18.0,36.0,116.0,4.38,7.08,11.39
2006,Elvis Dumervil,Louisville,DE,71.38,257,9.13,32.63,,4.78,30.0,,,,,
2006,Dusty Dvoracek,Oklahoma,DT,74.75,306,9.5,32.25,,5.07,31.0,34.0,110.0,4.35,7.62,
2006,Ray Edwards,Purdue,DE,76.75,273,10.38,33.25,,4.82,30.0,39.0,114.0,4.57,7.71,12.09
2006,Keith Ellison,Oregon State,OLB,73.5,235,9.5,30.38,,4.83,24.0,32.5,115.0,4.16,7.22,11.84
2006,Greg Eslinger,Minnesota,C,75.13,292,9.38,31.5,,5.18,28.0,30.0,101.0,4.68,7.59,
2006,Bruce Eugene,Grambling State (LA),QB,72.25,260,9.38,31.75,,5.13,,27.5,94.0,4.76,7.97,
2006,Jhari Evans,Bloomsburg,OT,76.5,316,,,,5.25,20.0,27.0,95.0,4.8,7.98,
2006,Anthony Fasano,Notre Dame,TE,76.13,259,9.5,32.63,,4.86,19.0,33.5,112.0,4.34,6.94,11.76
2006,Daniel Fells,UC-Davis,TE,75.38,259,10.25,31.63,,4.94,19.0,29.5,108.0,4.46,7.27,11.92
2006,Omar Gaither,Tennessee,OLB,73.0,234,9.5,31.38,,4.8,23.0,37.0,116.0,4.28,7.31,12.19
2006,Quinton Ganther,Utah,RB,69.5,218,8.63,28.38,,4.56,29.0,35.0,119.0,,7.19,
2006,Chris Gocong,Cal Poly,DE,74.13,263,,,,4.7,28.0,38.5,123.0,4.08,7.06,
2006,Kedric Golston,Georgia,DT,76.0,300,10.13,32.38,,4.94,31.0,33.0,111.0,4.45,7.6,
2006,Charles Gordon,Kansas,CB,70.13,183,8.38,29.25,,4.64,12.0,35.5,115.0,4.2,6.95,11.42
2006,Bruce Gradkowski,Toledo,QB,73.38,217,9.0,30.25,,4.63,,34.0,107.0,4.16,7.12,
2006,Marcus Green,Ohio State,DT,73.25,295,9.5,32.13,,5.19,33.0,31.0,108.0,4.86,7.62,
2006,Skyler Green,Louisiana State,WR,69.13,192,8.38,29.5,,4.52,,34.0,118.0,,,
2006,Chad Greenway,Iowa,OLB,74.5,242,9.13,31.25,,4.8,16.0,33.5,117.0,4.22,7.0,11.4
2006,Cedric Griffin,Texas,FS,72.13,199,9.38,32.63,,4.54,17.0,35.5,125.0,4.1,6.84,11.3
2006,Darrell Hackney,Alabama-Birmingham,QB,71.63,239,9.25,31.75,40.0,4.86,,33.0,110.0,4.69,7.62,
2006,Derek Hagan,Arizona State,WR,73.75,208,8.88,31.5,,4.45,,36.0,124.0,4.07,,11.33
2006,Marques Hagans,Virginia,RB,69.38,202,9.25,30.0,,4.64,,35.0,114.0,4.38,7.03,
2006,Andre Hall,South Florida,RB,68.5,208,9.88,29.5,,4.45,18.0,33.0,113.0,,7.38,
2006,Chris Hannon,Tennessee,WR,75.25,205,9.75,34.25,,4.5,,34.5,122.0,,,
2006,Parys Haralson,Tennessee,DE,73.25,253,10.0,33.25,,4.84,24.0,32.0,115.0,4.26,7.37,12.06
2006,Chris Harrell,Penn State,SS,72.38,209,9.25,31.0,,4.74,15.0,40.5,119.0,4.12,7.02,11.64
2006,Gilbert Harris,Arizona,FB,73.63,235,9.5,31.0,,4.8,20.0,36.0,117.0,4.38,7.0,11.72
2006,Jerome Harrison,Washington State,RB,69.25,201,9.25,30.0,,4.49,19.0,34.5,124.0,4.07,6.77,
2006,Mike Hass,Oregon State,WR,72.63,208,9.5,30.63,,4.64,,32.0,116.0,4.14,6.97,11.55
2006,Jason Hatcher,Grambling State (LA),DE,77.88,284,10.38,32.75,,4.91,28.0,35.5,113.0,4.49,7.67,
2006,Spencer Havner,UCLA,ILB,75.38,242,10.38,32.25,,4.71,,39.0,116.0,4.07,6.81,11.27
2006,A.J. Hawk,Ohio State,OLB,73.0,248,9.75,31.13,,4.64,24.0,40.0,115.0,3.96,6.82,11.06
2006,Chris Hawkins,Marshall (WV),CB,70.13,183,9.63,30.5,,4.53,16.0,37.0,116.0,4.18,,
2006,Taurean Henderson,Texas Tech,RB,69.5,204,9.25,31.5,,4.68,,32.5,112.0,4.4,7.01,11.94
2006,Matt Henshaw,Florida State,TE,76.38,248,9.63,30.88,,4.76,16.0,29.0,111.0,4.44,7.44,12.19
2006,Jarvis Herring,Florida,SS,71.13,207,9.88,30.75,,4.92,15.0,36.5,116.0,4.23,7.34,
2006,Devin Hester,Miami (FL),WR,70.63,190,9.0,31.13,,4.46,16.0,38.0,124.0,,,
2006,Tye Hill,Clemson,CB,69.63,185,8.38,31.25,,4.34,,41.0,129.0,4.01,6.63,11.17
2006,Ed Hinkel,Iowa,WR,72.25,190,7.88,30.0,,4.55,,34.0,116.0,4.1,6.97,11.1
2006,Abdul Hodge,Iowa,ILB,72.38,236,8.88,32.5,,4.82,,31.0,108.0,4.3,7.09,11.69
2006,Reuben Houston,Georgia Tech,CB,71.88,192,9.88,30.75,,4.68,21.0,41.5,127.0,4.42,,
2006,Thomas Howard,Texas-El Paso,OLB,75.25,239,10.25,32.5,,4.46,21.0,39.0,124.0,4.28,6.96,11.22
2006,Oliver Hoyte,North Carolina State,ILB,74.63,245,9.25,31.75,,4.98,19.0,32.0,112.0,4.3,7.47,11.97
2006,Michael Huff,Texas,SS,72.0,204,8.75,31.38,,4.37,21.0,40.5,125.0,,,
2006,Cedric Humes,Virginia Tech,RB,72.88,227,9.88,31.75,,4.68,18.0,30.5,106.0,4.22,7.07,
2006,Darrell Hunter,Miami (OH),CB,71.88,206,8.63,31.13,,4.47,8.0,36.0,123.0,4.11,,
2006,Clint Ingram,Oklahoma,OLB,73.75,244,9.88,32.0,,4.65,22.0,41.0,,4.1,7.12,
2006,Chad Jackson,Florida,WR,72.88,213,9.25,32.75,15.0,4.35,,38.5,122.0,3.97,6.73,11.19
2006,D'Qwell Jackson,Maryland,ILB,72.5,230,9.13,30.75,,4.77,19.0,37.0,116.0,4.36,7.05,11.89
2006,Tarvaris Jackson,Alabama State,QB,74.0,226,9.38,31.75,19.0,4.7,22.0,31.5,107.0,4.38,7.4,
2006,Tommy Jackson,Auburn,DT,72.38,304,10.5,32.13,,5.24,26.0,31.0,104.0,4.6,7.72,
2006,Omar Jacobs,Bowling Green (OH),QB,75.88,232,10.5,33.75,38.0,4.86,,32.5,108.0,4.29,7.47,
2006,Max Jean-Gilles,Georgia,OG,75.75,355,9.5,34.5,,5.54,27.0,24.5,95.0,5.08,8.56,
2006,Julian Jenkins,Stanford,DE,75.63,277,9.5,32.25,,5.09,25.0,34.5,110.0,4.23,7.11,
2006,Adam Jennings,Frenso State (CA),WR,69.13,181,8.63,28.38,,4.46,,37.5,118.0,4.12,6.88,11.37
2006,Greg Jennings,Western Michigan,WR,71.13,197,9.13,31.0,,4.47,,36.5,117.0,4.16,6.68,11.15
2006,Kelly Jennings,Miami (FL),CB,70.88,178,8.75,31.0,,4.44,,40.0,120.0,4.0,,
2006,Tim Jennings,Georgia,CB,67.75,185,9.13,29.75,,4.38,17.0,37.5,117.0,,,
2006,Brandon Johnson,Louisville,OLB,76.88,228,10.0,32.75,,4.52,11.0,37.0,118.0,4.34,7.17,11.81
2006,Johnny Jolly,Texas A&M,DT,75.25,317,10.38,33.0,,5.46,,,104.0,,,
2006,Davin Joseph,Oklahoma,OG,74.63,311,11.25,35.13,,5.13,24.0,32.0,111.0,4.97,,
2006,Johnathan Joseph,South Carolina,CB,71.0,193,9.63,31.0,,4.37,15.0,37.0,123.0,4.23,6.92,11.23
2006,Freddy Keiaho,San Diego State,ILB,71.25,224,9.38,31.0,,4.65,15.0,36.0,113.0,4.12,7.01,11.62
2006,Charlton Keith,Kansas,OLB,76.38,237,9.25,32.5,,4.83,12.0,30.5,109.0,4.36,7.03,11.98
2006,William Kershaw,Maryland,OLB,74.75,240,10.25,33.0,,4.67,21.0,37.0,111.0,4.17,6.95,11.94
2006,Jeff King,Virginia Tech,TE,77.13,245,9.5,32.63,,4.88,21.0,32.5,109.0,4.09,6.99,11.54
2006,David Kirtman,Southern California,FB,71.5,233,9.63,31.25,,4.77,,29.5,106.0,4.31,7.18,12.21
2006,Mathias Kiwanuka,Boston College,DE,77.75,266,9.88,34.75,,4.74,17.0,32.0,120.0,4.13,7.27,11.65
2006,Joe Klopfenstein,Colorado,TE,77.75,255,10.13,33.0,,4.65,27.0,36.0,112.0,4.21,7.39,12.07
2006,Mike Kudla,Ohio State,DE,73.63,265,9.88,30.5,,4.77,45.0,37.0,114.0,4.45,7.21,11.58
2006,Chris Kuper,North Dakota,OG,76.38,301,9.25,32.75,,5.12,24.0,30.0,109.0,4.6,7.59,
2006,Ryan LaCasse,Syracuse,DE,74.38,257,8.5,31.5,,4.62,34.0,34.0,113.0,4.3,7.25,11.6
2006,Dawan Landry,Georgia Tech,SS,72.88,220,9.63,31.0,,4.69,18.0,37.5,124.0,4.27,,
2006,Manny Lawson,North Carolina State,OLB,77.38,241,9.88,33.75,,4.47,23.0,39.5,124.0,4.18,6.9,11.08
2006,Josh Lay,Pittsburgh,CB,72.0,197,8.75,31.88,,4.48,16.0,40.5,120.0,,,
2006,Greg Lee,Pittsburgh,WR,73.63,201,8.5,31.75,,4.6,,35.5,114.0,4.09,6.8,
2006,Matt Leinart,Southern California,QB,76.88,223,10.13,33.5,35.0,4.9,,,,,,
2006,Jonathan Lewis,Virginia Tech,DT,73.13,309,9.75,32.38,,4.99,24.0,33.5,111.0,4.4,7.4,
2006,Marcedes Lewis,UCLA,TE,78.38,261,10.0,34.38,,4.84,23.0,37.0,118.0,4.82,7.24,
2006,Calvin Lowry,Penn State,SS,71.0,200,9.13,30.88,,4.58,15.0,36.0,120.0,4.2,7.16,11.8
2006,Travis Lulay,Montana State,QB,74.38,216,9.88,30.25,37.0,4.74,,35.0,111.0,4.07,6.93,
2006,Wali Lundy,Virginia,RB,71.0,214,9.5,31.5,,4.52,18.0,35.0,111.0,4.36,6.99,11.27
2006,Taitusi Lutui,Southern California,OG,75.63,334,10.38,32.25,,5.46,26.0,28.0,97.0,4.76,8.04,
2006,Antonio Malone,Toledo,CB,71.75,200,8.63,30.75,,4.61,10.0,34.0,111.0,4.1,7.05,11.56
2006,Nick Mangold,Ohio State,C,75.63,300,10.38,31.88,,5.09,24.0,27.5,104.0,4.36,7.47,
2006,Danieal Manning,Abilene Christian (TX),CB,70.75,202,8.75,31.5,,4.5,17.0,39.0,123.0,4.07,7.23,
2006,Brandon Marshall,Central Florida,WR,76.5,229,8.88,32.63,,4.54,28.0,37.0,120.0,4.09,7.05,11.87
2006,Richard Marshall,Frenso State (CA),CB,71.13,189,9.13,29.75,,4.46,12.0,37.0,129.0,4.16,6.65,11.33
2006,Derrick Martin,Wyoming,CB,70.0,202,8.88,30.5,,4.54,17.0,40.0,127.0,3.95,6.72,10.69
2006,Ingle Martin,Furman (SC),QB,74.25,220,9.5,31.0,30.0,4.72,,36.0,111.0,4.17,7.13,
2006,Jimmy Martin,Virginia Tech,OT,77.0,303,9.63,33.0,,5.26,25.0,31.0,101.0,,,
2006,Wendell Mathis,Frenso State (CA),RB,71.38,210,9.25,31.0,,4.54,20.0,33.0,117.0,4.22,6.93,11.27
2006,Fred Matua,Southern California,OG,74.38,306,9.88,31.63,,5.04,28.0,24.5,93.0,4.76,7.87,
2006,Marcus Maxey,Miami (FL),CB,73.5,198,9.0,30.0,,4.5,14.0,41.5,129.0,,,
2006,Dee McCann,West Virginia,CB,71.25,197,8.5,29.88,,4.54,,40.5,122.0,4.38,7.35,
2006,John McCargo,North Carolina State,DT,73.5,302,10.13,32.5,,5.19,25.0,30.5,110.0,4.48,7.79,
2006,Stanley McClover,Auburn,DE,74.38,262,10.13,33.63,,4.72,19.0,39.0,114.0,4.5,7.87,12.24
2006,Tim McGarigle,Northwestern,ILB,72.63,242,9.25,29.25,,4.78,,38.0,118.0,4.07,7.09,11.36
2006,Roger McIntosh,Miami (FL),OLB,74.13,237,9.25,32.5,,4.65,18.0,41.5,119.0,,,
2006,Reggie McNeal,Texas A&M,QB,74.0,198,8.88,32.25,,4.43,,32.0,121.0,4.25,6.96,
2006,Marcus McNeill,Auburn,OT,79.63,336,10.5,35.38,,5.09,,31.0,98.0,5.0,8.19,
2006,Gerrick McPhearson,Maryland,CB,70.13,196,9.63,30.13,,4.46,18.0,41.5,129.0,,,
2006,Paul McQuistan,Weber State (UT),OT,78.13,312,9.75,33.25,,5.11,28.0,29.5,110.0,4.62,7.72,
2006,Rob Meadow,Washington,OG,76.88,324,9.75,31.88,,5.42,29.0,24.0,99.0,4.73,7.94,
2006,Vincent Meeks,Texas Tech,SS,70.63,210,8.88,30.75,,4.91,11.0,33.0,112.0,,,
2006,Erik Meyer,Eastern Washington,QB,73.0,210,9.25,31.75,,4.7,,32.5,112.0,4.12,6.83,
2006,Garrett Mills,Tulsa (OK),FB,73.13,241,9.63,31.63,,4.65,23.0,35.5,111.0,4.05,6.81,11.05
2006,Jeremy Mincey,Florida,DE,75.5,259,9.88,31.75,,4.78,27.0,33.5,116.0,4.25,6.99,11.57
2006,DeMario Minter,Georgia,CB,71.13,190,8.13,31.5,,4.54,10.0,38.5,131.0,4.1,6.87,
2006,Anthony Mix,Auburn,WR,76.25,235,9.63,32.88,,4.5,,31.5,111.0,,,
2006,Will Montgomery,Virginia Tech,C,75.0,312,9.63,32.0,,5.12,35.0,29.5,104.0,4.43,7.4,
2006,DonTrell Moore,New Mexico,RB,69.75,210,9.38,30.5,,4.65,18.0,32.0,116.0,4.32,7.1,12.07
2006,Sinorice Moss,Miami (FL),WR,68.0,185,9.0,29.13,,4.4,,,,,,
2006,Martin Nance,Miami (OH),WR,76.25,213,10.38,33.13,,4.58,,33.5,112.0,4.08,6.91,
2006,Terna Nande,Miami (OH),OLB,72.13,232,9.63,32.5,,4.55,41.0,39.0,124.0,4.11,6.97,11.37
2006,Javon Nanton,Miami (FL),DE,75.38,250,9.63,31.75,,4.88,22.0,28.5,108.0,,,
2006,Khalid Naziruddin,Texas Tech,CB,69.13,185,9.25,30.75,,4.69,17.0,38.5,119.0,,,
2006,Barrick Nealy,Texas State,QB,76.0,226,9.25,31.63,,4.65,,32.5,114.0,4.26,6.94,
2006,Haloti Ngata,Oregon,DT,76.13,338,9.88,33.13,,5.18,37.0,31.5,110.0,4.65,7.95,
2006,A.J. Nicholson,Florida State,OLB,72.75,252,10.88,32.13,,4.9,25.0,,116.0,4.43,7.37,12.4
2006,Rob Ninkovich,Purdue,DE,75.13,260,10.0,31.25,,4.93,23.0,34.5,116.0,4.18,6.96,11.37
2006,Jerious Norwood,Mississippi State,RB,71.63,210,9.88,31.25,,4.4,15.0,36.5,122.0,4.25,6.81,11.52
2006,Ryan O'Callaghan,California,OT,78.63,344,9.75,33.13,,5.4,21.0,25.0,92.0,,,
2006,Ben Obomanu,Auburn,WR,73.0,205,,,,4.45,,38.0,116.0,4.21,7.18,
2006,Quinn Ojinnaka,Syracuse,OT,76.63,309,9.63,34.0,,5.49,21.0,28.5,102.0,5.11,8.45,
2006,Drew Olson,UCLA,QB,73.63,222,8.75,31.0,,5.12,,23.0,97.0,4.42,,
2006,Chijioke Onyenegecha,Oklahoma,CB,73.38,215,8.63,32.63,,4.58,16.0,34.5,118.0,,,
2006,Jonathan Orr,Wisconsin,WR,74.13,198,9.63,34.0,,4.47,,35.5,119.0,4.16,7.31,
2006,Babatunde Oshinowo,Stanford,DT,73.63,304,10.13,34.0,,5.32,33.0,32.0,105.0,4.54,7.87,
2006,Jarrad Page,UCLA,SS,72.38,239,9.38,32.75,,4.64,,38.0,127.0,4.14,6.68,
2006,Kai Parham,Virginia,ILB,75.0,256,10.25,33.38,,5.04,30.0,35.0,116.0,4.33,7.35,12.19
2006,Domata Peko,Michigan State,DT,74.75,307,10.0,32.88,,5.28,25.0,28.5,103.0,4.49,7.69,
2006,Terrance Pennington,New Mexico,OT,79.25,325,10.25,36.0,,5.39,28.0,28.5,102.0,,,
2006,Charlie Peprah,Alabama,SS,70.88,206,9.5,31.75,,4.7,15.0,37.5,119.0,4.09,6.81,10.83
2006,Marvin Philip,California,C,73.0,307,10.13,33.25,,5.29,27.0,27.0,96.0,4.69,7.85,
2006,Paul Pinegar,Frenso State (CA),QB,76.88,232,9.75,31.25,,5.14,,29.0,110.0,4.49,7.36,
2006,David Pittman,Northwestern State (LA),CB,71.25,182,9.5,31.38,,4.49,14.0,36.0,128.0,4.23,,
2006,Jason Pociask,Wisconsin,TE,75.0,266,9.63,32.38,,4.88,23.0,32.5,115.0,4.3,7.31,12.36
2006,Bernard Pollard,Purdue,SS,73.63,224,8.5,33.25,,4.6,,36.5,131.0,,,
2006,Leonard Pope,Georgia,TE,79.75,258,9.25,34.25,,4.67,22.0,37.5,118.0,4.67,7.47,
2006,Quinton Porter,Boston College,QB,76.63,233,9.63,32.13,,4.72,,33.5,116.0,4.1,6.76,
2006,Donovan Raiola,Wisconsin,C,74.13,300,9.38,31.0,,5.57,20.0,25.0,90.0,4.97,8.17,
2006,Troy Reddick,Auburn,OG,76.88,334,10.25,34.75,,5.65,21.0,,,4.82,7.92,
2006,Willie Reid,Florida State,WR,70.5,188,9.25,30.63,,4.41,,37.5,117.0,4.26,7.06,
2006,Freddie Roach,Alabama,ILB,73.88,257,9.25,31.5,,4.96,,34.0,111.0,4.42,7.49,
2006,Dale Robinson,Arizona State,ILB,72.38,231,9.38,31.88,,4.84,18.0,33.0,108.0,4.3,7.29,11.98
2006,Cory Rodgers,Texas Christian,WR,71.88,188,9.0,31.88,,4.66,,33.5,110.0,4.19,7.37,
2006,Dennis Roland,Georgia,OT,81.63,328,10.63,34.88,,5.3,19.0,,,,,
2006,Cory Ross,Nebraska,RB,66.25,201,9.0,29.38,,4.59,15.0,,,,,
2006,Derrick Ross,Tarleton State (TX),RB,70.5,226,9.13,30.25,,4.61,20.0,35.0,112.0,4.35,7.0,11.59
2006,Pat Ross,Boston College,C,75.5,301,9.13,31.13,,5.01,23.0,,,,,
2006,Richie Ross,Nebraska-Kearney,WR,75.88,209,9.5,30.63,,4.64,,37.0,120.0,4.29,6.95,11.72
2006,Frostee Rucker,Southern California,DE,75.25,267,10.0,32.25,,4.94,,29.5,110.0,,,
2006,DeMeco Ryans,Alabama,OLB,73.25,236,8.63,31.38,,4.67,23.0,39.0,129.0,4.17,7.19,12.08
2006,Nate Salley,Ohio State,FS,73.75,216,8.75,32.0,,4.64,14.0,40.0,123.0,4.15,6.79,11.28
2006,Tony Scheffler,Western Michigan,TE,77.38,254,9.13,33.25,,4.57,17.0,33.5,115.0,4.01,6.81,11.41
2006,Anthony Schlegel,Ohio State,ILB,72.5,250,8.63,29.38,,4.86,21.0,32.0,111.0,4.38,7.41,12.18
2006,Jonathan Scott,Texas,OT,78.38,315,10.0,34.0,,5.34,,24.5,101.0,4.85,7.73,
2006,Mark Setterstrom,Minnesota,OG,75.75,314,10.13,32.63,,5.4,19.0,26.5,100.0,4.53,7.63,
2006,D.J. Shockley,Georgia,QB,73.13,214,9.0,32.13,19.0,4.61,,37.5,121.0,4.17,7.07,
2006,Kevin Simon,Tennessee,OLB,70.0,235,8.75,31.63,,4.93,26.0,28.0,103.0,4.32,7.69,12.58
2006,Ko Simpson,South Carolina,FS,73.0,209,9.13,32.88,,4.45,11.0,40.5,122.0,4.17,7.09,11.52
2006,Ernie Sims,Florida State,OLB,71.13,231,9.25,30.75,,4.56,25.0,41.0,125.0,4.22,7.31,11.62
2006,Dwayne Slay,Texas Tech,FS,75.5,216,9.13,32.75,,4.83,,32.5,112.0,,,
2006,Anthony Smith,Syracuse,FS,72.13,194,8.5,31.0,,4.71,18.0,41.0,125.0,4.35,6.75,
2006,Brad Smith,Missouri,WR,74.13,213,10.0,33.5,24.0,4.51,,39.5,128.0,4.33,7.0,
2006,Eric Smith,Michigan State,SS,73.0,209,10.25,30.0,,4.63,21.0,40.0,127.0,4.1,6.89,10.94
2006,Kent Smith,Central Michigan,QB,76.75,216,9.13,34.38,,4.64,,35.0,122.0,4.47,7.41,
2006,LeKevin Smith,Nebraska,DT,74.88,316,9.5,32.13,,5.03,30.0,30.5,109.0,4.92,7.93,
2006,Clinton Solomon,Iowa,WR,74.75,214,9.75,33.63,,4.6,,33.0,114.0,4.46,7.17,11.82
2006,Isaac Sowells,Indiana,OG,75.5,324,11.0,34.38,,5.19,20.0,28.5,101.0,4.98,8.13,
2006,Charles Spencer,Pittsburgh,OG,76.75,352,10.25,33.88,,5.31,30.0,,,,,
2006,Jason Spitz,Louisville,OG,75.5,313,9.5,31.25,,5.43,25.0,28.5,102.0,4.55,7.82,
2006,Montavious Stanley,Louisville,DT,74.13,313,9.75,32.75,,5.18,,29.0,106.0,4.6,8.06,
2006,Dan Stevenson,Notre Dame,OG,77.13,300,9.88,33.25,,5.39,24.0,24.5,100.0,4.59,7.58,
2006,Maurice Stovall,Notre Dame,WR,76.38,217,9.63,33.75,,4.59,,35.0,122.0,4.14,6.81,
2006,Zach Strief,Northwestern,OT,79.63,330,9.88,33.25,,5.45,19.0,21.0,94.0,4.83,8.01,
2006,Quinn Sypniewski,Colorado,TE,78.5,268,9.25,32.75,,4.8,20.0,32.5,114.0,4.52,7.09,11.45
2006,Naufahu Tahi,Brigham Young,FB,71.88,254,8.5,30.25,,4.88,35.0,29.0,101.0,4.7,7.72,13.14
2006,Darryl Tapp,Virginia Tech,DE,73.63,252,10.25,33.25,,4.86,27.0,33.0,109.0,4.48,7.31,11.65
2006,Tony Tella,Miami (FL),OG,76.0,307,9.75,34.13,,5.2,24.0,24.5,97.0,4.84,8.17,
2006,David Thomas,Texas,TE,75.13,252,10.25,31.63,,4.72,19.0,37.5,113.0,4.34,7.05,11.69
2006,Joe Toledo,Washington,OT,77.5,337,10.13,32.75,,5.14,32.0,,,,,
2006,Michael Toudouze,Texas Christian,OT,77.75,303,10.38,34.25,,5.12,23.0,26.5,100.0,4.7,7.45,
2006,Anthony Trucks,Oregon,OLB,72.88,233,9.38,31.63,,4.79,22.0,37.0,125.0,4.14,7.0,11.2
2006,Jeremy Trueblood,Boston College,OT,80.0,316,10.13,33.5,,5.31,20.0,27.5,96.0,4.68,7.82,
2006,Stephen Tulloch,North Carolina State,ILB,70.75,241,9.5,30.75,,4.93,27.0,33.5,113.0,4.15,7.19,12.07
2006,Cameron Vaughn,Louisiana State,OLB,75.75,235,9.25,33.5,,4.75,17.0,32.0,117.0,4.22,7.24,11.84
2006,Marcus Vick,Virginia Tech,QB,72.0,200,8.75,31.13,11.0,4.51,,36.0,117.0,4.08,6.94,
2006,Lawrence Vickers,Colorado,FB,72.3,245,10.0,31.5,,4.9,21.0,30.5,104.0,4.63,7.74,12.12
2006,Delanie Walker,Central Missouri,WR,73.25,240,9.75,32.0,,4.55,,36.5,118.0,,,
2006,John Walker,Southern California,CB,71.75,205,9.88,30.0,,4.65,,40.0,125.0,4.16,,
2006,Cooper Wallace,Auburn,TE,75.63,261,9.25,31.25,,4.83,21.0,29.0,105.0,4.21,7.29,12.09
2006,Scott Ware,Southern California,SS,73.13,218,9.13,31.75,,4.72,15.0,37.0,115.0,4.25,7.05,11.56
2006,Leon Washington,Florida State,RB,67.88,201,9.0,29.0,,4.49,17.0,32.5,105.0,4.37,6.94,11.62
2006,Pat Watkins,Florida State,FS,76.8,211,10.25,33.5,,4.48,14.0,41.0,133.0,,,
2006,Todd Watkins,Brigham Young,WR,74.38,202,9.25,31.25,,4.43,15.0,36.0,118.0,4.24,7.13,
2006,Gabe Watson,Michigan,DT,75.5,339,9.75,33.0,,5.29,36.0,25.0,96.0,4.8,8.28,
2006,Dee Webb,Florida,CB,70.75,183,8.25,31.25,,4.45,,36.5,121.0,,,
2006,Jeff Webb,San Diego State,WR,74.13,211,9.38,32.25,,4.43,,37.0,126.0,4.08,6.81,
2006,Stefon Wheeler,Michigan State,OT,76.63,339,9.25,33.38,,5.77,,19.5,73.0,4.86,8.09,
2006,Guy Whimper,East Carolina (NC),OT,76.75,304,10.0,34.13,,4.96,26.0,29.0,102.0,4.59,7.38,
2006,Terrence Whitehead,Oregon,RB,70.13,209,10.0,29.0,,4.73,,30.5,108.0,4.27,7.21,11.86
2006,Charlie Whitehurst,Clemson,QB,76.75,223,9.38,32.38,33.0,4.76,,33.0,112.0,4.11,7.0,
2006,E.J. Whitley,Texas Tech,OT,77.0,309,10.5,34.0,,5.37,16.0,25.0,101.0,4.79,7.53,
2006,Donte Whitner,Ohio State,SS,70.1,204,7.88,30.63,,4.44,18.0,40.0,132.0,,,
2006,Andrew Whitworth,Louisiana State,OT,79.0,334,10.13,35.0,,5.17,28.0,30.5,112.0,4.83,8.23,
2006,Gerris Wilkinson,Georgia Tech,ILB,75.0,233,9.63,33.63,,4.68,19.0,39.0,122.0,4.17,7.21,11.81
2006,Brandon Williams,Wisconsin,WR,69.38,179,8.38,29.38,,4.5,38.0,34.5,115.0,4.07,6.87,
2006,DeAngelo Williams,Memphis,RB,69.0,214,9.38,30.5,,4.49,25.0,35.5,121.0,,,
2006,Jamar Williams,Arizona State,OLB,72.3,236,9.0,31.5,,4.63,,37.0,120.0,4.29,7.03,11.97
2006,Leon Williams,Miami (FL),ILB,75.0,245,9.5,32.0,,4.6,25.0,,,,,
2006,Mario Williams,North Carolina State,DE,74.4,269,9.75,33.88,,4.75,25.0,34.0,111.0,4.54,7.49,
2006,T.J. Williams,North Carolina State,TE,74.4,269,9.75,33.88,,4.75,25.0,34.0,111.0,4.54,7.49,
2006,Travis Wilson,Oklahoma,WR,74.0,214,9.5,31.38,,4.53,,36.5,120.0,3.99,6.7,
2006,Kamerion Wimbley,Florida State,DE,75.88,248,10.63,33.75,,4.64,24.0,38.5,129.0,4.48,6.97,11.74
2006,Eric Winston,Miami (FL),OT,78.6,310,9.25,32.25,,4.96,,29.0,108.0,4.44,7.47,
2006,Rodrique Wright,Texas,DT,77.13,300,10.75,33.5,,5.11,31.0,32.0,110.0,4.51,7.84,
2006,James Wyche,Syracuse,DE,77.4,262,9.88,34.0,,4.66,27.0,33.0,116.0,4.51,7.75,
2006,Vince Young,Texas,QB,76.6,229,9.13,33.25,15.0,4.48,,,,,,
5,Hamza Abdullah,Washington State,SS,74.0,214,9.25,33.13,,4.65,18.0,39.0,114.0,,6.94,
2005,Anthony Alabi,Texas Christian,OT,77.13,310,10.38,36.75,,5.23,18.0,32.5,100.0,4.6,7.62,
2005,Lorenzo Alexander,California,DT,74.0,289,9.5,31.25,,5.16,28.0,29.5,106.0,4.55,7.53,
2005,Jared Allen,Florida Atlantic,QB,74.25,218,8.88,30.25,19.0,5.0,,27.5,106.0,4.39,7.29,
2005,Derek Anderson,Oregon State,QB,78.13,242,9.88,33.0,23.0,5.06,,29.0,101.0,4.62,7.67,
2005,Calvin Armstrong,Washington State,OT,79.13,325,10.25,34.13,,5.52,26.0,34.0,93.0,4.66,7.62,
2005,J.J. Arrington,California,RB,68.88,214,8.75,30.5,,4.45,18.0,35.0,116.0,4.1,6.81,11.07
2005,O.J. Atogwe,Stanford,FS,71.0,219,9.25,32.0,,4.57,22.0,,,,,
2005,Adrian Awasom,North Texas,DE,76.0,279,,,,4.93,23.0,32.5,107.0,4.4,7.57,
2005,David Baas,Michigan,OG,76.5,319,10.63,32.25,,5.07,29.0,29.5,102.0,4.46,7.5,
2005,Jonathan Babineaux,Iowa,DT,74.1,286,9.88,32.13,,4.9,21.0,29.5,109.0,4.57,7.7,
2005,Billy Bajema,Oklahoma State,TE,76.88,261,9.88,33.25,,4.78,16.0,31.5,111.0,4.25,7.05,11.76
2005,Marion Barber,Minnesota,RB,71.38,221,8.88,31.5,,4.53,20.0,40.0,122.0,,,
2005,Khalif Barnes,Washington,OT,77.75,305,10.13,34.0,,4.99,26.0,35.0,104.0,4.54,7.57,
2005,Alex Barron,Florida State,OT,79.5,320,10.25,37.75,,5.27,,35.5,109.0,4.56,7.83,
2005,Ronald Bartell,Howard (DC),CB,73.3,211,10.0,31.88,,4.42,21.0,35.5,,,,
2005,Jordan Beck,Cal Poly,OLB,75.0,233,,,,4.6,25.0,41.0,128.0,4.12,7.11,
2005,Adam Bergen,Lehigh (PA),TE,76.38,265,10.25,33.75,,4.84,25.0,38.0,118.0,4.1,7.11,11.6
2005,Joe Berger,Michigan Tech,OT,77.5,303,9.0,32.13,,5.2,30.0,27.0,96.0,4.62,7.77,
2005,Justin Beriault,Ball State (IN),FS,74.8,204,8.38,30.63,,4.57,14.0,39.5,124.0,3.8,6.92,10.82
2005,Brock Berlin,Miami (FL),QB,73.5,221,9.5,30.88,13.0,4.89,,29.0,106.0,4.54,7.49,
2005,Atari Bigby,Central Florida,SS,70.8,214,9.88,30.75,,4.65,19.0,35.0,106.0,4.1,7.0,11.35
2005,DeCori Birmingham,Arkansas,RB,69.75,210,9.0,30.38,,4.59,14.0,34.5,115.0,4.28,7.13,11.75
2005,Darryl Blackstock,Virginia,OLB,74.6,247,9.88,31.5,,4.72,25.0,39.0,126.0,4.29,7.05,
2005,Patrick Body,Toledo,FS,74.0,196,,,,4.36,,,,,,
2005,Michael Boley,Southern Mississippi,OLB,74.8,236,9.25,32.88,,4.62,,34.0,110.0,4.12,7.08,11.51
2005,Larry Brackins,Pearl River (MS),WR,76.38,205,8.5,33.5,,4.65,,35.0,108.0,4.44,7.16,
2005,Mark Bradley,Oklahoma,WR,73.38,201,8.88,31.38,,4.43,,39.5,128.0,3.98,6.96,10.88
2005,Craig Bragg,UCLA,WR,72.63,196,9.75,32.25,,4.46,,36.0,,,,
2005,Jamaal Brimmer,Nevada Las Vegas,SS,73.4,216,9.0,30.5,,4.87,16.0,32.0,108.0,4.63,7.78,11.98
2005,Wesley Britt,Alabama,OT,80.0,314,9.25,32.5,,5.3,24.0,,,,,
2005,C.J. Brooks,Maryland,OG,77.5,309,10.5,36.38,,5.17,24.0,31.5,108.0,4.56,7.61,
2005,Nehemiah Broughton,Citadel (SC),RB,71.5,250,9.75,32.38,,4.61,25.0,30.0,108.0,4.28,7.54,11.91
2005,Jammal Brown,Oklahoma,OT,77.88,316,9.13,34.75,,5.09,,31.5,109.0,4.67,7.93,
2005,Jason Brown,North Carolina,C,74.8,313,10.38,32.5,,5.5,23.0,30.5,102.0,4.51,7.72,
2005,Reggie Brown,Georgia,WR,73.63,196,9.38,31.38,,4.52,,41.5,128.0,3.94,6.99,11.34
2005,Ronnie Brown,Auburn,RB,72.25,233,9.63,31.63,,4.46,18.0,34.0,117.0,4.08,7.1,
2005,Tim Brown,West Virginia,OT,76.5,318,9.88,33.38,,5.67,23.0,29.0,89.0,4.92,7.84,
2005,Brandon Browner,Oregon State,CB,75.5,221,9.13,32.75,,4.67,13.0,36.5,120.0,4.24,7.2,11.41
2005,Anthony Bryant,Alabama,DT,75.0,337,9.75,33.38,,5.1,23.0,31.5,106.0,4.68,7.8,
2005,Doug Buckles,Mississippi,OG,77.3,311,10.63,34.0,,5.52,18.0,23.5,88.0,4.8,8.17,
2005,Dan Buenning,Wisconsin,OG,75.9,320,9.25,33.25,,5.35,29.0,28.0,106.0,4.59,7.9,
2005,Josh Bullocks,Nebraska,FS,72.0,209,10.5,30.88,,4.49,,37.5,116.0,4.08,7.09,10.82
2005,Tim Bulman,Boston College,DT,75.5,294,9.75,32.0,,4.94,35.0,32.5,115.0,4.2,7.23,
2005,Kevin Burnett,Tennessee,OLB,74.9,239,10.0,32.63,,4.61,20.0,36.0,119.0,,,
2005,Vincent Burns,Kentucky,DE,72.4,267,9.38,34.13,,4.9,25.0,35.0,119.0,4.41,7.24,
2005,Larry Burt,Miami (OH),DT,74.0,304,9.38,31.25,,5.41,22.0,28.0,98.0,4.72,8.03,
2005,James Butler,Georgia Tech,FS,73.9,213,9.0,33.38,,4.58,16.0,40.5,127.0,3.98,7.1,11.07
2005,Jason Campbell,Auburn,QB,76.75,230,9.63,33.63,28.0,4.72,,,,,7.42,
2005,Jerome Carter,Florida State,SS,71.4,220,9.75,32.0,,4.49,21.0,35.0,116.0,4.04,7.18,11.07
2005,Luis Castillo,Northwestern,DT,75.4,303,10.13,32.25,,4.82,32.0,34.5,110.0,,,
2005,Timmy Chang,Hawaii,QB,73.0,211,10.0,31.63,26.0,5.1,,29.0,103.0,4.2,7.24,
2005,Maurice Clarett,Ohio State,RB,71.63,234,9.5,30.75,,4.84,22.0,34.0,113.0,,,
2005,Mark Clayton,Oklahoma,WR,70.38,193,9.13,30.63,,4.43,,36.5,117.0,4.07,6.95,11.08
2005,Jonathan Clinkscale,Wisconsin,OG,74.3,315,10.5,33.38,,5.52,,27.5,93.0,,,
2005,DeAndra Cobb,Michigan State,RB,69.8,196,8.88,31.25,,4.53,17.0,34.0,118.0,4.25,7.13,11.72
2005,Shaun Cody,Southern California,DT,76.0,293,10.0,31.13,,4.95,34.0,,,,,
2005,Eric Coleman,Clemson,DT,76.9,288,11.13,33.63,,5.15,27.0,33.0,118.0,4.71,7.42,
2005,Jerome Collins,Notre Dame,TE,76.25,267,9.38,32.25,,4.73,21.0,,114.0,,,
2005,Nick Collins,Bethune-Cookman (FL),CB,71.1,206,8.5,31.0,,4.42,11.0,40.0,113.0,4.16,6.94,11.15
2005,Jon Colon,Florida,OT,79.25,317,11.38,34.75,,5.64,,25.5,82.0,4.89,8.03,
2005,Dan Connolly,Southeast Missouri State,OT,75.63,311,9.25,32.25,,5.26,22.0,28.5,102.0,4.54,7.65,
2005,Sean Considine,Iowa,FS,72.1,212,9.38,31.5,,4.53,19.0,37.0,116.0,3.92,7.09,10.65
2005,Atcheson Conway,Bowie State (MD),SS,70.4,219,9.0,29.38,,4.95,14.0,32.0,108.0,4.1,7.38,11.8
2005,Junius Coston,North Carolina A&T,C,75.4,310,10.38,33.75,,5.34,21.0,29.5,101.0,4.56,7.93,
2005,Jonas Crafts,Texas-El Paso,TE,74.88,247,9.5,30.88,,4.89,24.0,,,,,
2005,Airese Currie,Clemson,WR,70.5,186,8.0,31.5,,4.52,,38.0,125.0,4.07,7.05,10.91
2005,Markus Curry,Michigan,CB,70.9,181,10.13,30.25,,4.62,12.0,35.0,113.0,3.89,7.04,10.98
2005,Tony Curtis,Portland State (OR),TE,77.38,269,9.75,33.0,,4.97,21.0,,115.0,,,
2005,Harvey Dahl,Nevada,OT,78.13,299,,,,5.42,17.0,27.0,99.0,4.58,8.16,
2005,Travis Daniels,Louisiana State,CB,72.6,194,9.25,30.63,,4.59,,35.0,117.0,3.97,6.95,11.07
2005,Anthony Davis,Wisconsin,RB,66.6,200,8.63,29.75,,4.53,18.0,38.0,119.0,,7.39,
2005,Chauncey Davis,Florida State,DE,73.9,273,9.63,34.5,,4.84,22.0,37.0,117.0,4.44,7.66,
2005,Jim Davis,Virginia Tech,DE,75.5,277,10.0,32.5,,5.05,,34.0,108.0,4.23,7.11,
2005,Josh Davis,Marshall (WV),WR,72.38,191,9.38,32.0,,4.55,,37.5,118.0,4.22,7.19,11.44
2005,Thomas Davis,Georgia,FS,73.0,230,10.25,32.0,,4.64,,36.5,115.0,3.97,7.09,11.52
2005,Joel Dreessen,Colorado State,TE,76.25,260,9.25,33.38,,4.77,22.0,36.0,111.0,4.01,7.09,11.64
2005,Adell Duckett,Texas Tech,DE,75.4,270,10.0,33.75,,4.96,14.0,34.5,104.0,4.35,7.75,
2005,Kevin Dudley,Michigan,FB,72.5,238,9.38,31.13,,4.96,19.0,30.0,109.0,4.56,7.25,11.88
2005,Clifford Dukes,Michigan State,DE,75.5,268,9.63,32.5,,4.98,28.0,31.5,,,,
2005,Jon Dunn,Virginia Tech,OT,79.25,328,11.38,33.75,,5.44,,,,,,
2005,Braylon Edwards,Michigan,WR,74.88,211,9.88,33.13,,4.45,22.0,,,,,
2005,Abraham Elimimian,Hawaii,CB,69.6,190,9.13,30.88,,4.68,14.0,39.0,118.0,4.05,,
2005,Atiyyah Ellison,Missouri,DT,76.3,305,9.13,33.38,,5.1,25.0,27.5,99.0,4.79,8.0,
2005,Ben Emanuel,UCLA,FS,75.0,212,,,,4.57,21.0,,,,,
2005,Jamar Enzor,Cincinnati,OLB,72.5,243,10.13,31.75,,4.83,21.0,,,,,
2005,Trai Essex,Northwestern,OT,76.5,324,10.0,33.0,,5.63,,29.0,91.0,4.92,8.11,
2005,Liam Ezekiel,Northeastern (MA),ILB,72.1,249,9.25,30.25,,4.83,36.0,34.5,117.0,4.12,7.27,11.27
2005,Diamond Ferri,Syracuse,SS,70.1,223,9.25,29.0,,4.64,20.0,35.5,111.0,4.14,7.15,11.37
2005,Ronald Fields,Mississippi State,DT,74.4,313,10.88,32.13,,5.16,,27.0,100.0,4.68,8.01,
2005,Alfred Fincher,Connecticut,ILB,74.0,238,,,,4.68,25.0,31.5,112.0,4.48,7.7,
2005,Ryan Fitzpatrick,Harvard,QB,74.38,232,10.75,31.13,48.0,4.87,,30.5,103.0,4.07,7.09,
2005,Dustin Fox,Ohio State,FS,71.0,191,,,,4.43,7.0,43.5,,,,
2005,Domonique Foxworth,Maryland,CB,71.1,184,9.13,30.0,,4.39,14.0,41.0,125.0,3.89,6.78,10.7
2005,Aaron Francisco,Brigham Young,FS,73.9,211,9.63,31.63,,4.76,17.0,35.0,110.0,4.07,6.96,11.63
2005,Simon Fraser,Ohio State,DE,77.6,288,9.5,33.25,,5.05,23.0,28.0,102.0,4.43,7.54,
2005,Andre Frazier,Cincinnati,DE,76.6,234,9.38,34.5,,4.72,19.0,38.0,123.0,4.12,7.09,
2005,Charles Frederick,Washington,WR,70.75,194,,,,4.78,,33.0,108.0,4.25,7.41,
2005,Charlie Frye,Akron,QB,75.88,225,8.88,31.13,38.0,4.85,,33.0,109.0,4.08,6.94,
2005,Dylan Gandy,Texas Tech,OG,75.0,304,9.88,33.38,,5.18,,29.5,100.0,4.51,7.62,
2005,Lionel Gates,Louisville,RB,71.6,222,10.13,31.13,,4.72,23.0,36.0,118.0,4.1,7.17,
2005,Justin Geisinger,Vanderbilt,OT,75.75,322,9.63,32.75,,5.38,34.0,25.0,92.0,4.62,7.87,
2005,Eric Ghiaciuc,Central Michigan,C,76.0,302,10.13,32.38,,5.14,30.0,32.0,102.0,4.56,7.87,
2005,Fred Gibson,Georgia,WR,76.0,196,9.0,33.13,,4.57,,38.5,126.0,4.1,7.03,11.33
2005,Howard Gilmore,Norfolk State (VA),WR,72.0,194,10.13,32.0,,4.74,,36.0,113.0,4.44,7.56,12.23
2005,Johnathan Goddard,Marshall (WV),OLB,72.3,238,9.5,30.63,,4.7,27.0,35.0,107.0,4.14,7.48,
2005,Mike Goolsby,Notre Dame,ILB,75.0,249,9.38,31.13,,5.0,,29.5,112.0,4.36,7.31,12.07
2005,Ryan Grant,Notre Dame,RB,73.1,215,8.5,31.75,,4.5,17.0,33.5,115.0,4.12,7.08,10.65
2005,Eric Green,Virginia Tech,CB,71.4,198,9.5,32.38,,4.56,,38.0,120.0,3.9,,
2005,Justin Green,Montana,FB,71.38,251,9.5,31.75,,4.91,23.0,31.0,106.0,4.21,7.24,11.6
2005,David Greene,Georgia,QB,75.5,226,10.0,33.25,21.0,4.8,,31.5,113.0,4.1,7.0,
2005,Kelly Griffeth,Fort Hays State (KS),TE,77.25,284,9.63,32.88,,4.93,21.0,28.0,101.0,4.27,7.25,12.08
2005,Boomer Grigsby,Illinois State,ILB,73.0,249,,,,4.6,32.0,35.5,112.0,,7.1,
2005,Matt Grootegoed,Southern California,SS,70.8,218,9.25,31.0,,4.68,22.0,31.5,107.0,4.26,7.17,
2005,Gino Guidugli,Cincinnati,QB,75.75,229,10.0,31.13,30.0,5.04,,29.0,97.0,4.52,7.41,
2005,Tyjuan Hagler,Cincinnati,OLB,71.6,236,9.0,31.25,,4.61,35.0,35.5,114.0,4.07,7.21,11.58
2005,Josh Haldi,Northern Illinois,QB,74.0,215,9.63,30.38,30.0,4.68,,33.0,113.0,4.07,6.89,
2005,Geoff Hangartner,Texas A&M,C,77.0,301,10.0,32.25,,5.25,26.0,28.5,100.0,4.52,7.62,
2005,Jason Harmon,Michigan State,FS,71.5,209,8.75,30.13,,4.74,23.0,37.0,117.0,4.1,7.61,11.96
2005,Reggie Harrell,Texas Christian,WR,74.75,214,9.63,33.0,,4.61,,35.0,111.0,4.11,7.42,11.33
2005,Kay-Jay Harris,West Virginia,RB,72.4,241,10.0,31.63,,4.6,,38.0,119.0,4.1,7.2,11.65
2005,Marques Harris,Southern Utah,OLB,73.0,231,9.88,31.5,,4.76,22.0,40.5,117.0,4.07,7.19,11.72
2005,Anttaj Hawthorne,Wisconsin,DT,75.4,321,9.63,33.0,,5.25,21.0,27.0,98.0,4.69,8.0,
2005,Kelvin Hayden,Illinois,CB,70.4,197,9.0,30.25,,4.52,17.0,34.0,111.0,3.9,6.87,10.96
2005,Jovan Haye,Vanderbilt,DE,74.0,284,11.0,34.25,,4.77,33.0,34.0,110.0,4.35,7.38,
2005,Alex Haynes,Central Florida,RB,69.9,223,10.25,31.63,,4.54,21.0,32.5,,,,
2005,Madison Hedgecock,North Carolina,FB,75.0,266,9.75,31.5,,4.92,29.0,32.5,106.0,4.24,7.41,11.83
2005,Chris Henry,West Virginia,WR,76.0,197,,,,4.5,,,,,,
2005,Noah Herron,Northwestern,RB,71.0,224,9.13,31.75,,4.67,17.0,31.0,107.0,3.97,6.95,11.07
2005,Efrem Hill,Samford (AL),WR,72.5,179,9.25,32.13,,4.64,,37.5,123.0,4.07,7.42,11.08
2005,Leroy Hill,Clemson,ILB,73.0,229,9.75,32.63,,4.7,25.0,34.0,116.0,4.1,7.23,
2005,Ellis Hobbs,Iowa State,CB,69.0,192,9.13,30.63,,4.49,12.0,42.0,121.0,4.07,6.8,11.0
2005,Drew Hodgdon,Arizona State,C,74.8,309,10.0,32.0,,5.31,,32.0,108.0,4.45,7.49,
2005,Alphonso Hodge,Miami (OH),CB,70.8,203,9.88,30.63,,4.47,20.0,34.0,,3.99,,
2005,Terry Holley,Rice (TX),SS,73.3,211,10.0,31.13,,4.68,24.0,37.0,115.0,,,
2005,Daven Holly,Cincinnati,CB,70.4,192,9.38,30.5,,4.44,15.0,39.0,113.0,4.08,7.16,11.48
2005,Alex Holmes,Southern California,TE,73.75,265,10.63,32.0,,4.92,18.0,,,,,
2005,Ray Hudson,Alabama,RB,69.8,192,9.13,29.63,,4.5,15.0,,,,,
2005,Rob Hunt,North Dakota State,C,75.8,301,10.25,32.13,,5.02,31.0,34.5,107.0,4.48,7.53,
2005,Richie Incognito,Nebraska,C,75.3,305,10.13,32.38,,4.92,29.0,,,,,
2005,Marlin Jackson,Michigan,CB,73.0,198,,,,4.52,23.0,36.0,125.0,3.96,6.95,
2005,Tony Jackson,Iowa,TE,74.0,266,9.25,31.13,,4.76,23.0,33.0,112.0,4.48,7.5,11.82
2005,Vincent Jackson,Northern Colorado,WR,76.75,241,9.63,32.75,,4.5,,39.0,,,,
2005,Brandon Jacobs,Southern Illinois,RB,76.3,267,10.63,33.63,,4.56,19.0,37.0,118.0,4.46,7.53,11.98
2005,Erasmus James,Wisconsin,DE,76.1,266,9.63,33.0,,4.86,,37.5,120.0,4.37,7.56,12.22
2005,Jason Jefferson,Wisconsin,DT,74.0,310,,,,5.1,,28.5,102.0,4.48,7.8,
2005,Derrick Johnson,Texas,CB,75.3,242,9.25,32.25,,4.54,18.0,37.5,120.0,3.87,7.2,
2005,Derrick Johnson,Texas,OLB,75.3,242,9.25,32.25,,4.54,,37.5,120.0,3.87,7.2,
2005,Marcus Johnson,Mississippi,OG,78.5,321,9.5,35.5,,5.56,21.0,27.5,97.0,4.71,7.71,
2005,Brandon Jones,Oklahoma,WR,73.38,210,10.0,33.13,,4.47,,37.0,114.0,4.08,7.03,11.18
2005,Matt Jones,Arkansas,TE,78.3,242,9.5,33.13,,4.38,20.0,39.5,123.0,4.2,,
2005,Keith Joseph,Texas A&M,FB,73.88,254,10.0,31.63,,4.73,27.0,33.0,113.0,4.2,7.43,
2005,Nick Kaczur,Toledo,OT,76.5,319,10.38,32.88,,5.3,,31.5,,,,
2005,Dave Kashetta,Boston College,TE,75.38,247,10.88,33.5,,4.9,17.0,35.5,113.0,4.34,7.34,12.01
2005,Chris Kemoeatu,Utah,OG,75.5,344,10.38,33.63,,5.36,26.0,29.0,97.0,4.54,7.75,
2005,Adam Kieft,Central Michigan,OT,79.0,337,,,,5.52,28.0,33.0,110.0,4.77,7.8,
2005,Eric King,Wake Forest,CB,68.5,189,9.25,31.0,,4.49,12.0,,,,,
2005,Tyler King,Connecticut,DE,77.5,271,9.38,33.13,,4.89,20.0,36.0,115.0,4.34,7.57,
2005,Marcus Lawrence,South Carolina,ILB,74.1,243,10.38,32.0,,4.65,19.0,34.0,120.0,4.32,7.16,
2005,Stefan LeFors,Louisville,QB,72.13,208,9.25,30.5,35.0,4.61,,31.0,111.0,4.09,7.03,
2005,Jim Leonhard,Wisconsin,FS,68.4,191,9.25,29.75,,4.63,19.0,,,,,
2005,Sam Lightbody,Washington State,OT,81.0,321,10.0,35.63,,5.66,,30.0,108.0,4.41,7.95,
2005,Dustin Long,Sam Houston State (TX),QB,74.5,208,9.63,31.25,,4.69,,30.5,108.0,4.08,6.77,
2005,Khari Long,Baylor,DE,75.6,257,10.5,35.0,,4.76,27.0,38.5,121.0,4.07,7.22,11.35
2005,Daniel Loper,Texas Tech,OT,78.0,306,10.63,33.0,,5.35,14.0,31.0,98.0,4.68,7.74,
2005,Chase Lyman,California,WR,74.63,217,9.88,31.75,,4.51,16.0,,,,,
2005,Andre Maddox,North Carolina State,SS,72.6,205,9.0,30.75,,4.51,17.0,36.5,127.0,,7.33,
2005,Tony Madison,Hampton (VA),WR,74.0,214,,,,4.52,,39.0,121.0,4.31,7.14,
2005,Logan Mankins,Frenso State (CA),OG,76.1,307,11.38,33.38,,5.14,21.0,30.0,95.0,4.44,7.52,
2005,Tommy Manus,Morgan State (MD),WR,75.88,222,10.13,31.75,,4.61,,38.0,120.0,4.34,7.2,11.53
2005,Evan Mathis,Alabama,OG,77.3,304,10.75,32.5,,4.96,35.0,34.0,117.0,4.16,7.37,
2005,Jerome Mathis,Hampton (VA),WR,71.25,181,,,,4.26,,35.5,123.0,,,
2005,Leron McCoy,Indiana (PA),WR,73.5,211,9.38,33.5,,4.41,,37.0,119.0,4.21,7.19,11.27
2005,Robert McCune,Louisville,ILB,72.0,245,9.25,30.88,,4.51,34.0,,,,,
2005,Bryant McFadden,Florida State,CB,71.8,193,9.25,31.13,,4.53,23.0,38.5,126.0,4.04,,
2005,Lynn McGruder,Oklahoma,DT,73.4,307,10.25,32.25,,5.01,28.0,35.5,112.0,4.42,7.71,
2005,Chris McKenzie,Arizona State,CB,68.5,185,9.0,28.63,,4.37,6.0,45.0,133.0,4.32,6.9,11.34
2005,T.A. McLendon,North Carolina State,RB,70.3,235,8.63,31.88,,4.74,27.0,35.0,115.0,4.19,7.34,
2005,Pete McMahon,Iowa,OT,79.6,329,10.0,34.38,,5.45,26.0,25.5,90.0,4.8,7.97,
2005,David McMillan,Kansas,DE,75.0,262,9.63,33.25,,4.58,16.0,34.0,120.0,4.07,7.11,11.58
2005,Adrian McPherson,Florida State,QB,75.5,218,9.0,32.75,26.0,4.73,22.0,34.5,128.0,4.08,6.93,
2005,Albert Means,Memphis,DT,75.9,318,10.13,32.63,,5.48,26.0,27.0,96.0,4.87,8.21,
2005,Shawne Merriman,Maryland,DE,76.4,272,9.5,33.63,,4.68,25.0,,,,,
2005,Justin Miller,Clemson,CB,69.8,201,9.25,30.5,,4.46,15.0,41.5,126.0,,,
2005,Lance Mitchell,Oklahoma,ILB,74.1,247,10.0,31.75,,4.91,15.0,33.5,,4.38,7.49,
2005,Ryan Moats,Louisiana Tech,RB,68.3,210,8.88,31.5,,4.49,19.0,36.0,116.0,4.1,7.22,11.13
2005,Mike Montgomery,Texas A&M,DE,76.9,276,10.25,35.88,,5.08,19.0,34.5,115.0,4.32,7.38,
2005,Eric Moore,Florida State,DE,76.3,268,9.75,33.38,,4.85,22.0,29.5,105.0,4.5,7.62,12.64
2005,Vernand Morency,Oklahoma State,RB,69.6,212,8.88,31.75,,4.51,19.0,33.5,108.0,4.12,7.02,
2005,Kirk Morrison,San Diego State,ILB,73.0,235,9.25,31.5,,4.69,25.0,,,4.31,,
2005,C.J. Mosley,Missouri,DT,74.0,312,10.75,33.38,,5.08,27.0,27.5,100.0,4.65,8.21,
2005,Scott Mruczkowski,Bowling Green (OH),C,76.5,321,10.13,33.13,,5.29,28.0,,,,,
2005,Terrence Murphy,Texas A&M,WR,72.88,202,9.38,31.63,,4.43,,,,,,
2005,Chris Myers,Miami (FL),OG,76.6,300,10.38,32.38,,5.18,25.0,,,,,
2005,Donte Nicholson,Oklahoma,SS,73.5,212,9.13,32.13,,4.55,18.0,,,,,
2005,Doug Nienhuis,Oregon State,OG,77.8,307,10.0,33.38,,5.18,22.0,28.5,95.0,4.47,7.5,
2005,Craig Ochs,Montana,QB,73.75,218,9.13,31.0,,4.91,,28.5,101.0,4.13,7.03,
2005,Frank Omiyale,Tennessee Tech,OT,76.3,310,10.13,36.0,,5.4,22.0,28.5,101.0,4.72,8.19,
2005,Dan Orlovsky,Connecticut,QB,77.0,225,9.63,31.88,30.0,4.98,,29.5,105.0,4.39,7.33,
2005,Kyle Orton,Purdue,QB,76.0,233,10.0,30.25,27.0,5.11,,26.5,,4.52,7.38,
2005,Chad Owens,Hawaii,WR,67.38,183,9.63,27.88,,4.66,23.0,37.0,110.0,3.94,6.7,11.08
2005,Jeremy Parquet,Southern Mississippi,OT,78.8,323,10.0,34.88,,5.34,17.0,28.5,88.0,4.8,7.95,
2005,Roscoe Parrish,Miami (FL),WR,69.75,168,8.63,29.25,,4.4,,,,,,
2005,Martin Patterson,Texas Christian,ILB,73.5,243,9.25,32.0,,4.92,21.0,34.0,110.0,4.2,7.31,11.88
2005,Mike Patterson,Southern California,DT,71.6,292,10.25,33.25,,5.08,26.0,,,,,
2005,Karl Paymah,Washington State,CB,72.0,204,10.0,30.75,,4.38,15.0,41.5,121.0,3.91,7.09,
2005,Alvin Pearman,Virginia,RB,69.4,208,9.25,30.38,,4.65,24.0,34.0,112.0,4.08,7.06,11.11
2005,Antonio Perkins,Oklahoma,CB,70.8,190,9.0,31.0,,4.53,10.0,40.0,126.0,4.07,7.17,11.16
2005,Tab Perry,UCLA,WR,74.5,229,10.0,32.5,,4.48,,34.0,116.0,,7.0,
2005,Kenneth Pettway,Grambling State (LA),OLB,75.0,236,9.75,35.25,,4.73,22.0,32.5,114.0,4.31,7.29,12.07
2005,David Pollack,Georgia,DE,74.1,265,10.13,30.5,,4.81,25.0,37.0,118.0,3.9,6.86,10.91
2005,Jonathan Pollard,Oregon State,OLB,73.0,247,9.75,32.63,,4.71,21.0,35.0,116.0,4.07,7.41,11.8
2005,Brady Poppinga,Brigham Young,DE,75.1,259,9.25,31.13,,4.63,26.0,35.5,106.0,4.38,7.27,12.28
2005,Sione Pouha,Utah,DT,76.0,325,,,,5.02,32.0,32.5,107.0,4.49,7.84,
2005,Duke Preston,Illinois,C,77.1,311,10.13,33.88,,5.42,21.0,32.0,96.0,4.45,7.57,
2005,Bobby Purify,Colorado,RB,73.0,212,,,,4.67,15.0,33.5,116.0,4.17,7.22,
2005,Bryan Randall,Virginia Tech,QB,72.25,225,9.5,32.13,19.0,4.72,,33.0,112.0,4.08,6.97,
2005,Jamaica Rector,Northwest Missouri State,WR,69.75,186,9.63,32.0,,4.5,17.0,36.5,119.0,4.13,6.78,11.12
2005,Lamont Reid,North Carolina State,CB,71.3,195,9.5,30.88,,4.59,15.0,40.5,120.0,4.28,7.18,
2005,Walter Reyes,Syracuse,RB,70.0,209,8.25,30.38,,4.52,16.0,32.0,108.0,4.38,7.23,11.7
2005,Kerry Rhodes,Louisville,FS,74.5,209,9.63,32.25,,4.59,12.0,42.0,123.0,4.12,6.94,11.21
2005,Ryan Riddle,California,DE,73.8,256,9.13,33.5,,4.82,18.0,,,,,
2005,Dante Ridgeway,Ball State (IN),WR,71.13,212,8.5,30.0,,4.6,,33.0,117.0,4.39,7.27,
2005,Chris Rix,Florida State,QB,74.0,214,10.0,31.88,26.0,4.73,,33.5,113.0,4.53,7.53,
2005,Derreck Robinson,Iowa,DT,76.3,289,10.25,32.75,,5.04,27.0,34.5,108.0,4.53,7.97,
2005,Leon Robinson,Georgia Tech,OG,76.0,314,10.75,34.88,,5.25,22.0,34.5,108.0,4.76,8.27,
2005,Courtney Roby,Indiana,WR,72.13,189,9.63,31.38,,4.41,,36.5,125.0,3.94,6.6,11.18
2005,Aaron Rodgers,California,QB,74.0,223,10.13,32.25,39.0,4.75,,34.5,110.0,,7.38,
2005,Carlos Rogers,Auburn,CB,72.4,196,8.88,31.38,,4.45,15.0,40.5,126.0,3.82,6.48,10.96
2005,Antrel Rolle,Miami (FL),CB,72.1,201,9.5,29.75,,4.5,15.0,,,,,
2005,Michael Roos,Eastern Washington,OT,78.6,320,9.13,32.0,,5.28,19.0,29.0,96.0,4.5,7.72,
2005,Matt Roth,Iowa,DE,75.8,278,10.63,31.38,,4.83,26.0,32.0,110.0,4.36,7.65,12.08
2005,Stanford Routt,Houston,CB,73.4,193,9.25,32.0,,4.33,,36.5,127.0,3.9,6.63,10.65
2005,J.R. Russell,Louisville,WR,75.0,206,9.63,32.63,,4.58,,34.5,,,,
2005,Barrett Ruud,Nebraska,ILB,74.5,241,9.25,30.63,,4.76,25.0,34.5,108.0,3.94,7.22,11.77
2005,Steve Savoy,Utah,WR,70.88,192,9.5,32.13,,4.66,,,,,,
2005,Bo Scaife,Texas,TE,74.63,249,10.13,32.38,,4.79,24.0,32.5,110.0,4.12,7.21,11.66
2005,Gerald Sensabaugh,North Carolina,FS,72.5,214,9.25,32.0,,4.48,17.0,46.0,113.0,,,
2005,Adam Seward,Nevada Las Vegas,ILB,74.3,248,9.75,31.63,,4.61,33.0,36.5,120.0,4.11,7.16,11.5
2005,Dan Sheldon,Northern Illinois,WR,68.88,179,9.13,29.25,,4.46,,,,,,
2005,Eric Shelton,Louisville,RB,73.5,246,9.5,33.63,,4.57,,38.5,122.0,4.08,7.46,
2005,Darrell Shropshire,South Carolina,DT,74.3,301,9.38,32.63,,4.9,25.0,34.0,114.0,4.31,7.54,
2005,Wes Sims,Oklahoma,OT,77.0,318,11.13,32.25,,5.42,26.0,28.0,104.0,4.43,7.68,
2005,Alex Smith,Stanford,TE,76.1,258,10.0,34.13,,4.75,28.0,,,,,
2005,Alex Smith,Utah,QB,76.13,217,9.13,31.75,40.0,4.78,,32.0,113.0,3.96,6.82,
2005,Adam Snyder,Oregon,OG,77.4,316,10.38,32.88,,5.37,21.0,28.5,93.0,4.83,7.83,
2005,Marcus Spears,Louisiana State,DE,76.0,307,10.5,33.0,,5.03,15.0,,,,,
2005,Chris Spencer,Mississippi,C,74.9,309,10.88,33.5,,5.24,26.0,29.0,104.0,4.59,8.06,
2005,Darren Sproles,Kansas State,RB,66.1,187,8.25,28.25,,4.49,23.0,33.0,102.0,3.96,6.96,11.13
2005,Scott Starks,Wisconsin,CB,68.5,172,8.25,29.25,,4.42,13.0,43.0,133.0,3.9,6.99,10.96
2005,Nick Steitz,Oregon,OG,75.5,312,10.63,32.75,,5.6,,29.5,97.0,4.65,8.16,
2005,David Stewart,Mississippi State,OT,78.5,314,10.13,34.38,,5.25,24.0,,,,,
2005,Chauncey Stovall,Florida State,WR,72.75,221,9.63,33.13,,4.66,,,,,,
2005,Bill Swancutt,Oregon State,DE,76.0,270,10.13,33.13,,5.03,23.0,34.0,113.0,4.24,7.35,
2005,Lofa Tatupu,Southern California,ILB,71.9,238,10.0,31.63,,4.84,23.0,35.0,113.0,4.16,7.31,
2005,Claude Terrell,New Mexico,OG,74.3,343,9.25,31.38,,5.41,27.0,24.5,88.0,4.75,8.17,
2005,Adam Terry,Syracuse,OT,80.0,330,10.75,32.5,,5.43,,26.5,95.0,4.78,7.89,
2005,Benard Thomas,Nebraska,DE,75.9,269,10.0,32.88,,4.92,27.0,30.0,100.0,4.34,8.24,
2005,Odell Thurman,Georgia,ILB,72.1,233,9.88,32.25,,4.7,23.0,34.0,113.0,4.28,7.47,
2005,Zach Tuiasosopo,Washington,FB,73.75,249,9.38,32.75,,5.03,19.0,25.5,100.0,4.67,7.57,12.72
2005,Marviel Underwood,San Diego State,FS,70.3,205,9.5,31.38,,4.52,19.0,38.0,116.0,4.21,7.12,11.26
2005,Jimmy Verdon,Arizona State,DE,75.1,280,9.5,32.63,,5.05,18.0,29.5,105.0,4.53,7.89,
2005,Kevin Vickerson,Michigan State,DT,77.0,310,9.75,34.0,,5.07,,32.5,97.0,4.64,7.78,
2005,Cameron Wake,Penn State,OLB,75.0,236,,,,4.65,20.0,45.5,130.0,4.13,7.12,
2005,Rian Wallace,Temple,OLB,74.3,241,9.88,32.38,,4.68,10.0,35.5,111.0,3.94,7.45,11.72
2005,DeMarcus Ware,Troy (AL),OLB,76.0,251,10.0,33.25,,4.6,27.0,38.5,122.0,4.07,6.83,10.93
2005,Paris Warren,Utah,WR,72.38,219,9.88,32.13,,4.73,,31.5,,,,
2005,Fabian Washington,Nebraska,CB,70.5,188,10.13,30.25,,4.31,18.0,41.5,122.0,3.91,,
2005,Mike Watson,West Virginia,OT,76.1,316,9.75,31.75,,5.51,,27.5,95.0,,,
2005,Corey Webster,Louisiana State,CB,72.1,199,9.13,31.5,,4.51,9.0,,,,,
2005,Marquis Weeks,Virginia,SS,70.5,216,8.63,31.5,,4.62,23.0,36.5,119.0,3.89,7.46,11.22
2005,Jonathan Welsh,Wisconsin,OLB,75.3,244,10.63,33.75,,4.61,19.0,40.5,128.0,4.22,7.83,11.43
2005,Jason White,Oklahoma,QB,74.5,223,9.63,31.25,31.0,4.93,,31.0,102.0,4.19,7.28,
2005,Sam Wilder,Colorado,OT,76.9,298,8.88,31.63,,5.39,23.0,26.5,99.0,4.5,7.43,
2005,Aric Williams,Oregon State,CB,73.0,187,,,,4.58,8.0,36.0,117.0,,,
2005,Carnell Williams,Auburn,RB,71.0,217,,,,4.43,19.0,35.5,118.0,4.17,6.95,
2005,Cedrick Williams,Kansas State,CB,69.8,168,9.25,28.88,,4.55,13.0,35.0,121.0,4.22,7.24,11.44
2005,Darrent Williams,Oklahoma State,CB,69.0,176,,,,4.3,16.0,39.0,124.0,3.96,6.97,
2005,Mike Williams,Southern California,WR,76.63,229,8.88,34.13,,4.57,,36.5,,,,
2005,Troy Williamson,South Carolina,WR,73.4,203,9.38,33.0,21.0,4.34,,37.0,,4.18,6.99,
2005,Ray Willis,Florida State,OT,77.6,327,10.63,35.5,,5.4,27.0,,,,,
2005,Stanley Wilson,Stanford,CB,71.8,185,9.0,30.25,,4.39,14.0,39.5,123.0,,,
2005,Jerron Wishom,Louisiana Tech,CB,71.8,193,10.0,31.88,,4.53,18.0,38.0,118.0,4.07,6.81,
2005,Cornelius Wortham,Alabama,OLB,73.4,236,9.88,32.0,,4.76,22.0,37.0,106.0,4.38,,
2005,Scott Young,Brigham Young,OG,75.6,312,9.88,34.13,,5.07,43.0,32.5,115.0,4.37,7.46,
2004,Derek Abney,Kentucky,WR,69.3,179,9.13,28.88,,4.56,,33.5,120.0,4.08,6.89,11.08
2004,Nathaniel Adibi,Virginia Tech,DE,75.3,254,9.38,33.0,,4.65,,33.0,118.0,4.36,,12.47
2004,Roc Alexander,Washington,CB,71.0,185,9.25,31.63,,4.37,,39.5,125.0,4.23,6.97,11.1
2004,Rich Alexis,Washington,RB,72.0,210,9.25,32.5,,4.65,,32.0,114.0,4.43,7.41,12.1
2004,Jared Allen,Idaho State,DE,78.0,265,9.38,32.0,,4.76,13.0,33.0,120.0,4.34,7.11,
2004,Marcell Allmond,Southern California,CB,72.0,209,9.5,31.5,,4.63,21.0,38.0,123.0,4.34,7.37,11.93
2004,Courtney Anderson,San Jose State,TE,78.0,269,,,,4.89,17.0,30.0,106.0,4.54,7.86,
2004,Shawn Andrews,Arkansas,OT,76.1,366,9.75,33.75,,5.49,27.0,25.0,98.0,4.85,8.25,
2004,Stacy Andrews,Mississippi,OT,78.1,342,9.75,34.75,,5.07,34.0,30.5,106.0,4.78,8.09,
2004,Matthias Askew,Michigan State,DT,77.4,308,9.63,34.38,,5.24,20.0,27.0,101.0,4.42,7.55,
2004,Jason Babin,Western Michigan,DE,74.6,260,9.88,33.13,,4.65,28.0,34.0,121.0,4.14,7.03,11.16
2004,Rashad Baker,Tennessee,FS,70.5,204,9.63,30.63,,4.55,21.0,36.0,117.0,4.12,7.19,11.71
2004,Dave Ball,UCLA,DE,77.4,277,9.0,31.75,,5.07,24.0,,,,,
2004,Jacob Bell,Miami (OH),OG,76.8,302,9.5,32.25,,5.22,26.0,,,,,
2004,Tatum Bell,Oklahoma State,RB,71.0,212,8.38,31.88,,4.39,25.0,38.5,117.0,,,
2004,Bernard Berrian,Frenso State (CA),WR,73.0,183,9.5,30.5,,4.58,,38.0,128.0,4.18,7.34,11.57
2004,Ryon Bingham,Nebraska,DT,75.4,303,9.5,31.88,,5.14,33.0,30.0,109.0,4.38,7.44,
2004,Bobby Blizzard,North Carolina,TE,76.0,266,10.13,34.38,,4.89,12.0,,102.0,,,
2004,Colby Bockwoldt,Brigham Young,OLB,73.6,230,9.63,32.5,,4.59,14.0,34.0,112.0,4.05,7.12,10.88
2004,Ryan Boschetti,UCLA,DT,76.4,306,10.13,33.38,,5.15,,29.5,110.0,4.27,7.41,
2004,Michael Boulware,Florida State,OLB,74.0,225,8.63,32.88,,4.5,,,,3.92,6.89,11.11
2004,Jon Bradley,Arkansas State,DT,73.0,306,,,,5.09,19.0,26.5,104.0,4.85,7.88,
2004,Maurice Brown,Iowa,WR,72.3,219,9.63,31.75,,4.54,,33.0,117.0,4.21,7.38,
2004,Rufus Brown,Florida State,CB,69.3,187,9.63,29.88,,4.45,15.0,33.0,124.0,4.44,7.24,11.24
2004,Tony Bua,Arkansas,SS,71.3,209,9.0,29.0,,4.65,15.0,36.0,120.0,4.08,6.75,11.24
2004,Sean Bubin,Illinois,OT,78.5,306,9.38,33.25,,5.29,25.0,24.5,97.0,4.76,7.66,
2004,Josh Buhl,Kansas State,OLB,71.3,204,9.25,31.0,,4.7,,29.0,114.0,4.32,7.26,
2004,Kelly Butler,Purdue,OT,79.4,320,9.88,33.75,,5.12,,30.5,105.0,4.92,7.96,
2004,Darrell Campbell,Notre Dame,DT,75.6,302,10.25,35.25,,5.21,25.0,33.0,111.0,4.66,7.63,
2004,Dietrich Canterberry,Nevada Las Vegas,DT,74.9,308,9.0,32.38,,5.35,26.0,,,,,
2004,Vernon Carey,Miami (FL),OG,76.4,335,10.13,34.25,,5.32,30.0,,,,,
2004,Ahmad Carroll,Arkansas,CB,69.6,195,9.75,31.0,,4.36,15.0,41.0,128.0,,,
2004,Jordan Carstens,Iowa State,DT,77.4,305,9.0,32.25,,5.05,28.0,28.5,106.0,4.8,8.35,
2004,Ran Carthon,Florida,RB,71.4,224,9.63,29.5,,4.45,22.0,34.5,112.0,4.12,,
2004,Marko Cavka,Sacramento State (CA),OT,79.0,294,,,,5.17,27.0,27.5,107.0,4.4,7.57,
2004,Toby Cecil,Texas Tech,C,76.0,297,9.5,30.38,,5.25,19.0,,85.0,4.98,8.31,
2004,Kirk Chambers,Stanford,OT,79.3,313,9.75,32.63,,5.51,22.0,27.0,101.0,4.4,7.56,
2004,Ahmad Childress,Alabama,DT,77.9,351,10.25,33.75,,5.32,,22.0,86.0,4.94,8.75,
2004,Brandon Chillar,UCLA,OLB,74.9,253,9.25,32.75,,4.75,23.0,33.0,115.0,4.08,,11.08
2004,Quinn Christensen,Brigham Young,OG,77.9,312,9.0,32.0,,5.1,32.0,,,,,
2004,Tyson Clabo,Wake Forest,OG,78.9,315,9.13,32.75,,5.45,24.0,30.0,100.0,4.88,8.09,
2004,Adrien Clarke,Ohio State,OG,77.0,329,10.38,32.63,,5.49,,26.0,102.0,4.74,7.9,
2004,Michael Clayton,Louisiana State,WR,74.8,209,9.13,32.38,,4.61,,32.5,116.0,4.09,6.77,11.07
2004,Cedric Cobbs,Arkansas,RB,72.1,223,9.38,31.63,,4.72,,40.0,123.0,,,
2004,Cols Colas,Virginia Tech,OLB,71.6,233,9.75,32.88,,4.59,22.0,34.5,118.0,,,
2004,Ricardo Colclough,Tusculum (TN),CB,70.6,194,9.63,31.25,,4.5,8.0,39.5,127.0,,,
2004,Erik Coleman,Washington State,FS,70.5,200,9.75,30.25,,4.62,16.0,35.5,117.0,4.14,7.03,11.29
2004,Chris Collins,Mississippi,WR,73.1,201,8.5,30.25,,4.67,,35.0,112.0,,,
2004,Chris Cooley,Utah State,TE,75.5,265,9.63,30.88,,4.86,22.0,33.0,115.0,4.19,7.21,11.09
2004,Marquis Cooper,Washington,OLB,75.3,223,9.75,32.0,,4.55,25.0,36.5,121.0,4.12,7.02,10.96
2004,Terrance Copper,East Carolina (NC),WR,71.9,208,8.88,30.63,,4.51,,35.5,116.0,4.31,7.34,11.86
2004,Jorge Cordova,Nevada,ILB,74.0,237,,,,4.68,22.0,35.5,,4.17,7.28,
2004,Jerricho Cotchery,North Carolina State,WR,72.5,212,9.5,31.0,,4.56,,36.0,121.0,3.91,6.93,10.91
2004,Regis Crawford,Arizona State,OG,74.0,316,9.63,33.13,,6.07,,,,4.86,8.03,
2004,Duron Croson,Fort Valley State (GA),RB,72.8,226,10.13,30.88,,4.84,14.0,30.5,108.0,,,
2004,Tom Crowder,Arkansas,WR,73.0,183,,,,4.45,,38.5,132.0,,,
2004,Kentrell Curry,Georgia,FS,73.0,201,9.5,32.38,,4.63,17.0,34.5,127.0,,,
2004,Lane Danielson,Iowa State,WR,73.0,197,,,,4.6,,31.0,117.0,4.07,6.73,
2004,Trey Darilek,Texas-El Paso,OG,76.0,301,,,,5.23,22.0,28.5,110.0,4.66,7.85,
2004,Devard Darling,Washington State,WR,73.1,213,9.63,32.25,,4.52,,37.0,129.0,,,
2004,Josh Davis,Nebraska,RB,70.4,200,9.13,30.63,,4.53,13.0,33.5,112.0,4.07,7.27,11.16
2004,Rod Davis,Southern Mississippi,ILB,74.0,239,9.25,31.63,,4.71,,,114.0,4.02,7.2,11.35
2004,Curtis DeLoatch,North Carolina A&T,CB,74.4,214,9.0,31.75,,4.52,10.0,35.5,120.0,4.42,6.97,11.7
2004,Mondre Dickerson,Tennessee,DT,76.1,316,9.13,32.75,,5.12,29.0,27.0,106.0,,8.34,
2004,Daryl Dixon,Florida,FS,69.6,195,8.75,31.13,,4.75,15.0,35.5,118.0,,,
2004,Darnell Dockett,Florida State,DT,75.4,297,10.0,32.13,,5.0,26.0,31.0,105.0,,,
2004,Nat Dorsey,Georgia Tech,OT,79.0,322,,,,5.46,26.0,28.5,102.0,4.89,8.3,
2004,Khiawatha Downey,Indiana (PA),OG,76.1,332,10.13,32.0,,5.47,21.0,26.5,98.0,4.82,8.01,
2004,Vontez Duff,Notre Dame,CB,70.6,203,8.63,29.63,,4.55,13.0,35.0,120.0,4.03,6.94,11.56
2004,Jeff Dugan,Maryland,TE,77.0,263,,,,5.0,21.0,28.0,109.0,4.4,7.43,
2004,Glenn Earl,Notre Dame,SS,73.1,222,9.75,32.25,,4.65,20.0,,,,,
2004,Joe Echemandu,California,RB,70.8,226,9.38,30.88,,4.58,15.0,,,,,
2004,Dwan Edwards,Oregon State,DT,74.8,313,9.63,31.88,,5.14,25.0,28.0,105.0,4.68,7.59,
2004,DeAndre Eiland,South Carolina,FS,71.5,202,9.25,31.0,,4.54,17.0,35.0,113.0,4.27,7.19,11.1
2004,Kevin Emanuel,Florida State,DE,76.0,251,,,,4.84,21.0,31.0,108.0,4.49,7.86,
2004,Tim Euhus,Oregon State,TE,77.0,260,9.5,33.38,,4.89,25.0,34.5,115.0,4.13,6.99,11.58
2004,Lee Evans,Wisconsin,WR,70.9,197,9.13,32.38,,4.41,,34.5,120.0,,,
2004,Clarence Farmer,Arizona,RB,71.9,231,8.75,31.5,,4.69,21.0,34.5,120.0,4.25,7.44,11.96
2004,Jason Fife,Oregon,QB,75.9,226,8.5,32.38,26.0,4.95,,30.5,113.0,4.18,7.28,
2004,Troy Fleming,Tennessee,FB,72.0,230,8.25,32.0,,4.67,,32.0,120.0,3.91,6.94,11.18
2004,JohnPaul Foschi,Georgia Tech,TE,75.9,266,10.13,33.25,,5.01,24.0,30.5,111.0,4.35,7.49,12.32
2004,Ryan Fowler,Duke,ILB,75.1,250,9.38,32.0,,4.76,35.0,37.5,118.0,4.19,7.19,11.62
2004,Keyaron Fox,Georgia Tech,OLB,74.4,227,9.5,32.88,,4.65,28.0,,,,,
2004,Carlos Francis,Texas Tech,WR,69.1,198,10.13,30.88,,4.31,,38.5,114.0,4.06,6.97,11.1
2004,Michael Gaines,Central Florida,TE,74.0,275,9.75,33.25,,5.07,18.0,33.0,109.0,4.18,7.44,11.93
2004,Robert Gallery,Iowa,OT,79.1,323,9.25,32.25,,4.97,24.0,30.0,105.0,4.38,7.42,
2004,Rich Gardner,Penn State,CB,70.6,199,9.13,30.63,,4.49,11.0,36.5,123.0,3.91,6.91,10.62
2004,Robert Geathers,Georgia,DE,74.9,271,9.75,34.75,,4.91,24.0,33.5,112.0,,,
2004,Ronnie Ghent,Louisville,TE,74.5,248,9.13,33.38,,5.0,11.0,27.5,103.0,4.5,7.47,12.5
2004,Roderick Green,Central Missouri,DE,74.3,245,9.88,32.38,,4.72,21.0,34.5,129.0,4.04,7.26,11.86
2004,Jabari Greer,Tennessee,CB,70.1,178,8.88,31.13,,4.51,7.0,36.5,126.0,,,
2004,Jake Grove,Virginia Tech,C,75.4,303,9.63,30.5,,5.17,31.0,,,,,
2004,D.J. Hackett,Colorado,WR,74.5,199,9.5,31.25,,4.55,,41.0,131.0,4.08,6.79,
2004,Rex Hadnot,Houston,C,74.1,323,9.88,30.75,,5.51,27.0,24.5,91.0,4.66,7.94,
2004,Antonio Hall,Kentucky,OG,75.4,317,10.13,31.13,,5.53,27.0,26.5,101.0,4.55,8.12,
2004,DeAngelo Hall,Virginia Tech,CB,70.0,202,9.75,31.38,,4.36,,,,,,
2004,Nick Hardwick,Purdue,C,75.5,295,9.75,32.88,,5.2,27.0,34.0,108.0,4.55,7.72,
2004,Jonathan Harrell,Northern Iowa,OLB,73.5,242,9.38,31.5,,4.73,27.0,,,,,
2004,Claude Harriott,Pittsburgh,DE,75.6,252,9.0,33.0,,4.71,25.0,30.5,118.0,4.25,7.44,11.85
2004,Josh Harris,Bowling Green (OH),QB,73.5,238,8.88,31.5,25.0,4.84,,31.0,115.0,,,
2004,Tommie Harris,Oklahoma,DT,74.5,295,9.5,32.0,,4.68,29.0,,,,,
2004,Ben Hartsock,Ohio State,TE,76.0,263,9.75,31.5,,4.81,23.0,35.0,117.0,3.98,7.1,11.72
2004,Joseph Hayes,San Jose State,OG,76.4,311,10.13,33.38,,5.65,18.0,23.0,94.0,5.12,8.25,
2004,Bryan Hickman,Kansas State,OLB,72.1,231,9.13,31.0,,4.71,26.0,32.5,106.0,4.0,7.38,
2004,Marquise Hill,Louisiana State,DE,78.6,305,10.13,34.75,,4.9,23.0,29.0,106.0,,,
2004,Cedric Hilliard,Notre Dame,DT,73.5,307,10.38,32.0,,5.17,26.0,29.0,110.0,4.75,8.22,
2004,Isaac Hilton,Hampton (VA),DE,75.4,267,9.75,32.0,,4.6,31.0,36.5,123.0,4.48,7.99,12.51
2004,T.J. Hollowell,Nebraska,OLB,72.4,235,9.25,31.75,,4.57,,33.5,117.0,4.09,7.14,11.25
2004,Von Hutchins,Mississippi,CB,69.6,185,9.38,31.5,,4.5,11.0,34.5,115.0,4.06,7.05,11.31
2004,Scott Jackson,Brigham Young,C,76.1,300,10.13,32.25,,4.94,28.0,30.5,105.0,4.52,7.84,
2004,Justin Jenkins,Mississippi State,WR,71.5,213,9.38,30.38,,4.6,,35.0,123.0,4.16,7.47,
2004,Leon Joe,Maryland,OLB,72.5,230,9.13,33.38,,4.51,30.0,39.0,,,,
2004,Landon Johnson,Purdue,OLB,74.0,223,,,,4.65,20.0,37.5,120.0,4.08,7.01,
2004,Spencer Johnson,Auburn,DT,74.9,286,9.0,33.0,,5.12,19.0,30.0,111.0,4.53,7.78,
2004,Tank Johnson,Washington,DT,74.8,304,9.63,32.63,,4.74,31.0,34.0,114.0,4.6,7.56,
2004,Tony Johnson,Penn State,WR,70.6,202,9.38,30.25,,4.61,,32.5,118.0,4.16,7.16,11.41
2004,Trevor Johnson,Nebraska,DE,76.6,260,9.88,33.0,,4.81,23.0,35.5,110.0,4.08,7.06,11.3
2004,Adrian Jones,Kansas,OT,76.3,296,9.13,34.75,,4.95,27.0,31.0,114.0,4.58,7.81,
2004,Julius Jones,Notre Dame,RB,69.8,217,9.25,31.13,,4.46,,37.5,121.0,4.12,6.97,
2004,Kevin Jones,Virginia Tech,RB,72.1,227,8.63,30.88,,4.38,,38.0,120.0,,,
2004,Maurice Jones,South Florida,OLB,72.8,249,9.13,33.63,,4.72,26.0,35.5,118.0,4.21,7.16,11.75
2004,Randy Jordan,Kansas State,CB,72.8,178,8.88,29.88,,4.61,,33.5,115.0,4.21,7.34,11.74
2004,Carlos Joseph,Miami (FL),OT,77.9,345,10.13,34.0,,5.25,29.0,,,,,
2004,Mike Karney,Arizona State,FB,71.4,254,9.25,29.25,,5.02,25.0,30.0,103.0,,,
2004,Tommy Kelly,Mississippi State,DE,78.0,294,,,,4.87,24.0,25.0,105.0,4.45,7.79,
2004,Robert Kent,Jackson State (MS),QB,76.3,222,8.88,33.63,,4.85,,26.5,110.0,4.22,7.69,
2004,Derrick Knight,Boston College,RB,68.8,209,8.75,29.0,,4.73,16.0,31.5,108.0,,,
2004,Niko Koutouvides,Purdue,ILB,74.5,244,8.88,31.88,,4.73,,30.5,108.0,3.88,6.98,11.23
2004,Craig Krenzel,Ohio State,QB,75.5,228,9.13,32.75,38.0,4.84,,28.0,112.0,4.08,7.22,
2004,Travis Laboy,Hawaii,DE,75.3,263,9.5,32.75,,4.71,35.0,35.5,126.0,4.07,7.01,10.96
2004,Nate Lawrie,Yale,TE,78.0,264,,,,4.87,23.0,34.0,117.0,4.12,6.71,
2004,Nick Leckey,Kansas State,C,74.9,290,9.75,32.25,,5.23,18.0,27.0,97.0,4.47,7.71,
2004,Teddy Lehman,Oklahoma,OLB,73.5,240,8.38,31.38,,4.55,26.0,34.5,113.0,4.06,6.91,10.98
2004,Brad Lekkerkerker,UC-Davis,OT,79.0,317,9.5,32.88,,5.39,23.0,27.5,102.0,4.71,7.94,
2004,Rodney Leslie,UCLA,DT,75.0,309,,,,5.15,31.0,,,,,
2004,Jeremy LeSueur,Michigan,CB,72.0,197,9.25,32.25,,4.55,,35.0,116.0,,,
2004,Alex Lewis,Wisconsin,OLB,71.8,227,9.5,32.5,,4.72,25.0,34.5,121.0,4.28,7.06,12.11
2004,Keith Lewis,Oregon,FS,72.5,204,9.0,31.75,,4.58,11.0,37.0,121.0,4.07,7.28,
2004,Sean Locklear,North Carolina State,OG,76.0,308,10.0,31.75,,5.19,27.0,29.0,100.0,4.56,7.85,
2004,J.P. Losman,Tulane (LA),QB,74.3,224,9.0,31.5,31.0,4.7,,33.0,116.0,,,
2004,Triandos Luke,Alabama,WR,71.0,199,9.88,31.75,,4.43,,38.0,124.0,4.17,7.06,11.08
2004,Maurice Mann,Nevada,WR,74.0,191,,,,4.57,,34.0,118.0,,,
2004,Eli Manning,Mississippi,QB,76.8,221,9.13,30.25,39.0,4.9,,,,,,
2004,Luke McCown,Louisiana Tech,QB,75.9,208,9.38,31.38,24.0,4.71,,37.5,125.0,4.21,6.74,
2004,Derek McCoy,Colorado,WR,75.3,210,9.25,32.13,,4.73,,38.0,128.0,4.09,7.1,11.72
2004,Bobby McCray,Florida,DE,77.8,255,9.63,33.63,,4.68,27.0,33.5,,,,
2004,Dylan McFarland,Montana,OT,77.9,304,9.38,32.5,,5.26,31.0,27.5,98.0,,,
2004,Sean McHugh,Penn State,TE,77.1,264,9.5,31.75,,4.92,18.0,29.0,115.0,4.09,7.36,11.72
2004,Jeris McIntyre,Auburn,WR,71.3,203,8.5,29.38,,4.51,,29.0,112.0,4.08,6.98,11.5
2004,Nautyn McKay-Loescher,Alabama,DE,74.0,260,,,,4.75,,,,,7.27,
2004,Caleb Miller,Arkansas,ILB,75.3,224,9.0,33.25,,4.71,23.0,34.5,120.0,3.93,6.85,10.95
2004,Jim Molinaro,Notre Dame,OT,77.9,308,10.0,32.38,,5.09,21.0,29.5,105.0,4.6,7.75,
2004,Clarence Moore,Northern Arizona,WR,78.0,211,,,,4.55,,34.0,122.0,4.21,6.84,
2004,Mewelde Moore,Tulane (LA),RB,70.6,209,9.88,30.13,,4.62,,35.0,118.0,4.12,7.05,11.52
2004,Johnnie Morant,Syracuse,WR,76.0,229,9.38,34.38,,4.54,,41.0,130.0,4.22,7.34,
2004,John Navarre,Michigan,QB,78.0,246,9.0,31.38,24.0,5.18,,26.5,100.0,4.46,7.73,
2004,James Newson,Oregon State,WR,72.8,213,8.75,31.13,,4.85,,31.5,116.0,,7.41,
2004,Gabe Nyenhuis,Colorado,DE,75.3,269,9.38,33.38,,4.78,25.0,39.0,124.0,4.03,6.92,11.59
2004,Antwan Odom,Alabama,DE,77.8,274,10.25,35.75,,4.74,21.0,37.0,114.0,4.44,7.3,
2004,Shane Olivea,Ohio State,OT,74.9,302,8.5,30.88,,5.25,,29.0,92.0,4.71,8.25,
2004,Igor Olshansky,Oregon,DT,77.3,315,9.0,31.63,,5.01,41.0,33.5,110.0,4.41,7.61,
2004,Uyi Osunde,Connecticut,DE,75.1,252,9.38,33.0,,4.75,33.0,,,,,
2004,Tony Pape,Michigan,OT,78.1,323,10.13,32.5,,5.35,26.0,27.0,97.0,4.6,8.01,
2004,Arnold Parker,Utah,SS,73.9,213,8.75,32.38,,4.52,18.0,35.5,120.0,4.12,6.98,11.28
2004,Samie Parker,Oregon,WR,70.4,179,8.88,28.25,,4.39,,36.0,,,,
2004,Josh Parrish,Washington State,OT,77.9,330,10.25,33.0,,5.39,20.0,28.0,104.0,4.61,8.24,
2004,Jarrett Payton,Miami (FL),RB,72.1,220,8.88,30.75,,4.61,,31.0,115.0,4.31,7.34,
2004,Chris Perry,Michigan,RB,72.0,224,10.25,31.38,,4.55,19.0,,,,,
2004,Stephen Peterman,Louisiana State,OG,76.0,312,10.13,31.88,,5.45,23.0,24.5,95.0,4.68,7.87,
2004,Jason Peters,Arkansas,TE,76.5,336,9.38,33.13,,4.99,21.0,29.0,115.0,4.75,7.7,
2004,Shaun Phillips,Purdue,DE,75.1,255,9.0,33.63,,4.83,,33.0,114.0,4.23,6.95,11.5
2004,Cody Pickett,Washington,QB,75.5,233,9.63,31.38,19.0,4.8,,30.5,109.0,4.3,7.19,
2004,Brett Pierce,Stanford,TE,78.0,250,,,,4.95,19.0,27.0,103.0,4.39,7.15,
2004,Lousaka Polite,Pittsburgh,FB,71.6,246,9.13,31.0,,4.65,28.0,32.0,117.0,4.18,7.45,11.56
2004,Will Poole,Southern California,CB,70.4,194,10.0,30.5,,4.47,16.0,,,,,
2004,Derrick Pope,Alabama,OLB,70.9,230,9.63,31.0,,4.69,24.0,,106.0,,,
2004,Kendyll Pope,Florida State,OLB,73.0,226,9.25,31.5,,4.71,,,118.0,4.26,,11.72
2004,Etric Pruitt,Southern Mississippi,FS,72.1,197,8.88,31.88,,4.59,,39.5,116.0,4.0,7.15,11.3
2004,Chad Pugh,Texas Christian,DT,74.8,321,10.13,32.5,,5.44,19.0,25.0,98.0,4.85,8.17,
2004,Keiwan Ratliff,Florida,CB,70.1,194,9.5,30.5,,4.58,11.0,,,,,
2004,Alan Reuber,Texas A&M,OG,78.3,323,9.88,33.25,,5.52,26.0,29.0,98.0,4.91,7.95,
2004,Robert Reynolds,Ohio State,ILB,75.5,251,9.5,31.0,,4.79,18.0,32.5,116.0,3.94,7.17,11.46
2004,Lawrence Richardson,Arkansas,CB,69.3,194,8.5,30.88,,4.63,8.0,31.0,112.0,,,
2004,Greg Richmond,Oklahoma State,OLB,73.0,233,9.75,31.5,,4.7,17.0,,,,,
2004,Brian Rimpf,East Carolina (NC),OT,77.6,319,9.13,32.63,,5.4,31.0,28.0,105.0,4.66,7.97,
2004,Scott Rislov,San Jose State,QB,73.0,224,9.25,31.13,,4.94,,30.0,119.0,4.34,7.44,
2004,Constantin Ritzmann,Tennessee,DE,75.0,259,,,,4.97,24.0,29.0,108.0,4.48,7.39,
2004,Philip Rivers,North Carolina State,QB,77.0,229,9.25,32.13,30.0,5.08,,,,,,
2004,Dunta Robinson,South Carolina,CB,70.6,186,9.25,30.63,,4.35,15.0,36.0,120.0,3.75,6.97,
2004,Ben Roethlisberger,Miami (OH),QB,76.9,241,9.38,31.5,25.0,4.75,,,,,,
2004,Jacob Rogers,Southern California,OT,78.1,307,9.5,33.25,,5.3,30.0,,,,,
2004,Fred Russell,Iowa,RB,67.0,195,8.25,28.88,,4.51,21.0,34.0,121.0,4.3,7.09,11.2
2004,Rod Rutherford,Pittsburgh,QB,73.6,240,9.38,30.38,17.0,4.79,,30.5,110.0,4.41,7.66,
2004,Sean Ryan,Boston College,TE,76.5,268,10.38,33.0,,4.97,22.0,32.5,115.0,,,
2004,P.K. Sam,Florida State,WR,75.4,210,8.25,31.38,,4.53,,34.5,,,7.04,11.43
2004,Bob Sanders,Iowa,SS,68.4,204,8.88,29.75,,4.4,15.0,41.5,128.0,3.91,6.7,10.77
2004,Matt Schaub,Virginia,QB,77.6,243,9.38,31.38,30.0,5.05,,30.5,110.0,4.62,7.65,
2004,Bo Schobel,Texas Christian,DE,77.0,271,10.0,32.25,,4.82,25.0,32.5,109.0,4.38,6.94,
2004,Stuart Schweigert,Purdue,FS,74.0,218,9.5,31.75,,4.45,18.0,38.0,124.0,3.89,6.68,10.84
2004,Darrion Scott,Ohio State,DE,75.1,289,9.88,32.75,,4.84,,36.5,118.0,4.32,,
2004,Guss Scott,Florida,SS,70.4,204,8.88,31.0,,4.49,20.0,39.0,124.0,,,
2004,Jake Scott,Idaho,OT,76.9,281,9.88,32.75,,5.04,24.0,34.5,110.0,4.68,7.96,
2004,Richard Seigler,Oregon State,ILB,74.3,244,8.88,30.75,,4.75,25.0,,,,,
2004,Josh Sewell,Nebraska,C,73.6,301,9.75,31.25,,5.06,30.0,30.0,99.0,4.24,7.53,
2004,Jason Shivers,Arizona State,FS,72.5,201,8.5,30.63,,4.53,19.0,36.0,128.0,,,
2004,Andrew Shull,Kansas State,DE,76.6,265,8.5,32.13,,4.95,16.0,30.5,107.0,4.28,7.46,
2004,Junior Siavii,Oregon,DT,76.5,344,11.0,34.63,,5.18,31.0,24.5,93.0,4.84,7.93,
2004,Kurt Sigler,Eastern Washington,C,77.0,306,,,,5.84,,24.0,93.0,4.72,8.09,
2004,Justin Smiley,Alabama,OG,75.3,298,10.0,31.63,,5.0,19.0,32.0,111.0,4.41,7.72,
2004,Antonio Smith,Oklahoma State,DE,75.4,274,10.13,33.5,,5.05,24.0,33.0,108.0,4.75,,
2004,Daryl Smith,Georgia Tech,OLB,73.6,234,9.75,33.13,,4.67,24.0,,,,,
2004,Freddie Smith,Georgia Tech,WR,73.6,234,9.75,33.13,,4.79,24.0,32.5,114.0,4.4,,
2004,Keith Smith,McNeese State (LA),CB,71.5,201,9.0,30.25,,4.49,12.0,36.5,116.0,,,
2004,Jeff Smoker,Michigan State,QB,75.1,223,9.88,29.5,23.0,4.95,,26.5,101.0,4.36,7.65,
2004,Chris Snee,Boston College,OG,74.8,314,9.25,31.38,,5.1,29.0,30.5,104.0,4.66,7.75,
2004,Shannon Snell,Florida,OG,76.4,316,9.63,33.13,,5.8,21.0,25.5,93.0,4.91,8.38,
2004,Isaac Sopoaga,Hawaii,DT,74.3,317,11.0,33.5,,5.0,42.0,30.5,99.0,4.66,7.79,
2004,Cody Spencer,North Texas,ILB,74.5,242,9.75,31.63,,4.67,27.0,34.5,116.0,4.08,6.94,11.52
2004,John Standeford,Purdue,WR,75.1,197,9.0,31.5,,4.63,,32.5,113.0,4.08,6.9,11.46
2004,Max Starks,Florida,OT,79.0,350,10.75,35.5,,5.43,21.0,27.5,98.0,4.65,7.88,
2004,Randy Starks,Maryland,DT,75.4,314,10.38,33.5,,5.03,27.0,29.5,102.0,,,
2004,Kendrick Starling,San Jose State,WR,72.6,193,8.25,31.5,,4.5,,31.5,119.0,3.87,6.88,10.8
2004,Alex Stepanovich,Ohio State,C,75.4,304,10.13,31.5,,5.26,,25.5,96.0,4.44,7.64,
2004,Drew Strojny,Duke,OT,79.1,327,9.25,32.75,,5.38,,29.5,99.0,4.84,7.98,
2004,Billy Strother,New Mexico,OLB,73.0,241,,,,4.68,,33.0,112.0,4.21,7.42,
2004,Thomas Tapeh,Minnesota,FB,73.4,245,9.13,31.5,,4.77,23.0,32.5,114.0,4.52,7.65,12.1
2004,Greg Taplin,Michigan State,DE,77.0,267,,,,5.09,,33.0,115.0,,,
2004,Craig Terrill,Purdue,DT,74.5,290,9.5,32.63,,5.23,28.0,26.5,100.0,4.1,7.39,
2004,Jeb Terry,North Carolina,OG,77.3,313,10.0,32.38,,5.18,27.0,29.0,105.0,4.98,8.03,
2004,Dontarrious Thomas,Auburn,OLB,74.5,241,9.5,32.25,,4.64,26.0,38.5,129.0,4.0,,11.57
2004,Joey Thomas,Montana State,CB,72.9,195,9.13,31.88,,4.46,17.0,38.5,122.0,3.88,6.82,11.08
2004,Chris Thompson,Nicholls State (LA),CB,72.0,189,9.0,30.5,,4.5,12.0,35.0,117.0,4.14,7.09,11.26
2004,Bruce Thornton,Georgia,CB,71.0,197,,,,4.5,,37.5,122.0,,,
2004,Andrae Thurman,Southern Oregon,WR,71.3,192,8.88,30.88,,4.53,,34.5,121.0,4.3,7.31,11.66
2004,Deryck Toles,Penn State,OLB,71.8,224,9.25,31.88,,4.62,24.0,37.0,112.0,4.23,7.12,11.58
2004,Reggie Torbor,Auburn,DE,74.1,254,9.88,32.88,,4.7,16.0,34.0,120.0,4.46,7.48,11.99
2004,Daryl Towns,Nevada,OLB,73.0,224,,,,4.57,,37.0,112.0,4.25,7.15,
2004,Marcus Tubbs,Texas,DT,76.0,321,9.0,33.63,,5.05,29.0,32.5,105.0,,,
2004,Sean Tufts,Colorado,OLB,76.1,242,9.25,32.25,,4.66,21.0,34.5,118.0,3.94,6.94,11.27
2004,Michael Turner,Northern Illinois,RB,70.5,237,9.63,29.38,,4.49,22.0,31.0,114.0,4.15,7.5,
2004,Bradlee Van Pelt,Colorado State,QB,74.3,231,9.63,30.63,25.0,4.96,,33.5,115.0,4.11,6.89,
2004,Khaleed Vaughn,Clemson,DE,76.5,281,9.0,33.75,,5.02,14.0,31.5,113.0,4.35,7.38,
2004,Michael Waddell,North Carolina,CB,70.9,187,8.88,30.0,,4.33,14.0,37.5,121.0,4.03,6.84,11.2
2004,Alex Wade,Duke,FB,72.4,248,10.13,32.0,,4.97,22.0,32.5,114.0,4.41,7.5,11.91
2004,Mike Walker,Minnesota-Morris,TE,76.0,254,9.38,29.88,,4.8,19.0,30.0,106.0,4.35,7.51,12.18
2004,Matt Ware,UCLA,FS,74.4,209,10.0,31.88,,4.54,15.0,,,,,
2004,Donnell Washington,Clemson,DT,77.5,332,9.88,36.38,,5.03,34.0,31.0,109.0,4.88,7.8,
2004,Rashad Washington,Kansas State,FS,74.1,223,8.88,31.75,,4.61,14.0,34.0,116.0,4.02,7.06,11.44
2004,Ben Watson,Georgia,TE,75.5,258,10.13,32.75,,4.52,34.0,35.5,123.0,4.11,7.38,11.91
2004,Courtney Watson,Notre Dame,OLB,73.4,237,9.25,31.5,,4.56,22.0,36.5,114.0,4.35,7.39,11.95
2004,Scott Wells,Tennessee,C,73.9,300,9.75,31.63,,5.26,31.0,31.0,109.0,4.35,7.56,
2004,Travelle Wharton,South Carolina,OT,75.6,312,10.13,32.25,,5.12,,31.5,105.0,4.58,8.31,
2004,Ernest Wilford,Virginia Tech,WR,75.6,226,9.5,32.75,,4.76,,40.5,130.0,4.17,,
2004,Vince Wilfork,Miami (FL),DT,73.3,323,9.63,32.5,,5.21,36.0,,,,,
2004,Corey Williams,Arkansas State,DT,76.0,313,,,,5.18,25.0,28.0,,4.55,7.97,
2004,Demorrio Williams,Nebraska,OLB,72.8,232,8.25,32.63,,4.54,16.0,37.0,125.0,4.11,7.02,11.2
2004,Madieu Williams,Maryland,FS,72.4,193,8.75,31.5,,4.5,18.0,,125.0,,,
2004,Quintin Williams,Wake Forest,FS,71.5,207,9.25,31.13,,4.61,21.0,37.0,122.0,4.09,7.28,11.61
2004,Shaud Williams,Alabama,RB,67.5,193,9.0,28.38,,4.71,15.0,34.0,114.0,4.15,7.01,11.4
2004,Virgil Williams,Washington State,SS,72.9,196,8.38,30.13,,4.66,11.0,,,,,
2004,Keith Willis,Virginia Tech,TE,77.8,260,9.13,33.88,,5.03,21.0,,114.0,4.44,7.33,11.91
2004,George Wilson,Arkansas,WR,72.1,213,9.25,31.75,,4.6,,35.0,120.0,3.98,7.07,11.07
2004,Gibril Wilson,Tennessee,SS,72.1,197,8.5,32.0,,4.47,15.0,,120.0,,,
2004,Kris Wilson,Pittsburgh,TE,74.0,248,,,,4.62,24.0,35.0,119.0,4.13,6.89,
2004,Mark Wilson,California,OT,78.8,314,10.13,33.13,,5.38,24.0,28.5,108.0,4.49,7.53,
2004,Quincy Wilson,West Virginia,RB,69.4,225,9.38,29.63,,4.6,26.0,33.5,118.0,4.36,7.68,11.93
2004,Travis Wilson,Kansas State,FB,75.5,256,9.63,29.5,,4.85,25.0,33.0,109.0,4.36,7.56,12.18
2004,Marcus Winn,Alabama State,SS,72.3,223,9.75,31.5,,4.86,21.0,,,,,
2004,Kellen Winslow,Miami (FL),TE,75.9,251,9.88,32.13,,4.62,24.0,,120.0,,,
2004,Jeff Womble,Florida State,DT,73.4,313,9.5,31.13,,5.36,18.0,28.0,,,,
2004,Rashaun Woods,Oklahoma State,WR,74.1,202,10.13,32.0,,4.54,,39.0,125.0,3.97,6.93,11.26
2004,Renaldo Works,Oklahoma,RB,72.0,222,9.63,31.13,,4.72,21.0,30.5,115.0,4.09,7.25,11.54
2004,Jason Wright,Northwestern,RB,70.4,210,9.25,30.0,,4.66,,30.0,111.0,4.12,7.35,11.78
2004,Dexter Wynn,Colorado State,CB,69.3,175,8.25,28.88,,4.49,13.0,39.0,123.0,3.9,6.7,
2003,Khalid Abdullah,Mars Hill (NC),OLB,74.1,227,9.5,31.63,,4.63,26.0,36.5,126.0,4.17,7.13,11.26
2003,Anthony Adams,Penn State,DT,71.6,299,9.0,31.5,,5.1,,30.5,109.0,4.57,7.67,
2003,Sam Aiken,North Carolina,WR,73.9,209,10.0,31.25,,4.64,,39.5,121.0,,7.22,
2003,Nnamdi Asomugha,California,CB,74.4,213,9.63,32.25,,4.5,16.0,37.5,124.0,,,
2003,Rod Babers,Texas,CB,68.8,192,9.5,31.5,,4.46,15.0,37.0,127.0,4.06,6.82,
2003,Boss Bailey,Georgia,OLB,75.1,233,9.75,32.5,,4.58,,42.0,135.0,,,
2003,Brad Banks,Iowa,QB,70.8,201,9.5,31.5,13.0,4.67,,33.5,112.0,,,
2003,Korey Banks,Mississippi State,CB,69.9,188,9.75,30.25,,4.59,15.0,,,,,
2003,Tully Banta-Cain,California,DE,74.1,264,9.75,31.5,,4.79,25.0,,,,,
2003,Nick Barnett,Oregon State,OLB,73.6,236,9.38,31.88,,4.69,32.0,34.5,123.0,4.07,6.97,11.23
2003,Justin Bates,Colorado,OG,75.9,300,10.0,32.25,,5.46,18.0,,,,,
2003,Solomon Bates,Arizona State,ILB,73.4,243,8.63,32.0,,4.88,19.0,30.0,112.0,4.32,7.22,11.63
2003,Arnaz Battle,Notre Dame,WR,73.0,217,,,,4.58,,35.0,117.0,4.06,6.74,
2003,Santonio Beard,Alabama,RB,71.6,222,9.25,31.25,,4.59,,31.5,119.0,,,
2003,Ronald Bellamy,Michigan,WR,72.0,208,9.25,32.5,,4.57,,30.5,119.0,4.09,7.37,11.58
2003,Sean Berton,North Carolina State,TE,76.4,279,9.75,31.38,,5.04,,31.0,107.0,4.35,7.18,11.71
2003,Jordan Black,Notre Dame,OT,77.9,314,10.0,33.0,,5.21,,30.0,106.0,4.47,7.65,
2003,Josh Blankenship,Tulsa (OK),QB,74.0,211,,,24.0,5.16,,28.5,103.0,4.42,7.59,
2003,Anquan Boldin,Florida State,WR,72.6,216,9.88,30.0,,4.73,,33.5,114.0,4.25,7.35,11.9
2003,Kyle Boller,California,QB,75.0,234,9.75,32.63,27.0,4.65,,35.5,117.0,3.99,7.19,
2003,Colin Branch,Stanford,FS,71.8,203,9.5,31.25,,4.43,22.0,36.0,119.0,,,
2003,Tyler Brayton,Colorado,DE,78.1,277,9.63,34.0,,4.78,25.0,34.0,116.0,4.24,7.13,
2003,Jeremy Bridges,Southern Mississippi,OG,76.1,301,9.5,34.0,,5.45,25.0,28.5,96.0,4.74,8.12,
2003,Lance Briggs,Arizona,ILB,72.6,242,9.5,31.0,,4.78,25.0,33.0,113.0,,,
2003,Lucas Brigman,Nebraska-Omaha,C,72.4,308,10.13,29.5,,5.44,26.0,27.0,101.0,4.6,7.99,
2003,Chris Brown,Hawaii,FS,73.0,195,9.13,29.0,,4.59,15.0,35.5,126.0,4.13,7.05,
2003,Mark Brown,Auburn,ILB,72.4,238,9.75,30.75,,4.85,,37.5,121.0,4.17,7.35,11.7
2003,D Bryant,Duke,QB,74.0,218,8.88,30.5,23.0,4.78,,35.5,114.0,4.34,7.36,
2003,Nate Burleson,Nevada,WR,73.0,197,,,,4.51,,42.5,126.0,4.16,6.96,
2003,Nick Burley,Frenso State (CA),DE,75.6,243,9.0,30.75,,4.82,26.0,32.0,108.0,4.56,7.72,
2003,Curry Burns,Louisville,SS,72.4,216,9.63,31.0,,4.55,19.0,36.0,120.0,4.1,7.03,11.31
2003,Tyrone Calico,Middle Tennessee State,WR,75.8,223,9.63,34.38,,4.36,,38.0,127.0,4.2,6.72,10.99
2003,Kerry Carter,Stanford,RB,73.9,238,9.25,32.0,,4.67,20.0,36.0,118.0,4.34,7.28,11.28
2003,Dallas Clark,Iowa,TE,75.4,257,10.13,32.0,,4.65,,37.5,123.0,,,
2003,Ben Claxton,Mississippi,C,74.6,301,9.75,31.0,,5.34,,27.0,102.0,4.65,7.81,
2003,Chris Clemons,Georgia,OLB,75.0,236,9.5,32.25,,4.64,18.0,35.0,116.0,4.58,7.47,12.08
2003,Avon Cobourne,West Virginia,RB,67.5,205,9.38,29.38,,4.7,21.0,31.5,112.0,4.12,7.2,11.69
2003,Colin Cole,Iowa,DT,73.6,309,9.5,32.38,,5.28,29.0,31.0,103.0,4.67,7.84,
2003,Torrie Cox,Pittsburgh,CB,69.3,181,8.88,29.5,,4.55,,32.0,119.0,4.15,6.96,10.89
2003,Angelo Crowell,Virginia,ILB,72.4,236,10.13,30.63,,4.71,25.0,32.5,,4.26,7.07,
2003,Dan Curley,Eastern Washington,TE,76.0,254,9.25,32.5,,4.68,17.0,35.5,118.0,4.44,7.47,12.32
2003,Brennan Curtin,Notre Dame,OT,81.1,318,9.25,33.5,,5.3,,32.0,100.0,4.84,7.97,
2003,Kevin Curtis,Utah State,WR,71.1,186,9.38,30.38,,4.46,,36.0,122.0,3.96,6.75,10.69
2003,Anthony Davis,Virginia Tech,OG,76.4,329,9.63,32.75,,5.41,,27.5,95.0,4.91,8.25,
2003,Chris Davis,Syracuse,FB,71.5,235,8.88,30.25,,4.55,21.0,38.5,116.0,4.34,7.23,
2003,Domanick Davis,Louisiana State,RB,69.0,213,9.0,30.0,,4.64,22.0,32.5,112.0,4.46,7.31,11.86
2003,Sammy Davis,Texas A&M,CB,71.8,186,9.13,30.63,,4.45,19.0,40.0,131.0,,7.0,
2003,Enoch DeMar,Indiana,OG,75.9,334,9.63,34.75,,5.67,22.0,22.5,90.0,5.08,8.35,
2003,Dahrran Diedrick,Nebraska,RB,72.1,228,9.75,30.0,,4.65,19.0,37.0,117.0,4.42,7.3,12.1
2003,David Diehl,Illinois,OG,78.0,310,,,,5.26,22.0,28.0,96.0,4.97,8.1,
2003,Robbie Doane,Texas,OG,78.1,311,9.5,32.63,,5.42,,24.5,85.0,4.73,8.01,
2003,Derrick Dockery,Texas,OG,78.0,347,10.13,35.13,,5.58,,25.0,92.0,,,
2003,Charles Drake,Michigan,FS,73.0,205,8.88,30.25,,4.52,20.0,,,,,
2003,Brandon Drumm,Colorado,FB,73.4,233,8.75,30.38,,4.74,21.0,32.5,113.0,4.24,7.18,11.59
2003,LaTarence Dunbar,Texas Christian,WR,70.8,196,9.0,30.0,,4.54,,34.0,122.0,4.3,7.39,11.61
2003,Nick Eason,Clemson,DT,75.3,301,9.5,33.0,,5.14,29.0,,102.0,,,
2003,Justin Fargas,Southern California,RB,72.9,219,9.75,31.0,,4.41,27.0,,137.0,,,
2003,Gus Felder,Penn State,OG,74.9,324,9.88,33.13,,5.9,,23.5,94.0,5.48,9.09,
2003,Drayton Florence,Tuskegee (AL),CB,72.3,198,9.25,30.5,,4.42,18.0,35.0,124.0,,,
2003,Anthony Floyd,Louisville,FS,69.5,202,8.88,29.5,,4.6,19.0,33.5,117.0,4.18,7.09,11.22
2003,Lawrence Flugence,Texas Tech,ILB,73.1,239,10.25,31.5,,4.86,23.0,34.0,106.0,4.34,7.4,11.72
2003,George Foster,Georgia,OT,77.4,338,10.0,34.75,,5.23,,27.0,100.0,,,
2003,Aubrayo Franklin,Tennessee,DT,73.5,307,10.5,31.38,,5.2,,27.0,100.0,4.7,,
2003,Makoa Freitas,Arizona,OG,76.0,307,8.75,30.75,,5.1,36.0,24.5,95.0,4.86,8.22,
2003,Doug Gabriel,Central Florida,WR,74.3,213,9.88,32.5,,4.56,,35.5,116.0,4.15,7.03,11.24
2003,Ahmaad Galloway,Alabama,RB,71.8,223,9.0,30.75,,4.65,22.0,,,,,
2003,Talman Gardner,Florida State,WR,72.6,205,8.13,30.25,,4.47,,34.5,116.0,4.41,7.53,11.61
2003,Kevin Garrett,Southern Methodist (TX),CB,69.4,194,8.75,31.38,,4.32,,35.0,129.0,3.96,6.89,11.0
2003,Tony Gilbert,Georgia,ILB,71.9,251,9.38,29.38,,4.86,19.0,27.5,109.0,,,
2003,Jason Goss,Texas Christian,CB,70.0,183,8.75,29.88,,4.72,15.0,32.5,117.0,4.24,7.46,11.88
2003,Earnest Graham,Florida,RB,69.1,225,9.5,31.0,,4.5,22.0,,,,,
2003,Brandon Green,Rice (TX),DE,75.0,267,,,,4.78,19.0,32.0,105.0,4.32,7.23,
2003,Jamaal Green,Miami (FL),DE,74.9,243,9.75,34.0,,4.78,27.0,35.5,119.0,,,
2003,Quentin Griffin,Oklahoma,RB,67.0,195,9.25,30.0,,4.49,21.0,38.0,123.0,4.02,,10.94
2003,Justin Griffith,Mississippi State,FB,71.3,232,9.5,30.5,,4.63,29.0,32.0,113.0,4.59,7.71,12.13
2003,DeJuan Groce,Nebraska,CB,69.6,192,9.5,28.75,,4.54,18.0,36.0,118.0,3.96,6.81,10.77
2003,Jordan Gross,Utah,OT,76.5,300,9.88,33.25,,5.05,28.0,31.5,112.0,4.34,7.69,
2003,Rex Grossman,Florida,QB,73.0,217,9.25,29.25,29.0,5.06,,,,,,
2003,Mario Haggan,Mississippi State,ILB,74.6,252,9.63,32.88,,4.84,21.0,33.0,110.0,4.38,7.54,12.2
2003,Ken Hamlin,Arkansas,FS,74.5,209,8.88,31.75,,4.6,16.0,33.0,117.0,3.92,6.78,11.2
2003,Omari Hand,Tennessee,DE,75.8,267,10.75,33.88,,4.85,34.0,,,,,
2003,Byron Hardmon,Florida,ILB,73.0,232,10.13,32.75,,4.78,17.0,32.5,115.0,4.36,7.55,12.18
2003,Kwame Harris,Stanford,OT,79.0,310,10.63,34.25,,5.22,,35.5,107.0,4.58,7.97,
2003,Gerald Hayes,Pittsburgh,ILB,72.9,238,9.25,30.75,,4.75,,30.5,107.0,4.35,7.57,12.08
2003,Michael Haynes,Penn State,DE,75.6,281,9.5,33.0,,4.89,23.0,30.5,109.0,,,
2003,E.J. Henderson,Maryland,ILB,72.9,245,10.0,32.75,,4.8,20.0,,,,,
2003,Dwone Hicks,Middle Tennessee State,RB,69.6,222,9.5,30.0,,4.6,29.0,34.0,115.0,4.37,7.38,11.61
2003,Zach Hilton,North Carolina,TE,79.8,262,10.0,32.13,,4.83,24.0,35.0,112.0,4.29,7.25,11.84
2003,Ryan Hoag,Gustavus Adolphus (MN),WR,74.0,200,,,,4.51,,38.0,125.0,3.95,6.72,
2003,Victor Hobson,Michigan,ILB,72.5,252,10.0,32.5,,4.88,29.0,33.0,117.0,4.32,7.25,11.5
2003,Montrae Holland,Florida State,OG,73.5,333,10.5,32.5,,5.3,30.0,,,5.12,8.45,
2003,Terrence Holt,North Carolina State,FS,73.8,208,9.38,31.25,,4.63,13.0,34.5,122.0,3.97,6.99,11.31
2003,Raymond House,Arkansas,DE,74.4,277,10.13,32.88,,5.14,20.0,32.0,120.0,4.32,7.53,
2003,Keenan Howry,Oregon,WR,69.6,178,8.88,29.25,,4.62,,31.5,114.0,4.24,7.34,11.56
2003,Aaron Hunt,Texas Tech,DE,74.5,267,9.25,32.0,,4.84,24.0,30.0,106.0,4.48,7.68,
2003,Wayne Hunter,Hawaii,OT,77.6,303,11.25,33.0,,5.16,37.0,31.0,104.0,4.54,7.72,
2003,Alonzo Jackson,Florida State,DE,76.0,266,9.25,35.0,,4.9,14.0,37.0,114.0,4.45,7.69,
2003,Bradie James,Louisiana State,ILB,74.4,242,9.5,32.25,,4.71,,32.5,113.0,4.52,7.53,11.96
2003,Jason Jimenez,Southern Mississippi,OT,78.9,311,10.13,33.0,,5.31,18.0,30.0,96.0,4.64,8.47,
2003,Andre Johnson,Miami (FL),WR,74.0,230,9.13,34.0,,4.4,,39.0,132.0,,,
2003,Ben Johnson,Wisconsin,OT,78.5,329,10.0,34.25,,5.37,30.0,,,,,
2003,Bethel Johnson,Texas A&M,WR,71.0,201,8.5,31.25,,4.37,,38.5,127.0,,,
2003,Garry Johnson,Arkansas State,OT,76.0,289,,,,5.28,17.0,24.5,97.0,4.89,8.27,
2003,Jarret Johnson,Alabama,DT,74.6,284,9.0,31.5,,5.09,21.0,28.5,107.0,4.52,7.72,
2003,Jeremi Johnson,Indiana,FB,71.0,260,,,,4.9,20.0,29.0,103.0,,,
2003,Larry Johnson,Penn State,RB,74.4,214,8.75,31.38,,4.55,19.0,,,,,
2003,Robert Johnson,Auburn,TE,77.6,278,9.38,33.25,,4.96,18.0,33.5,115.0,4.42,7.13,11.75
2003,Teyo Johnson,Stanford,WR,77.4,247,10.25,31.0,,4.61,,33.5,,,,
2003,Todd Johnson,Florida,FS,72.9,206,9.0,30.25,,4.58,19.0,33.5,117.0,4.17,6.99,11.52
2003,Bennie Joppru,Michigan,TE,76.3,272,10.0,32.25,,4.78,19.0,30.5,109.0,,,
2003,William Joseph,Miami (FL),DT,77.0,308,10.75,35.0,,4.95,29.0,,,,,
2003,Jason Jowers,Wisconsin,OG,78.4,319,11.0,34.13,,5.5,,29.5,101.0,4.82,8.3,
2003,Cato June,Michigan,SS,72.1,218,9.25,31.0,,4.66,,35.0,113.0,,,
2003,Kareem Kelly,Southern California,WR,71.8,186,8.5,31.0,,4.43,,35.0,125.0,4.14,7.49,11.67
2003,Chris Kelsay,Nebraska,DE,76.4,273,9.88,32.5,,4.76,23.0,36.5,121.0,,,
2003,Terrence Kiel,Texas A&M,SS,71.1,204,10.63,30.63,,4.49,16.0,38.0,127.0,3.92,6.87,
2003,Austin King,Northwestern,C,75.9,299,9.63,31.0,,5.57,20.0,28.0,106.0,4.72,7.99,
2003,Kenny King,Alabama,DE,74.8,281,9.5,32.38,,4.95,25.0,35.0,114.0,4.28,7.5,
2003,Kliff Kingsbury,Texas Tech,QB,75.5,213,8.5,32.0,31.0,4.76,,30.0,101.0,4.07,6.91,
2003,Dan Klecko,Temple,DT,71.5,283,10.0,30.75,,4.91,26.0,33.5,111.0,4.4,7.51,
2003,Scott Kooistra,North Carolina State,OT,77.9,316,10.38,32.0,,5.18,28.0,31.0,103.0,4.57,7.93,
2003,Dan Koppen,Boston College,C,74.6,297,8.5,31.38,,5.31,27.0,28.5,101.0,4.46,8.24,
2003,Tron LaFavor,Florida,DT,73.9,290,9.75,31.75,,5.08,26.0,28.0,106.0,,,
2003,Damian Lavergne,Louisiana Tech,OT,78.0,333,10.13,33.88,,5.57,17.0,27.0,92.0,4.82,8.43,
2003,Donald Lee,Mississippi State,TE,75.3,249,9.5,32.5,,4.79,26.0,39.0,120.0,4.37,7.4,12.16
2003,James Lee,Oregon State,DT,76.5,327,9.38,33.63,,4.96,23.0,30.0,106.0,4.69,7.77,
2003,Byron Leftwich,Marshall (WV),QB,77.4,241,9.75,32.0,25.0,5.1,,,,,,
2003,Mike Lehan,Minnesota,CB,71.8,196,8.63,30.25,,4.52,13.0,34.5,119.0,4.1,6.94,10.85
2003,Norman LeJeune,Louisiana State,SS,72.4,200,9.38,31.5,,4.65,11.0,33.5,115.0,4.21,7.41,11.33
2003,Matt Leonard,Stanford,DT,74.6,305,10.13,32.25,,4.99,30.0,26.0,95.0,4.52,7.51,
2003,Brandon Lloyd,Illinois,WR,72.1,184,9.0,31.25,,4.61,,36.0,,,,
2003,Rien Long,Washington State,DT,78.1,302,9.5,32.75,,5.08,,,105.0,,,
2003,Tom Lopienski,Notre Dame,FB,71.8,246,9.13,30.13,,4.75,24.0,34.0,111.0,4.24,7.53,11.86
2003,Pete Lougheed,Purdue,OT,76.8,300,9.63,32.0,,5.18,20.0,28.5,93.0,4.5,7.85,
2003,Jeremy Loyd,Iowa State,OLB,73.6,235,9.25,32.75,,4.66,17.0,34.0,114.0,4.12,6.89,11.3
2003,Nick Maddox,Florida State,RB,71.0,211,,,,4.65,18.0,33.5,115.0,4.5,7.33,
2003,Adrian Madise,Texas Christian,WR,71.4,215,9.75,30.5,,4.53,,32.0,119.0,4.23,7.3,11.91
2003,Sean Mahan,Notre Dame,OG,75.0,301,9.5,31.38,,5.16,30.0,30.0,105.0,4.75,7.75,
2003,Reno Mahe,Brigham Young,WR,69.3,198,9.63,29.75,,4.71,,32.0,109.0,4.14,7.27,11.64
2003,Brian Mance,Clemson,CB,70.4,189,8.88,29.88,,4.61,18.0,32.5,115.0,,,
2003,Eric Manning,Oregon State,DT,73.0,303,9.88,31.75,,5.09,26.0,28.5,107.0,4.54,7.76,
2003,Ricky Manning,UCLA,CB,68.6,185,9.75,29.0,,4.55,12.0,36.5,117.0,4.12,7.09,11.31
2003,Vince Manuwai,Hawaii,OG,74.0,304,9.63,31.0,,5.19,27.0,29.5,107.0,4.37,7.57,
2003,Kareem Marshall,Georgia,OT,76.6,359,10.0,34.5,,5.22,,27.5,92.0,,,
2003,Terrance Martin,North Carolina State,DT,75.0,299,9.13,34.75,,5.15,30.0,,,,,
2003,Rashean Mathis,Bethune-Cookman (FL),FS,72.8,202,9.0,30.25,,4.47,22.0,38.5,123.0,4.15,7.08,11.08
2003,Sultan McCullough,Southern California,RB,71.4,202,8.38,30.88,,4.49,27.0,,,,,
2003,LaMarcus McDonald,Texas Christian,ILB,73.3,227,9.38,31.38,,4.97,,31.0,110.0,4.44,7.59,12.21
2003,Jerome McDougle,Miami (FL),DE,74.0,264,10.0,31.38,,4.74,,34.0,117.0,4.54,7.28,
2003,Terrence McGee,Northwestern State (LA),CB,69.6,201,9.13,30.25,,4.55,15.0,37.0,126.0,4.07,6.87,10.83
2003,Bryant McNeal,Clemson,DE,76.4,248,10.25,34.0,,4.86,22.0,34.5,117.0,,,
2003,Hanik Milligan,Houston,FS,74.4,201,9.88,32.63,,4.5,9.0,36.5,130.0,4.18,7.09,11.51
2003,Clint Mitchell,Florida,DE,78.9,257,9.5,33.75,,4.93,16.0,34.5,115.0,4.31,7.34,
2003,Kawika Mitchell,South Florida,ILB,73.0,253,,,,4.69,25.0,37.0,117.0,4.24,7.32,
2003,Casey Moore,Stanford,FB,73.9,240,9.5,31.0,,4.67,22.0,32.5,114.0,4.26,7.29,12.0
2003,Langston Moore,South Carolina,DT,73.0,303,9.5,31.25,,5.05,29.0,32.0,104.0,4.21,7.63,
2003,Kindal Moorehead,Alabama,DE,74.5,285,9.88,32.88,,5.0,22.0,32.0,104.0,4.51,7.71,
2003,Gene Mruczkowski,Purdue,C,74.6,297,9.5,32.5,,5.19,28.0,,,,,
2003,Ovie Mughelli,Wake Forest,FB,73.1,255,10.0,32.0,,4.73,,31.5,114.0,4.32,7.78,12.06
2003,Mike Nattiel,Florida,OLB,71.6,228,9.5,31.13,,4.65,,30.0,106.0,4.38,7.49,12.1
2003,Spencer Nead,Brigham Young,TE,76.5,259,9.5,31.13,,4.89,19.0,28.5,102.0,4.24,7.37,12.09
2003,Bruce Nelson,Iowa,C,77.3,301,9.75,31.5,,5.26,21.0,,,,,
2003,Terence Newman,Kansas State,CB,70.4,189,8.75,31.38,,4.41,10.0,41.0,136.0,3.82,6.88,10.85
2003,Donnie Nickey,Ohio State,FS,74.3,220,9.0,32.0,,4.64,17.0,33.5,119.0,4.15,7.08,11.22
2003,Lance Nimmo,West Virginia,OT,77.3,303,9.25,33.5,,5.33,20.0,27.0,90.0,4.93,8.19,
2003,Joe Odom,Purdue,OLB,72.9,241,9.25,30.5,,4.62,26.0,,,,,
2003,Will Ofenheusle,Tennessee,OT,78.5,308,10.0,33.75,,5.35,23.0,26.5,94.0,4.92,8.65,
2003,Kassim Osgood,San Diego State,WR,76.9,208,9.5,33.0,,4.7,,31.0,122.0,4.4,7.19,11.73
2003,Calvin Pace,Wake Forest,DE,76.0,269,9.5,34.0,,4.8,,33.0,115.0,,,
2003,Derek Pagel,Iowa,FS,73.0,208,9.38,30.88,,4.53,25.0,35.5,115.0,4.03,6.85,11.12
2003,Carson Palmer,Southern California,QB,77.0,232,9.5,32.75,26.0,4.65,,,,,,
2003,Tony Pashos,Illinois,OT,78.0,337,10.5,34.25,,5.3,38.0,,,,,
2003,Antwan Peek,Cincinnati,OLB,74.6,246,9.38,32.0,,4.67,21.0,37.0,125.0,4.33,7.06,
2003,Terry Pierce,Kansas State,ILB,73.4,251,9.88,32.25,,4.7,28.0,27.5,,,,
2003,Shurron Pierson,South Florida,DE,73.9,243,9.5,33.5,,4.63,,39.0,128.0,,,
2003,Willie Pile,Virginia Tech,FS,74.0,206,9.5,32.25,,4.58,14.0,38.0,125.0,4.04,6.75,11.12
2003,Mike Pinkard,Arizona State,TE,76.9,259,9.38,34.25,,4.69,,35.0,,,,
2003,Andrew Pinnock,South Carolina,FB,70.1,265,9.5,31.63,,4.62,22.0,,,,,
2003,David Porter,Iowa,OT,77.9,311,9.5,34.75,,5.34,,26.0,95.0,4.96,8.43,
2003,Tim Provost,San Jose State,OT,77.1,301,10.0,32.25,,5.3,21.0,28.5,102.0,4.67,8.37,
2003,Dave Ragone,Louisville,QB,75.6,249,9.75,31.5,31.0,4.98,,30.5,101.0,4.32,7.4,
2003,Cory Redding,Texas,DE,76.0,279,10.75,33.5,,4.88,24.0,,,,,
2003,Gabe Reid,Brigham Young,TE,75.4,255,9.75,31.75,,4.81,23.0,37.0,119.0,4.31,7.48,11.87
2003,Terrell Roberts,Oregon State,CB,69.1,203,9.38,30.63,,4.74,18.0,34.0,117.0,4.19,7.12,
2003,Terrence Robinson,Oklahoma State,ILB,72.4,240,9.0,31.0,,4.97,19.0,33.5,116.0,4.33,7.6,11.97
2003,Brett Romberg,Miami (FL),C,74.0,295,,,,5.2,27.0,27.5,99.0,4.65,8.16,
2003,Tony Romo,Eastern Illinois,QB,74.0,230,,,30.0,5.01,,30.0,105.0,4.2,7.11,
2003,Dustin Rykert,Brigham Young,OT,78.4,327,9.75,32.5,,5.52,21.0,26.5,92.0,4.83,8.19,
2003,Asante Samuel,Central Florida,CB,70.9,185,8.75,29.5,,4.52,9.0,35.5,120.0,4.09,6.94,11.38
2003,Antwoine Sanders,Utah,FS,73.6,202,9.13,33.88,,4.56,14.0,37.5,128.0,4.37,7.43,11.63
2003,Watts Sanderson,South Carolina,OT,77.0,303,9.75,32.63,,5.39,24.0,28.5,100.0,4.92,8.47,
2003,Justin Sands,Kansas,OG,78.9,324,10.13,32.0,,5.07,31.0,32.0,105.0,,,
2003,Lauvale Sape,Utah,DT,73.6,297,10.0,31.25,,5.2,,31.5,111.0,4.68,7.72,
2003,Gerome Sapp,Notre Dame,SS,72.1,216,10.0,30.75,,4.69,,36.5,112.0,4.27,7.13,11.92
2003,Greg Schindler,Stanford,OG,77.1,307,9.88,32.63,,5.1,18.0,30.5,94.0,5.07,8.55,
2003,Steve Sciullo,Marshall (WV),OT,77.1,330,9.88,32.5,,5.52,23.0,28.0,98.0,4.65,7.84,
2003,Bryan Scott,Penn State,SS,73.0,219,10.38,31.5,,4.6,13.0,,,,,
2003,Ian Scott,Florida,DT,75.0,312,,,,5.16,28.0,28.5,99.0,5.0,8.12,
2003,Mike Seidman,UCLA,TE,76.5,261,9.75,33.13,,4.8,20.0,,,,,
2003,Chad Setterstrom,Northern Iowa,OG,75.1,309,9.88,32.5,,5.46,16.0,28.5,101.0,4.61,7.91,
2003,Scott Shanle,Nebraska,OLB,74.1,245,9.25,32.88,,4.71,20.0,31.0,111.0,4.32,7.27,11.65
2003,Visanthe Shiancoe,Morgan State (MD),TE,76.4,251,10.25,33.5,,4.64,28.0,39.5,120.0,4.28,7.09,11.89
2003,Chris Simms,Texas,QB,76.4,220,10.5,32.75,22.0,4.86,,31.0,103.0,4.18,7.37,
2003,Clifton Smith,Syracuse,ILB,74.4,253,8.38,32.88,,4.88,,,,,,
2003,L.J. Smith,Rutgers,TE,75.3,258,10.38,32.88,,4.69,26.0,37.0,122.0,4.18,6.74,
2003,Musa Smith,Georgia,RB,72.8,232,8.0,31.88,,4.45,,35.5,123.0,,,
2003,Onterrio Smith,Oregon,RB,69.9,220,9.75,29.25,,4.48,19.0,,,,,
2003,Trent Smith,Oklahoma,TE,77.1,243,9.38,33.75,,4.81,16.0,35.5,118.0,4.3,7.21,
2003,Wade Smith,Memphis,OT,75.9,296,9.63,32.63,,5.15,24.0,32.5,114.0,4.71,7.6,
2003,Ben Sobieski,Iowa,OG,77.3,307,10.25,32.25,,5.01,18.0,30.0,109.0,4.43,7.69,
2003,Jamil Soriano,Harvard,OG,76.0,317,,,,5.48,,27.5,103.0,5.08,8.54,
2003,Jake Sprague,Wisconsin,DT,74.1,274,9.75,31.75,,4.97,26.0,,,,,
2003,Brian St. Pierre,Boston College,QB,75.0,218,,,27.0,4.82,,30.0,106.0,,,
2003,Eric Steinbach,Iowa,OG,78.3,297,9.63,31.63,,4.96,,36.0,119.0,4.37,7.34,
2003,Jon Stinchcomb,Georgia,OT,77.0,302,9.75,32.5,,5.09,32.0,35.0,115.0,4.58,7.83,
2003,Erick Streelman,Nevada,TE,77.0,248,,,,5.06,9.0,30.0,109.0,4.4,7.59,
2003,Donald Strickland,Colorado,CB,70.0,187,9.25,30.13,,4.48,16.0,35.5,121.0,4.01,6.97,11.08
2003,Johnathan Sullivan,Georgia,DT,75.1,313,10.5,32.5,,5.07,,,,,,
2003,Scott Tercero,California,OG,76.0,303,,,,5.23,25.0,28.5,103.0,4.51,7.81,
2003,Tony Terrell,Nevada Las Vegas,OG,75.3,334,10.63,33.25,,5.52,25.0,25.5,94.0,4.97,8.6,
2003,Ray Thomas,Wake Forest,TE,76.4,248,9.5,31.5,,5.05,17.0,31.0,113.0,4.52,7.47,12.29
2003,Chaun Thompson,West Texas A&M,OLB,73.9,240,9.25,34.38,,4.56,29.0,35.5,123.0,4.16,7.0,11.35
2003,Charles Tillman,Louisiana-Lafayette,CB,73.0,207,,,,4.49,12.0,40.0,131.0,3.89,7.05,
2003,Pisa Tinoisamoa,Hawaii,OLB,72.4,231,9.88,30.88,,4.69,19.0,34.5,111.0,4.07,6.95,11.41
2003,LaBrandon Toefield,Louisiana State,RB,70.9,233,9.25,30.0,,4.6,19.0,,,,,
2003,J.R. Tolver,San Diego State,WR,73.0,202,9.38,31.75,,4.76,,36.0,119.0,4.16,6.98,11.19
2003,Marcus Trufant,Washington State,CB,71.1,199,8.25,30.75,,4.43,11.0,39.0,127.0,4.3,6.85,11.07
2003,B.J. Tucker,Wisconsin,CB,70.5,188,9.63,30.38,,4.38,16.0,35.0,123.0,4.14,7.25,11.38
2003,Torrin Tucker,Southern Mississippi,OG,77.8,328,10.25,34.5,,5.43,,30.0,103.0,4.96,8.38,
2003,Demetrin Veal,Tennessee,DE,74.1,288,10.25,32.0,,5.26,26.0,,111.0,,,
2003,Bobby Wade,Arizona,WR,70.3,193,9.75,31.5,,4.68,,34.5,115.0,4.03,7.0,11.48
2003,Aaron Walker,Florida,TE,77.6,252,10.25,34.13,,4.75,24.0,33.5,115.0,4.27,7.55,11.98
2003,Seneca Wallace,Iowa State,QB,71.4,196,9.13,30.38,12.0,4.52,,38.0,127.0,4.14,6.97,
2003,Matt Walters,Miami (FL),DE,76.5,272,10.25,31.38,,4.9,30.0,,,,,
2003,Shane Walton,Notre Dame,CB,70.6,184,10.0,29.0,,4.67,11.0,31.0,109.0,4.2,7.03,11.38
2003,Seth Wand,Northwest Missouri State,OT,79.0,321,10.5,34.5,,5.15,20.0,31.5,107.0,4.5,7.57,
2003,Kevin Ware,Washington,TE,74.9,256,9.5,33.25,,4.8,22.0,34.0,110.0,4.47,7.51,12.08
2003,Ty Warren,Texas A&M,DT,76.6,307,10.25,32.88,,5.1,27.0,,,,,
2003,Clifton Washburn,Citadel (SC),DE,77.1,275,10.25,32.88,,5.02,22.0,27.0,109.0,4.75,8.59,
2003,Derek Watson,South Carolina,RB,73.0,212,,,,4.63,15.0,34.0,114.0,4.2,7.35,
2003,Derrick Watson,South Carolina,RB,73.0,212,,,,4.63,15.0,34.0,114.0,4.2,7.35,
2003,Dennis Weathersby,Oregon State,CB,72.6,204,9.25,32.0,,4.39,9.0,38.0,125.0,4.08,7.13,11.39
2003,Reggie Wells,Clarion (PA),OT,75.3,300,10.0,32.0,,5.2,23.0,29.0,104.0,4.53,8.34,
2003,DeWayne White,Louisville,DE,74.1,273,10.0,32.0,,4.78,22.0,33.0,112.0,4.22,7.22,
2003,Keyon Whiteside,Tennessee,ILB,71.9,229,9.25,30.63,,4.74,27.0,29.0,111.0,4.33,7.3,12.18
2003,Taylor Whitley,Texas A&M,OG,75.9,321,8.88,33.0,,5.2,28.0,30.0,106.0,4.55,7.95,
2003,Jimmy Wilkerson,Oklahoma,DE,74.9,271,9.13,32.5,,4.86,29.0,34.5,114.0,4.38,7.44,
2003,Andrew Williams,Miami (FL),DE,74.3,263,10.5,32.5,,4.69,29.0,32.0,113.0,4.44,7.53,
2003,Brett Williams,Florida State,OT,76.8,321,10.0,34.0,,5.28,,27.5,99.0,5.01,8.57,
2003,Kevin Williams,Oklahoma State,DE,76.9,304,9.0,33.0,,4.84,23.0,30.0,112.0,5.01,7.66,
2003,Todd Williams,Florida State,OT,76.8,340,10.0,34.0,,5.14,27.0,32.5,108.0,4.54,8.06,
2003,Eugene Wilson,Illinois,CB,70.4,192,8.63,30.75,,4.46,15.0,38.0,122.0,4.0,7.18,11.33
2003,Jason Witten,Tennessee,TE,77.8,264,9.88,32.5,,4.65,25.0,31.0,,,,
2003,Juston Wood,Portland State (OR),QB,72.6,207,9.25,31.0,30.0,4.84,,32.5,113.0,4.07,7.13,
2003,Andre Woolfolk,Oklahoma,CB,73.4,197,9.5,32.75,,4.47,10.0,35.5,128.0,3.95,6.76,10.58
2003,George Wrighster,Oregon,TE,74.1,249,10.0,32.5,,4.89,16.0,34.5,115.0,,7.24,
2003,Thomas Wright,Michigan State,SS,73.4,201,9.0,31.5,,4.79,13.0,36.0,114.0,4.38,7.41,11.95
2003,Walter Young,Illinois,WR,76.6,214,10.63,35.0,,4.59,,39.0,121.0,4.22,6.89,11.74
2003,Doug Zeigler,Mississippi,TE,76.0,257,,,,4.7,20.0,,,,,
2002,Jonathan Adams,Arkansas State,RB,73.0,219,,,,4.58,15.0,36.5,120.0,4.31,6.97,
2002,P.J. Alexander,Syracuse,OG,76.0,299,,,,5.38,,29.5,102.0,4.73,7.9,
2002,Brian Allen,Stanford,RB,69.0,209,,,,4.46,19.0,33.0,112.0,4.08,6.9,
2002,James Allen,Oregon State,OLB,74.6,240,9.0,33.0,,4.63,24.0,38.0,120.0,4.21,7.59,11.75
2002,Jeremy Allen,Iowa,FB,71.8,241,8.25,32.75,,4.6,17.0,38.0,122.0,4.49,7.06,11.4
2002,Matt Anderle,Minnesota,OT,78.0,327,11.0,32.0,,5.55,26.0,29.0,101.0,4.8,7.99,
2002,Damien Anderson,Northwestern,RB,70.4,211,9.5,29.0,,4.6,27.0,33.5,112.0,4.02,6.93,11.37
2002,Marques Anderson,UCLA,SS,71.0,213,8.75,32.0,,4.52,16.0,39.5,124.0,,,
2002,Mark Anelli,Wisconsin,TE,75.8,262,10.13,33.13,,4.8,18.0,,,,,
2002,Akin Ayodele,Purdue,OLB,74.1,257,9.75,32.5,,4.86,26.0,35.0,119.0,4.12,7.0,11.56
2002,Chris Baker,Michigan State,TE,75.1,258,9.25,31.5,,4.85,18.0,35.0,111.0,,6.95,
2002,Jason Ball,New Hampshire,C,74.3,301,10.0,31.0,,5.43,27.0,29.0,92.0,4.73,7.87,
2002,Clenton Ballard,Texas State,DT,74.5,313,10.75,34.75,,5.24,24.0,26.5,90.0,4.64,7.47,
2002,Mike Banks,Iowa State,TE,76.0,260,9.13,33.0,,4.85,,31.5,104.0,,,
2002,Justin Bannan,Colorado,DT,74.8,300,9.75,31.13,,5.02,24.0,29.0,97.0,4.24,7.31,
2002,Kevin Barry,Arizona,OG,76.0,325,10.5,35.0,,5.36,24.0,28.5,106.0,4.73,8.34,
2002,Will Bartholomew,Tennessee,FB,71.9,246,9.25,30.5,,4.69,35.0,38.0,112.0,4.09,6.85,11.42
2002,Rashad Bauman,Oregon,CB,68.3,186,8.5,30.25,,4.47,10.0,39.0,117.0,,,
2002,Jarrod Baxter,New Mexico,FB,72.6,245,10.25,31.5,,4.74,23.0,32.5,111.0,4.27,7.1,12.26
2002,Chad Beasley,Virginia Tech,DT,77.4,303,10.25,32.5,,5.17,27.0,31.5,99.0,4.57,7.75,
2002,Tony Beckham,Wisconsin-Stout,CB,73.0,195,,,,4.37,15.0,34.5,121.0,4.3,7.12,
2002,Kevin Bentley,Northwestern,OLB,72.4,243,8.5,31.0,,4.72,23.0,39.0,113.0,3.83,6.71,11.42
2002,LeCharles Bentley,Ohio State,C,74.4,299,9.75,31.75,,5.21,,25.5,100.0,4.54,7.85,
2002,Rocky Bernard,Texas A&M,DT,76.0,294,,,,4.96,30.0,33.0,108.0,4.41,7.43,
2002,Ladell Betts,Iowa,RB,70.5,220,9.0,30.5,,4.6,23.0,38.0,115.0,4.06,7.06,11.33
2002,Martin Bibla,Miami (FL),OG,75.4,306,9.75,32.25,,5.08,35.0,,,,,
2002,Terreal Bierria,Georgia,FS,74.6,216,9.25,33.13,,4.56,18.0,36.0,129.0,4.1,6.93,11.44
2002,Dwayne Blakley,Missouri,TE,76.9,256,8.75,34.13,,5.0,21.0,32.5,107.0,4.29,7.33,12.1
2002,Rocky Boiman,Notre Dame,OLB,75.8,242,10.0,32.0,,4.61,17.0,35.0,118.0,4.05,6.86,11.2
2002,Bruce Branch,Penn State,CB,70.9,192,8.25,31.0,,4.59,,35.0,112.0,4.47,7.12,11.81
2002,Deion Branch,Louisville,WR,69.1,191,8.13,30.0,,4.47,,36.0,115.0,3.76,6.71,10.66
2002,Sam Brandon,Nevada Las Vegas,FS,74.0,199,8.75,32.0,,4.72,,36.5,124.0,,,
2002,Jack Brewer,Minnesota,FS,72.0,194,9.0,31.75,,4.57,12.0,37.0,120.0,4.24,6.9,11.2
2002,Raheem Brock,Temple,DE,75.6,267,9.75,32.0,,4.93,25.0,34.0,109.0,4.23,7.09,
2002,Sheldon Brown,South Carolina,CB,69.9,196,8.25,32.0,,4.46,15.0,36.5,118.0,4.24,7.0,11.6
2002,Antonio Bryant,Pittsburgh,WR,73.3,188,9.0,32.25,,4.6,,37.0,118.0,,,
2002,Courtland Bullard,Ohio State,OLB,75.0,234,9.0,33.25,,4.62,,36.5,120.0,4.28,6.99,11.4
2002,Joe Burns,Georgia,RB,69.0,213,,,,4.81,21.0,31.0,105.0,,,
2002,Jamie Burrow,Nebraska,ILB,72.8,249,10.25,32.0,,4.89,18.0,30.5,98.0,4.21,7.28,
2002,Reche Caldwell,Florida,WR,71.8,194,9.75,32.0,,4.53,,41.5,128.0,4.1,7.0,
2002,Rocky Calmus,Oklahoma,OLB,75.1,243,9.0,32.0,,4.69,16.0,,,,,
2002,Kelly Campbell,Georgia Tech,WR,70.1,171,8.0,31.0,,4.52,,,,,,
2002,Pete Campion,North Dakota State,OG,76.1,307,9.75,34.0,,5.25,30.0,25.5,86.0,4.81,7.96,
2002,David Carr,Frenso State (CA),QB,75.4,223,9.75,31.75,24.0,4.67,,35.0,106.0,4.28,7.05,
2002,Demontray Carter,Troy (AL),RB,70.1,194,7.25,31.0,,4.58,16.0,33.0,115.0,4.36,7.38,12.06
2002,Tim Carter,Auburn,WR,71.9,190,8.75,32.0,,4.34,,39.0,124.0,3.93,6.68,
2002,Rock Cartwright,Kansas State,RB,67.8,237,9.0,30.75,,4.48,30.0,35.0,113.0,4.25,7.18,11.79
2002,Terry Charles,Portland State (OR),WR,75.1,207,9.13,33.75,,4.5,,36.5,122.0,4.09,7.02,11.22
2002,Jermaine Chatman,Arizona,CB,70.6,185,9.13,29.75,,4.54,,35.5,118.0,,,
2002,Kenyon Coleman,UCLA,DE,76.9,284,9.5,33.13,,4.97,32.0,,,,,
2002,Reggie Coleman,Tennessee,OT,77.1,301,9.13,34.0,,5.25,,29.0,102.0,4.88,7.84,
2002,Michael Collins,Wake Forest,OT,77.5,300,10.13,33.5,,5.55,32.0,25.5,98.0,4.98,8.62,
2002,Mike Collins,Ohio State,DT,75.0,298,8.5,32.0,,5.03,31.0,31.5,102.0,4.46,7.52,
2002,Marc Colombo,Boston College,OT,79.9,313,10.5,34.0,,5.31,30.0,29.5,100.0,4.6,7.65,
2002,Joe Cooper,Ohio State,OLB,72.4,233,9.25,31.5,,4.94,17.0,32.0,108.0,4.46,7.47,12.06
2002,Keyuo Craver,Nebraska,CB,70.8,201,8.75,30.75,,4.57,13.0,31.0,116.0,,,
2002,Eric Crouch,Nebraska,RB,71.9,195,9.75,30.25,,4.49,,36.0,112.0,4.02,6.87,11.52
2002,Alonzo Cunningham,Iowa,OG,75.8,316,9.75,33.0,,5.47,,24.0,94.0,4.73,8.52,
2002,Ronald Curry,North Carolina,QB,73.9,220,9.75,31.5,22.0,4.65,,35.0,110.0,4.11,7.06,
2002,Kevin Curtis,Texas Tech,FS,73.6,212,10.0,33.0,,4.54,24.0,37.5,123.0,3.88,6.75,10.81
2002,Rohan Davey,Louisiana State,QB,74.0,245,9.5,33.0,17.0,4.74,,25.5,,,,
2002,Andra Davis,Florida,ILB,72.9,244,10.0,33.5,,4.77,20.0,31.5,106.0,,,
2002,Andre' Davis,Virginia Tech,WR,73.5,194,8.5,31.5,,4.41,,39.5,117.0,4.1,6.77,11.0
2002,Dorsett Davis,Mississippi State,DT,77.3,304,9.25,35.75,,5.03,30.0,31.0,109.0,4.67,7.93,
2002,Dan Dawson,Rice (TX),SS,73.0,219,9.25,31.5,,4.64,24.0,38.0,121.0,4.0,6.75,11.5
2002,Konrad Dean,Akron,OG,76.0,333,,,,5.57,30.0,27.5,97.0,4.97,8.37,
2002,Ryan Denney,Brigham Young,DE,79.0,276,,,,4.86,36.0,33.0,107.0,4.25,7.18,
2002,Kori Dickerson,Southern California,FB,76.1,240,10.0,32.75,,4.72,22.0,34.0,110.0,4.51,7.34,12.25
2002,Brandon Doman,Brigham Young,QB,73.8,210,9.5,31.5,27.0,4.87,,32.5,106.0,4.08,6.9,
2002,Howard Duncan,Oklahoma,OG,75.6,324,10.25,31.75,,5.51,22.0,28.5,97.0,4.69,8.31,
2002,Nate Dwyer,Kansas,DT,75.0,313,,,,5.1,27.0,31.0,103.0,4.41,7.56,
2002,Omar Easy,Penn State,FB,73.0,244,10.25,33.75,,4.51,21.0,40.0,122.0,4.12,7.25,
2002,Andy Eby,Kansas State,C,75.4,300,9.0,31.75,,5.12,28.0,29.0,102.0,4.55,7.46,
2002,Steve Edwards,Central Florida,OG,76.8,355,9.75,34.25,,5.57,20.0,23.0,90.0,5.15,8.37,
2002,Justin Ena,Brigham Young,ILB,75.0,247,9.5,33.75,,4.71,20.0,34.0,112.0,4.11,6.76,12.07
2002,RJ English,Pittsburgh,WR,74.1,211,9.25,32.0,,4.62,,37.5,119.0,4.11,7.03,11.08
2002,Demarcus Faggins,Kansas State,CB,70.5,178,9.13,31.38,,4.56,3.0,36.5,118.0,3.92,6.64,10.97
2002,Randy Fasani,Stanford,QB,75.4,234,9.75,31.75,25.0,4.78,,31.5,106.0,3.87,6.75,
2002,Trev Faulk,Louisiana State,ILB,74.6,241,10.0,32.0,,4.84,,32.0,116.0,,,
2002,Levar Fisher,North Carolina State,OLB,72.9,233,9.0,30.38,,4.62,,31.0,108.0,,7.3,
2002,Tony Fisher,Notre Dame,RB,74.0,226,,,,4.66,21.0,41.5,126.0,4.13,7.0,
2002,Delvon Flowers,Arizona State,RB,72.0,207,9.75,32.0,,4.64,15.0,35.5,115.0,,,
2002,LittleJohn Flowers,Michigan State,RB,71.4,214,9.75,31.5,,4.75,19.0,34.0,109.0,4.08,7.09,11.82
2002,Toniu Fonoti,Nebraska,OG,75.9,349,10.5,32.75,,5.53,32.0,28.5,94.0,4.81,8.12,
2002,Larry Foote,Michigan,OLB,72.9,231,9.25,30.5,,4.85,24.0,30.0,,4.41,7.18,
2002,Lonnie Ford,Southern California,DE,74.4,261,9.75,32.75,,4.81,22.0,37.5,111.0,4.28,7.12,
2002,Willie Ford,Syracuse,CB,73.5,195,8.75,31.75,,4.57,10.0,34.0,117.0,4.33,7.25,11.91
2002,DeShaun Foster,UCLA,RB,73.0,222,,,,4.57,20.0,35.5,119.0,4.16,6.82,
2002,Melvin Fowler,Maryland,C,75.0,300,,,,5.46,32.0,27.0,99.0,4.6,7.51,
2002,Eddie Freeman,Alabama-Birmingham,DT,77.1,310,9.5,33.5,,4.93,32.0,34.5,109.0,4.81,7.85,
2002,Dwight Freeney,Syracuse,DE,72.9,266,10.0,32.13,,4.48,28.0,,,,,
2002,Scott Fujita,California,OLB,77.5,248,10.0,33.0,,4.63,20.0,42.0,122.0,4.21,7.09,11.44
2002,Jabar Gaffney,Florida,WR,73.1,193,7.5,32.5,,4.56,,,,4.06,6.87,
2002,Paris Gaines,Frenso State (CA),FB,71.6,228,8.75,30.13,,4.67,14.0,,,,,
2002,David Garrard,East Carolina (NC),QB,73.9,235,10.5,31.0,14.0,4.83,,33.5,110.0,4.26,7.35,
2002,David Givens,Notre Dame,WR,72.0,217,9.25,31.5,,4.57,,40.5,124.0,4.13,6.82,11.15
2002,LaVar Glover,Cincinnati,CB,69.5,177,8.0,30.25,,4.57,11.0,37.0,114.0,4.29,7.18,11.54
2002,Jonathan Goodwin,Michigan,OG,75.3,318,10.13,33.5,,5.04,,,,,,
2002,Lamar Gordon,North Dakota State,RB,72.6,214,9.5,31.0,,4.59,16.0,34.0,115.0,,,
2002,Daniel Graham,Colorado,TE,75.1,248,10.0,33.75,,4.64,,36.0,116.0,,,
2002,Charles Grant,Georgia,DE,75.0,282,9.5,34.0,,4.69,24.0,31.0,113.0,4.39,7.69,
2002,Bobby Gray,Louisiana Tech,SS,72.1,209,7.75,31.0,,4.66,24.0,,111.0,,,
2002,Jarvis Green,Louisiana State,DE,75.1,272,10.13,34.13,,4.85,,31.0,109.0,4.25,7.52,
2002,William Green,Boston College,RB,72.3,221,7.75,31.5,,4.65,27.0,42.0,121.0,,,
2002,Andre Gurode,Colorado,OG,76.4,316,11.0,35.0,,5.37,,30.5,96.0,5.05,8.15,
2002,Sean Guthrie,Boston College,DE,76.0,269,9.25,33.5,,4.9,28.0,,,,,
2002,Carlos Hall,Arkansas,DE,75.6,259,9.5,35.0,,4.68,20.0,40.0,125.0,4.19,6.97,
2002,Joe Hall,Kansas State,FB,73.8,277,8.5,33.0,,5.0,22.0,28.0,107.0,,,
2002,Ryan Hannam,Northern Iowa,TE,74.5,251,9.0,32.0,,4.7,18.0,30.5,110.0,4.21,7.07,11.64
2002,Alan Harper,Frenso State (CA),DT,73.9,295,10.25,31.5,,5.31,,30.5,104.0,4.64,,
2002,Joey Harrington,Oregon,QB,76.0,215,9.75,31.5,32.0,4.85,,32.0,107.0,4.21,7.0,
2002,Napoleon Harris,Northwestern,OLB,74.9,253,10.0,32.0,,4.57,27.0,34.0,110.0,4.44,7.15,11.8
2002,Quentin Harris,Syracuse,FS,73.0,216,,,,4.61,14.0,36.5,120.0,4.34,7.59,
2002,Tyreo Harrison,Notre Dame,ILB,74.0,238,8.75,31.75,,4.88,,40.0,114.0,,7.24,
2002,Herb Haygood,Michigan State,WR,71.5,193,8.25,31.5,,4.46,,33.0,112.0,4.26,6.65,
2002,Verron Haynes,Georgia,FB,70.0,224,,,,4.78,25.0,31.5,117.0,4.08,7.27,
2002,Ennis Haywood,Iowa State,RB,70.1,218,9.0,31.13,,4.76,12.0,35.0,112.0,4.14,7.08,11.72
2002,Jason Hebert,Rice (TX),FS,71.4,190,9.5,30.5,,4.63,15.0,35.5,115.0,3.86,7.12,11.43
2002,Keith Heinrich,Sam Houston State (TX),TE,77.5,255,10.75,34.0,,4.75,21.0,35.0,119.0,4.1,6.87,11.65
2002,Eric Heitmann,Stanford,OG,75.9,305,9.25,33.0,,5.25,33.0,28.0,94.0,4.6,7.56,
2002,John Henderson,Tennessee,DT,78.9,306,8.75,34.5,,4.87,24.0,27.5,106.0,4.66,7.71,
2002,Leonard Henry,East Carolina (NC),RB,72.9,206,8.75,31.5,,4.61,26.0,35.0,105.0,4.29,7.11,12.22
2002,Artis Hicks,Memphis,OG,77.0,303,,,,5.08,22.0,29.5,104.0,4.64,7.85,
2002,Maurice Hicks,North Carolina A&T,RB,70.0,200,8.5,31.5,,4.64,19.0,,,,,
2002,Charles Hill,Maryland,DT,74.0,293,10.25,31.75,,5.08,23.0,33.5,111.0,4.36,7.37,
2002,Kahlil Hill,Iowa,WR,74.0,200,8.75,31.0,,4.67,,35.0,,,,
2002,Matt Hill,Boise State,OT,78.1,300,10.25,33.25,,5.35,20.0,28.5,98.0,4.54,7.58,
2002,Chris Hope,Florida State,FS,71.6,210,8.25,30.5,,4.56,28.0,,112.0,,,
2002,Abdual Howard,Florida State,SS,72.0,209,10.25,30.75,,4.63,,,117.0,,,
2002,Dameon Hunter,Utah,RB,70.6,219,9.5,31.25,,4.66,,30.5,106.0,,,
2002,Javin Hunter,Notre Dame,WR,71.1,186,8.0,31.0,,4.47,,41.0,126.0,4.04,6.84,10.95
2002,Grant Irons,Notre Dame,DE,77.6,267,9.75,35.5,,5.03,19.0,40.5,117.0,4.38,7.27,
2002,Ron Isreal,Notre Dame,SS,73.0,213,,,,4.6,20.0,,121.0,,,
2002,Bobby Jackson,Illinois,SS,72.4,216,8.75,32.5,,4.74,,34.5,120.0,4.16,7.01,11.5
2002,Quentin Jammer,Texas,CB,71.9,204,9.5,32.0,,4.49,18.0,36.0,124.0,,,
2002,Joseph Jefferson,Western Kentucky,CB,71.5,205,8.25,31.0,,4.37,8.0,39.5,117.0,4.01,6.84,10.86
2002,Dennis Johnson,Kentucky,DE,76.6,258,9.25,34.0,,4.84,17.0,35.5,113.0,4.36,7.21,
2002,Emmett Johnson,Virginia Tech,WR,73.9,205,9.5,34.13,,4.45,,39.0,120.0,4.1,7.15,11.31
2002,Kyle Johnson,Syracuse,FB,72.6,242,8.75,33.5,,4.68,22.0,34.0,112.0,4.35,7.4,11.58
2002,Ron Johnson,Minnesota,WR,74.5,225,8.75,32.0,,4.7,,34.5,116.0,4.02,7.12,11.24
2002,Doug Jolley,Brigham Young,TE,76.3,251,9.25,32.0,,4.67,18.0,38.0,114.0,4.18,6.9,11.42
2002,Jermese Jones,Virginia,OT,77.4,337,10.25,34.25,,5.28,22.0,,,,,
2002,Levi Jones,Arizona State,OT,77.5,304,9.25,34.75,,5.23,,,102.0,,,
2002,Terry Jones,Alabama,TE,74.9,265,9.5,33.5,,4.88,20.0,33.5,110.0,4.43,7.43,12.28
2002,Eric Joyce,Tennessee State,CB,69.1,192,8.5,30.25,,4.55,11.0,40.5,114.0,3.97,6.81,11.1
2002,Brett Keisel,Brigham Young,DE,77.0,279,9.75,33.5,,4.93,26.0,33.5,106.0,4.51,7.28,
2002,Stephon Kelly,Winston-Salem State (NC),SS,74.6,212,9.75,32.75,,4.67,15.0,32.5,117.0,4.1,7.26,11.78
2002,Antwan Kirk-Hughes,Texas,OG,75.0,315,9.75,32.0,,5.43,,27.0,92.0,4.91,8.28,
2002,Kurt Kittner,Illinois,QB,74.3,211,9.0,31.0,31.0,4.86,,27.0,97.0,4.5,7.34,
2002,Kyle Kosier,Arizona State,OT,76.8,293,9.5,31.5,,5.09,24.0,29.5,107.0,4.49,7.34,
2002,Antwan Lake,West Virginia,DE,76.1,286,8.5,34.5,,5.08,27.0,,,,,
2002,Broderick Lancaster,Colorado State,OG,75.6,310,9.0,34.0,,5.28,14.0,,,,,
2002,Ben Leber,Kansas State,OLB,75.0,244,,,,4.62,20.0,32.5,114.0,4.25,6.75,
2002,D.D. Lewis,Texas,ILB,73.0,235,,,,4.7,24.0,33.5,114.0,,,
2002,Michael Lewis,Colorado,SS,73.1,211,9.0,33.13,,4.56,16.0,36.5,121.0,4.14,6.96,
2002,Aaron Lockett,Kansas State,WR,67.4,155,7.13,29.0,,4.34,,35.0,112.0,4.11,6.84,
2002,Omare Lowe,Washington,CB,72.9,196,8.0,31.75,,4.54,12.0,35.5,115.0,3.97,6.65,11.02
2002,Chris Luzar,Virginia,TE,79.1,270,9.75,33.5,,4.77,22.0,32.5,113.0,4.17,6.84,11.74
2002,Wesly Mallard,Oregon,SS,73.6,221,9.5,31.0,,4.52,22.0,41.0,118.0,4.07,6.81,11.58
2002,Marquand Manuel,Florida,SS,72.0,209,10.0,30.75,,4.52,18.0,,,,,
2002,Jamar Martin,Ohio State,FB,71.0,245,,,,4.89,23.0,32.0,108.0,4.34,7.53,
2002,Lee Mays,Texas-El Paso,WR,73.0,190,,,,4.55,,32.5,119.0,4.17,7.06,
2002,Jason McAddley,Alabama,WR,73.5,203,8.5,31.13,,4.5,,36.5,120.0,4.09,6.83,
2002,Tango McCauley,Alabama State,OG,75.4,304,10.25,32.75,,5.28,29.0,31.0,97.0,4.78,7.9,
2002,Eric McCoo,Penn State,RB,70.0,214,8.25,31.5,,4.55,14.0,32.5,111.0,,,
2002,Josh McCown,Sam Houston State (TX),QB,75.9,221,9.0,30.5,30.0,4.64,,38.5,118.0,3.9,6.85,
2002,Ivory McCoy,Michigan State,TE,76.0,240,,,,4.59,25.0,35.0,113.0,4.24,7.3,
2002,Curt McGill,Georgia,C,75.4,290,9.5,30.0,,5.08,30.0,,,,,
2002,Jon McGraw,Kansas State,SS,75.1,208,9.0,31.5,,4.48,13.0,39.5,123.0,3.92,6.51,10.87
2002,Seth McKinney,Texas A&M,C,75.4,300,9.75,32.0,,4.99,23.0,33.5,104.0,4.51,7.36,
2002,Randy McMichael,Georgia,TE,75.0,247,9.25,32.75,,4.84,18.0,29.5,111.0,4.28,7.56,12.5
2002,Terrence Metcalf,Mississippi,OT,75.5,318,9.75,33.13,,5.31,28.0,,,,,
2002,Ben Miller,Air Force,C,74.5,263,10.0,31.5,,4.93,18.0,37.5,113.0,4.46,7.28,
2002,Dicenzo Miller,Mississippi State,RB,70.1,215,8.75,30.5,,4.98,8.0,31.0,105.0,4.39,7.25,11.77
2002,Freddie Milons,Alabama,WR,70.1,190,8.75,31.5,,4.52,,33.5,112.0,,6.84,
2002,Dave Minnich,Washington State,RB,71.0,218,8.75,30.25,,4.72,12.0,33.5,114.0,,,
2002,Mel Mitchell,Western Kentucky,FS,73.1,220,8.75,32.5,,4.59,15.0,35.0,126.0,4.15,7.0,11.5
2002,Quasim Mitchell,North Carolina A&T,OG,78.0,335,,,,5.29,22.0,26.0,,4.94,8.07,
2002,Shannon Money,Arkansas,OG,75.4,295,9.5,33.5,,5.29,25.0,33.5,105.0,,,
2002,Quincy Monk,North Carolina,ILB,75.4,250,9.0,32.25,,4.8,26.0,33.5,112.0,4.38,7.46,12.14
2002,Derrius Monroe,Virginia Tech,DE,75.8,269,9.13,31.13,,4.59,25.0,31.5,99.0,4.51,7.38,
2002,Brandon Moore,Illinois,DT,75.0,293,,,,5.26,32.0,25.5,96.0,4.64,7.84,
2002,Brandon Moore,Oklahoma,OLB,73.1,239,9.25,31.5,,4.61,23.0,36.5,111.0,,,
2002,Maurice Morris,Oregon,RB,71.4,208,8.75,30.25,,4.51,23.0,36.5,117.0,,,
2002,Marquise Muldrow,Arizona State,OG,74.1,316,9.75,33.5,,5.33,29.0,25.5,97.0,4.8,8.12,
2002,Larry Ned,San Diego State,RB,70.8,219,9.0,30.75,,4.62,15.0,34.5,119.0,,7.12,
2002,David Neill,Nevada,QB,75.0,206,,,25.0,4.95,,30.0,108.0,4.44,7.28,
2002,Kendall Newson,Middle Tennessee State,WR,73.6,200,9.0,33.25,,4.72,,33.5,113.0,4.27,6.87,11.45
2002,Josh Norman,Oklahoma,TE,74.0,236,9.25,32.75,,4.65,18.0,32.0,115.0,4.23,7.09,
2002,J.T. O'Sullivan,UC-Davis,QB,74.1,223,9.5,31.0,35.0,4.93,,29.0,105.0,4.28,7.46,
2002,Willie Offord,South Carolina,SS,73.6,215,9.5,31.25,,4.61,22.0,35.0,116.0,,,
2002,Tony Okanlawon,Maryland,CB,71.0,185,,,,4.67,16.0,38.0,118.0,4.39,7.37,
2002,Will Overstreet,Tennessee,DE,74.9,259,9.25,33.0,,4.62,21.0,32.5,114.0,4.31,7.37,
2002,John Owens,Notre Dame,TE,75.0,265,9.5,32.0,,4.77,21.0,38.5,115.0,,,
2002,Melvin Paige,South Carolina,OG,77.0,314,9.5,33.25,,5.35,30.0,23.5,,,,
2002,Anton Palepoi,Nevada Las Vegas,DE,75.3,279,8.0,33.0,,4.82,24.0,33.5,113.0,4.27,7.46,
2002,Justin Peelle,Oregon,TE,76.4,255,10.0,32.75,,4.78,21.0,29.0,109.0,4.29,7.34,11.91
2002,Scott Peters,Arizona State,C,75.3,300,10.25,33.0,,5.14,36.0,33.5,95.0,4.69,7.68,
2002,Adrian Peterson,Georgia Southern,RB,70.0,214,9.75,31.75,,4.69,14.0,34.0,117.0,4.6,7.59,12.08
2002,Jermaine Petty,Arkansas,ILB,74.9,261,9.0,32.5,,4.79,20.0,33.5,114.0,4.34,,
2002,Jermaine Phillips,Georgia,FS,73.1,214,8.75,32.25,,4.65,18.0,31.5,113.0,,,
2002,Dwayne Pierce,Louisiana State,OG,74.0,319,9.5,33.0,,5.51,,26.0,91.0,5.23,8.12,
2002,Chester Pitts,San Diego State,OT,75.6,320,9.25,35.5,,5.22,,30.0,104.0,4.81,7.84,
2002,Brian Poli-Dixon,UCLA,WR,77.0,210,9.0,34.0,,4.5,,,,,,
2002,Monsanto Pope,Virginia,DT,75.5,295,9.5,32.5,,5.26,,,,,,
2002,Mike Pucillo,Auburn,OG,75.9,317,10.25,32.75,,5.31,26.0,28.0,,,,
2002,Zach Quaccia,Stanford,C,75.9,309,9.5,31.5,,5.37,23.0,26.5,91.0,4.6,7.9,
2002,Patrick Ramsey,Tulane (LA),QB,74.5,219,10.0,31.13,32.0,5.24,,33.5,111.0,4.09,7.12,
2002,Antwaan Randle El,Indiana,WR,69.6,191,9.5,30.5,,4.54,,,,,,
2002,Tellis Redmon,Minnesota,RB,71.0,210,,,,4.61,20.0,32.0,113.0,4.14,7.08,
2002,Kris Richard,Southern California,CB,71.0,186,9.25,29.13,,4.46,10.0,39.5,117.0,4.15,,
2002,Nick Rogers,Georgia Tech,OLB,74.0,251,9.0,33.25,,4.65,22.0,36.0,115.0,4.19,7.02,11.71
2002,Victor Rogers,Colorado,OG,78.1,331,9.75,35.13,,5.58,20.0,25.0,92.0,5.16,9.0,
2002,Frank Romero,Oklahoma,OG,76.0,300,9.75,32.0,,5.32,22.0,27.5,87.0,4.79,7.66,
2002,Robert Royal,Louisiana State,TE,77.0,253,,,,4.97,14.0,31.0,114.0,4.27,7.37,
2002,Cliff Russell,Utah,WR,71.4,185,9.0,32.5,,4.43,,,,,,
2002,Jake Schifino,Akron,WR,72.6,200,9.25,32.5,,4.47,,,,,,
2002,Josh Scobey,Kansas State,RB,71.4,218,9.25,31.25,,4.44,21.0,40.5,122.0,3.93,6.96,10.93
2002,Greg Scott,Hampton (VA),DE,75.6,268,11.75,33.25,,4.92,26.0,32.5,110.0,4.61,7.5,12.27
2002,Jason Scukanec,Brigham Young,C,74.1,304,9.5,31.0,,5.38,30.0,29.0,98.0,4.59,7.87,
2002,Josh Shaw,Michigan State,DT,74.6,279,9.75,32.75,,5.08,22.0,37.5,130.0,4.12,7.01,11.65
2002,Rick Sherrod,West Virginia,FS,73.8,192,9.0,32.0,,4.58,,37.0,115.0,4.11,7.09,11.2
2002,Kendall Simmons,Auburn,OG,74.6,311,8.75,30.5,,5.34,24.0,28.5,98.0,4.71,7.84,
2002,Ryan Sims,North Carolina,DT,76.1,311,9.5,33.0,,5.09,27.0,,,,,
2002,Bobby Sippio,Western Kentucky,CB,75.0,214,8.75,33.0,,4.73,12.0,37.0,120.0,4.2,6.78,
2002,Derek Smith,Kentucky,TE,76.0,271,9.0,31.5,,4.92,16.0,28.5,109.0,4.38,7.46,12.1
2002,Raonall Smith,Washington State,OLB,74.1,244,9.75,31.5,,4.56,26.0,42.0,121.0,4.11,7.1,11.38
2002,Steve Smith,Oregon,SS,72.6,193,9.25,31.5,,4.6,,30.5,107.0,4.22,7.0,
2002,Charles Stackhouse,Mississippi,FB,73.9,252,9.5,33.13,,4.98,20.0,29.0,109.0,4.53,7.63,12.16
2002,John Stamper,South Carolina,DE,76.1,265,10.5,32.13,,4.97,24.0,36.5,110.0,4.22,7.35,
2002,Connor Stephens,Mississippi State,DE,76.4,256,9.13,34.5,,4.93,20.0,36.5,119.0,4.55,7.5,
2002,Travis Stephens,Tennessee,RB,68.1,194,8.75,29.75,,4.59,15.0,32.0,121.0,,,
2002,Dominique Stevenson,Tennessee,OLB,72.3,231,8.75,31.5,,4.6,23.0,32.5,107.0,,,
2002,Lawrence Story,Jackson State (MS),WR,76.6,205,9.0,32.75,,4.67,,33.5,110.0,4.16,7.06,11.14
2002,Tim Stratton,Purdue,TE,76.0,251,9.0,30.5,,5.0,15.0,27.0,100.0,,,
2002,Jashon Sykes,Colorado,OLB,74.9,236,8.75,33.25,,4.81,23.0,34.5,115.0,4.34,7.25,11.94
2002,Ed Ta'amu,Utah,OG,73.9,335,10.5,33.25,,5.26,28.0,29.0,,,,
2002,Ben Taylor,Virginia Tech,ILB,73.9,236,10.13,31.5,,4.79,19.0,35.5,116.0,4.09,6.56,11.12
2002,Chester Taylor,Toledo,RB,70.8,213,9.75,30.13,,4.64,22.0,33.0,111.0,,,
2002,Bryan Thomas,Alabama-Birmingham,DE,76.4,266,9.0,33.5,,4.52,33.0,34.5,,,,
2002,Kevin Thomas,Nevada Las Vegas,CB,71.3,180,9.0,31.13,,4.68,10.0,35.0,122.0,,,
2002,Lew Thomas,Vanderbilt,RB,69.5,210,9.25,31.0,,4.59,17.0,36.0,113.0,4.21,6.87,11.52
2002,Robert Thomas,UCLA,OLB,72.0,229,8.5,31.0,,4.53,21.0,34.0,114.0,4.1,7.21,11.7
2002,Lamont Thompson,Washington State,FS,73.1,220,8.75,30.5,,4.56,12.0,33.5,116.0,,,
2002,Josh Thornhill,Michigan State,ILB,74.3,243,9.0,33.25,,4.76,27.0,36.5,121.0,4.19,7.15,11.76
2002,David Thornton,North Carolina,OLB,73.9,236,9.0,33.5,,4.66,26.0,35.5,116.0,4.09,6.93,11.5
2002,Ryan Tolhurst,Richmond (VA),WR,71.1,196,10.0,30.75,,4.46,,38.0,122.0,3.88,6.65,10.72
2002,Larry Tripplett,Washington,DT,73.8,305,9.75,33.0,,4.95,,30.0,100.0,4.35,,
2002,Kurt Vollers,Notre Dame,OT,79.1,321,9.75,34.0,,5.39,30.0,30.5,,,,
2002,Javon Walker,Florida State,WR,74.8,210,9.75,32.5,,4.4,,39.5,124.0,4.05,6.86,11.18
2002,Langston Walker,California,OT,80.0,344,,,,5.26,21.0,28.5,102.0,4.95,8.09,
2002,Lenny Walls,Boston College,CB,76.3,192,8.0,33.5,,4.7,7.0,37.0,115.0,,,
2002,Fred Weary,Tennessee,C,76.4,308,9.13,31.5,,5.39,34.0,32.0,100.0,4.63,7.68,
2002,Anthony Weaver,Notre Dame,DT,75.5,296,9.75,33.13,,4.96,24.0,32.5,108.0,4.31,7.37,
2002,Dante Wesley,Arkansas-Pine Bluff,CB,72.6,211,8.5,33.5,,4.47,15.0,35.0,114.0,4.22,7.25,11.5
2002,Brian Westbrook,Villanova,RB,68.4,200,10.13,29.5,,4.59,26.0,37.0,118.0,,7.09,
2002,Greg White,Minnesota,DE,75.1,268,9.0,31.5,,4.91,20.0,31.5,113.0,4.36,7.4,
2002,Brian Williams,North Carolina State,CB,71.6,207,8.5,30.5,,4.58,19.0,39.0,122.0,4.2,7.21,11.62
2002,Chad Williams,Southern Mississippi,SS,69.5,207,9.25,31.0,,4.5,20.0,36.5,120.0,,6.96,
2002,Leveron Williams,Indiana,RB,75.1,224,8.5,33.25,,4.66,16.0,,,,,
2002,Mike Williams,Texas,OT,77.6,375,9.25,33.5,,5.3,29.0,30.0,100.0,,,
2002,Ricky Williams,Texas Tech,RB,67.3,190,9.13,28.5,,4.48,19.0,32.5,108.0,,,
2002,Roosevelt Williams,Tuskegee (AL),CB,71.4,204,7.5,30.0,,4.59,23.0,38.0,119.0,,,
2002,Roy Williams,Oklahoma,SS,72.4,219,10.5,32.5,,4.53,13.0,30.5,111.0,,,
2002,Tank Williams,Stanford,FS,74.4,222,8.25,32.5,,4.41,19.0,38.5,119.0,3.93,6.78,11.22
2002,Coy Wire,Stanford,SS,71.8,209,9.75,30.25,,4.56,28.0,38.5,118.0,3.87,6.62,10.56
2002,Tracey Wistrom,Nebraska,TE,76.1,245,10.13,32.25,,4.95,17.0,33.5,113.0,4.1,7.09,11.71
2002,Will Witherspoon,Georgia,OLB,73.5,231,9.0,32.0,,4.63,25.0,38.0,120.0,4.21,7.09,11.56
2002,Chris Young,Georgia Tech,SS,71.9,210,8.75,31.0,,4.6,23.0,36.5,120.0,,,
2002,Greg Zolman,Vanderbilt,QB,73.8,220,8.0,31.0,23.0,4.9,,34.0,110.0,4.14,7.06,
2001,Keith Adams,Clemson,OLB,70.6,219,8.5,31.13,,4.81,24.0,,104.0,,,
2001,Dan Alexander,Nebraska,FB,71.9,257,9.5,31.0,,4.48,15.0,34.0,115.0,4.16,7.34,11.09
2001,Brian Allen,Florida State,OLB,72.1,238,9.0,31.5,,4.65,25.0,,,,,
2001,David Allen,Kansas State,RB,68.8,194,8.25,31.5,,4.65,15.0,31.0,111.0,,,
2001,Will Allen,Syracuse,CB,70.5,192,7.5,30.0,,4.44,14.0,39.5,121.0,3.9,6.78,10.96
2001,Scotty Anderson,Grambling State (LA),WR,74.1,184,7.5,31.5,,4.57,,34.5,115.0,,,
2001,Adam Archuleta,Arizona State,SS,71.9,211,7.75,30.5,,4.46,31.0,,,,,
2001,Tom Ashworth,Colorado,OG,77.8,293,10.0,35.0,,5.11,20.0,33.5,109.0,4.3,7.4,
2001,Billy Baber,Virginia,TE,75.6,255,9.5,32.5,,4.77,22.0,33.0,106.0,4.19,7.12,11.68
2001,Jeff Backus,Michigan,OT,77.5,310,9.5,32.5,,5.29,25.0,27.0,99.0,4.67,8.27,
2001,Alex Bannister,Eastern Kentucky,WR,76.6,201,8.5,32.0,,4.5,,30.5,110.0,,,
2001,Kevan Barlow,Pittsburgh,RB,73.1,235,9.0,32.0,,4.56,,32.0,,,,
2001,Idrees Bashir,Memphis,FS,74.3,206,9.5,31.5,,4.55,22.0,40.0,126.0,4.2,7.14,
2001,Gary Baxter,Baylor,CB,73.6,204,8.0,31.0,,4.52,,37.5,122.0,4.21,7.39,11.71
2001,Jonathan Beasley,Kansas State,QB,73.0,227,,,20.0,4.85,,29.5,102.0,4.38,7.55,
2001,Monty Beisel,Kansas State,DE,75.8,270,9.5,32.0,,4.82,26.0,34.5,110.0,4.28,7.32,
2001,Kendrell Bell,Georgia,ILB,73.3,234,10.5,32.0,,4.62,24.0,38.5,124.0,4.5,7.25,11.61
2001,Marcus Bell,Memphis,DT,73.5,319,10.0,32.5,,5.28,17.0,,98.0,4.71,8.07,
2001,Michael Bennett,Wisconsin,RB,69.3,207,8.5,31.0,,4.44,13.0,39.5,130.0,,,
2001,Eddie Berlin,Northern Iowa,WR,71.4,191,8.5,30.5,,4.44,,39.5,122.0,4.06,6.78,11.35
2001,Cory Bird,Virginia Tech,SS,70.3,217,10.0,30.25,,4.6,22.0,,,,,
2001,Darvell Bivens,Northwestern State (LA),FB,70.1,255,8.5,30.0,,5.03,32.0,33.5,108.0,4.38,7.81,12.43
2001,Randy Black,Nevada Las Vegas,SS,71.9,205,8.75,29.5,,4.71,,35.5,115.0,4.2,7.14,11.56
2001,Harold Blackmon,Northwestern,CB,71.4,210,8.0,31.0,,4.47,17.0,37.0,121.0,4.28,7.03,11.6
2001,Derrick Blaylock,Stephen F. Austin (TX),RB,69.9,194,8.0,29.5,,4.39,18.0,35.5,119.0,4.09,7.05,11.43
2001,Josh Booty,Louisiana State,QB,74.5,221,9.5,32.0,27.0,4.95,,29.5,105.0,4.48,7.54,
2001,Jarvis Borum,North Carolina State,OG,79.1,332,10.0,35.0,,5.04,25.0,30.5,107.0,4.83,8.08,
2001,James Boyd,Penn State,SS,71.0,207,,,,4.59,,32.5,117.0,4.24,7.29,
2001,Roylin Bradley,Texas A&M,OLB,73.1,243,9.0,32.0,,4.67,19.0,34.0,116.0,4.28,7.16,11.75
2001,Drew Brees,Purdue,QB,72.3,213,10.25,31.0,28.0,4.85,,32.0,105.0,4.21,7.09,
2001,Sean Brewer,San Jose State,TE,75.8,255,9.5,31.0,,4.75,14.0,36.0,117.0,4.18,7.37,12.15
2001,Chris Brown,Georgia Tech,OT,77.1,329,9.5,34.5,,5.33,30.0,36.0,,,,
2001,Kenny Bryant,Jackson State (MS),CB,70.6,190,8.75,31.0,,4.63,10.0,37.5,117.0,4.15,7.5,11.71
2001,Correll Buckhalter,Nebraska,RB,73.0,226,,,,4.53,11.0,40.0,,4.06,7.08,
2001,Derrick Burgess,Mississippi,DE,74.4,264,9.0,33.5,,4.9,24.0,40.0,125.0,,7.85,
2001,Jerametrius Butler,Kansas State,CB,70.0,173,,,,4.57,11.0,36.0,121.0,4.4,7.22,
2001,John Capel,Florida,WR,70.6,177,8.5,29.5,,4.41,,36.5,126.0,,,
2001,Elliott Carson,Vanderbilt,TE,76.5,246,9.5,32.25,,4.96,16.0,36.0,115.0,4.21,7.52,11.85
2001,Robert Carswell,Clemson,FS,71.9,214,9.5,30.0,,4.59,21.0,34.0,106.0,4.18,7.14,11.82
2001,Andre Carter,California,DE,76.4,249,9.5,35.5,,4.84,20.0,38.5,132.0,4.24,,
2001,Jonathan Carter,Troy (AL),WR,71.6,180,8.0,33.0,,4.4,,42.5,134.0,4.25,7.28,11.77
2001,Quincy Carter,Georgia,QB,74.1,225,9.0,32.5,30.0,4.61,,35.5,113.0,4.12,7.12,
2001,Quinton Caver,Arkansas,ILB,75.9,227,9.0,33.0,,4.66,23.0,37.5,118.0,4.25,7.66,11.87
2001,Chris Chambers,Wisconsin,WR,71.6,210,9.0,34.0,,4.33,,45.0,134.0,4.0,,
2001,Derrick Chambers,Florida,DT,75.6,299,9.75,35.0,,4.98,32.0,,,,,
2001,Patrick Chukwurah,Wyoming,OLB,73.6,238,8.5,31.5,,4.75,24.0,40.0,119.0,4.21,7.34,11.78
2001,Tay Cody,Florida State,CB,69.1,181,7.5,30.5,,4.55,11.0,,,,,
2001,Justin Coleman,Nebraska-Kearney,QB,76.4,238,9.0,31.5,31.0,5.19,20.0,29.5,101.0,4.62,7.78,11.21
2001,Derek Combs,Ohio State,RB,72.1,193,9.5,31.5,,4.45,8.0,35.0,120.0,4.07,6.96,10.97
2001,Jameel Cook,Illinois,FB,69.9,226,8.0,28.5,,4.79,17.0,29.5,108.0,4.38,7.55,12.09
2001,Chris Cooper,Nebraska-Omaha,DE,77.3,272,10.0,33.0,,4.96,24.0,35.5,114.0,4.21,7.12,
2001,Jarrod Cooper,Kansas State,SS,72.5,222,9.5,31.5,,4.43,,41.5,130.0,3.9,6.87,10.71
2001,Rodney Crayton,Auburn,CB,67.6,178,8.0,29.0,,4.58,13.0,35.5,118.0,4.4,7.25,11.43
2001,Rick Crowell,Colorado State,OLB,74.8,242,9.0,30.5,,5.0,19.0,31.5,109.0,4.35,7.54,12.34
2001,Corey Crume,Eastern Kentucky,RB,71.3,225,9.5,31.0,,4.78,15.0,37.0,115.0,4.32,7.36,11.9
2001,Alge Crumpler,North Carolina,TE,74.5,266,10.5,34.0,,4.79,22.0,34.0,112.0,4.43,7.38,11.9
2001,Will Cuthbert,Alabama,OG,77.1,318,9.5,33.5,,5.75,17.0,24.5,91.0,5.06,8.84,
2001,Ennis Davis,Southern California,DT,75.9,302,9.5,33.25,,5.1,23.0,27.5,99.0,4.87,7.98,
2001,Leonard Davis,Texas,OT,78.0,370,,,,5.32,33.0,28.0,105.0,5.18,8.2,
2001,Rick DeMulling,Idaho,OG,75.9,307,10.5,33.5,,5.29,32.0,31.5,108.0,4.6,7.62,
2001,Ryan Diem,Northern Illinois,OT,78.9,338,10.0,34.0,,5.14,,34.0,102.0,4.46,7.5,
2001,Tony Dixon,Alabama,SS,73.1,213,10.25,31.5,,4.57,17.0,37.0,117.0,,7.38,
2001,Charron Dorsey,Florida State,OT,77.6,348,11.0,34.5,,6.03,16.0,,,,,
2001,Eric Downing,Syracuse,DT,76.0,302,,,,5.23,27.0,,,,,
2001,Shawn Draper,Alabama,OG,75.4,303,10.0,33.5,,5.28,17.0,32.0,106.0,4.77,8.1,
2001,Patrick Dyson,Utah,CB,70.0,179,9.0,30.0,,4.55,,31.5,119.0,,,
2001,Nijrell Eason,Arizona State,CB,72.8,201,9.5,31.5,,4.59,19.0,34.5,119.0,,,
2001,Ron Edwards,Texas A&M,DT,75.3,293,10.0,33.5,,4.84,,,,,,
2001,Heath Evans,Auburn,FB,71.9,246,9.0,31.5,,4.61,30.0,34.5,111.0,4.24,7.3,11.86
2001,Mario Fatafehi,Kansas State,DT,73.9,295,9.5,32.0,,5.27,,,,,,
2001,Robert Ferguson,Texas A&M,WR,73.0,205,,,,4.48,,36.5,120.0,4.07,7.24,
2001,Bill Ferrario,Wisconsin,OG,74.3,314,9.5,32.0,,5.3,17.0,,,,,
2001,Dauntae' Finger,North Carolina,TE,76.0,262,,,,5.09,15.0,33.5,103.0,4.59,7.95,
2001,Richmond Flowers,Tennessee-Chattanooga,WR,71.1,195,9.5,29.5,,4.56,,35.5,114.0,3.96,6.98,10.99
2001,Kynan Forney,Hawaii,OG,74.4,312,9.13,32.25,,5.29,23.0,27.0,97.0,4.7,8.56,
2001,Shawn Forte,Maryland,FS,72.8,204,8.5,30.0,,4.54,20.0,,,,,
2001,Curtis Fuller,Texas Christian,FS,69.9,186,9.5,29.5,,4.43,18.0,36.0,114.0,4.21,7.2,
2001,Mike Gandy,Notre Dame,OG,76.4,305,10.0,34.0,,5.2,,30.5,103.0,4.71,8.03,
2001,Rod Gardner,Clemson,WR,74.3,219,10.0,33.0,,4.48,,36.0,,,,
2001,Roberto Garza,Texas A&M-Kingsville,C,74.1,303,10.0,32.5,,5.01,37.0,32.5,114.0,4.53,7.71,
2001,Reggie Germany,Ohio State,WR,73.1,183,9.0,32.0,,4.42,,32.0,,,,
2001,Derrick Gibson,Florida State,SS,73.6,218,9.0,33.25,,4.45,17.0,,,,,
2001,Jason Glenn,Texas A&M,OLB,72.6,236,9.75,32.5,,4.93,14.0,36.0,115.0,4.31,7.16,11.75
2001,Kenneth Grant,Kentucky,CB,70.3,204,9.0,31.5,,4.5,,39.0,115.0,4.34,7.15,11.59
2001,Morlon Greenwood,Syracuse,OLB,72.4,237,10.5,31.0,,4.61,21.0,33.5,112.0,4.08,7.62,11.78
2001,Shane Griggs,Idaho State,QB,75.9,199,8.5,32.0,29.0,4.84,,,,,,
2001,Adam Haayer,Minnesota,OG,78.1,298,8.5,34.13,,5.3,23.0,,,,,
2001,Corey Hall,Appalachian State (NC),FS,75.5,198,8.0,32.5,,4.52,14.0,36.5,127.0,,,
2001,Ben Hamilton,Minnesota,C,77.0,303,10.0,33.0,,5.29,17.0,33.5,106.0,4.62,7.62,
2001,Casey Hampton,Texas,DT,73.3,314,9.5,31.25,,5.25,34.0,,,,,
2001,Antoine Harris,Southern California,TE,75.4,260,9.5,32.0,,4.93,11.0,26.0,,,,
2001,Shaunard Harts,Boise State,SS,71.6,200,8.0,31.0,,4.51,12.0,34.5,119.0,,7.14,
2001,Edgerton Hartwell,Western Illinois,ILB,73.0,250,,,,4.86,18.0,36.5,114.0,4.56,7.64,
2001,Tim Hasselbeck,Boston College,QB,73.0,211,,,23.0,4.83,,33.0,113.0,4.4,7.27,
2001,Reggie Hayward,Iowa State,DE,77.0,255,9.0,34.5,,4.9,21.0,41.0,127.0,4.43,7.43,
2001,Todd Heap,Arizona State,TE,76.6,252,9.5,33.0,,4.68,22.0,32.0,,,,
2001,Jamie Henderson,Georgia,CB,73.5,202,10.0,32.0,,4.48,10.0,40.5,125.0,4.12,6.9,11.6
2001,Anthony Henry,South Florida,CB,72.8,198,9.0,32.5,,4.57,15.0,41.0,126.0,4.2,6.9,11.28
2001,Travis Henry,Tennessee,RB,69.1,223,8.0,30.0,,4.61,23.0,35.5,,,,
2001,Anthony Herron,Iowa,DE,75.0,280,10.0,33.5,,5.14,26.0,36.0,114.0,4.43,7.58,
2001,Josh Heupel,Oklahoma,QB,73.8,215,8.5,31.25,30.0,4.82,,37.5,114.0,4.15,7.18,
2001,Renaldo Hill,Michigan State,CB,71.0,178,8.5,30.5,,4.59,10.0,35.5,116.0,4.18,7.07,11.46
2001,Russ Hochstein,Nebraska,OG,75.5,300,9.0,33.0,,5.43,16.0,26.5,95.0,4.69,7.85,
2001,Sedrick Hodge,North Carolina,OLB,75.8,244,9.0,31.5,,4.48,21.0,32.0,120.0,4.09,,11.05
2001,Paul Hogan,Alabama,C,75.0,290,10.0,31.0,,5.46,26.0,29.0,102.0,4.54,7.78,
2001,Jabari Holloway,Notre Dame,TE,74.4,253,11.0,33.0,,4.94,20.0,38.5,113.0,4.4,7.14,11.4
2001,Menson Holloway,Texas-El Paso,DE,74.0,284,9.5,33.0,,4.9,19.0,34.5,111.0,4.43,7.54,
2001,Rashad Holman,Louisville,CB,70.6,186,9.5,32.0,,4.58,6.0,42.0,129.0,3.85,7.09,11.21
2001,Derek Homer,Kentucky,RB,68.4,194,9.0,30.0,,4.58,,32.5,113.0,4.3,7.24,11.65
2001,Margin Hooks,Brigham Young,WR,70.6,191,9.0,31.0,,4.46,,36.0,116.0,4.18,7.08,11.51
2001,Willie Howard,Stanford,DT,75.4,295,9.0,33.0,,4.94,23.0,,,,,
2001,John Howell,Colorado State,FS,71.6,204,8.5,31.5,,4.6,14.0,37.0,121.0,4.12,6.87,11.06
2001,Orlando Huff,Frenso State (CA),OLB,74.4,245,9.25,31.5,,4.7,16.0,,,,,
2001,Steve Hutchinson,Michigan,OG,77.1,315,10.25,32.5,,5.14,31.0,33.5,106.0,4.74,7.82,
2001,James Jackson,Miami (FL),RB,70.4,210,9.5,31.0,,4.55,,35.0,,,,
2001,Cedric James,Texas Christian,WR,74.3,204,10.5,34.0,,4.49,,43.0,134.0,,,
2001,Michael Jameson,Texas A&M,FS,71.4,186,9.0,30.5,,4.48,9.0,34.5,118.0,4.2,7.13,11.3
2001,Kris Jenkins,Maryland,DT,76.9,318,9.5,34.0,,5.18,33.0,31.0,108.0,4.4,7.85,
2001,Ortege Jenkins,Arizona,QB,72.6,234,9.0,32.0,14.0,4.83,,34.5,108.0,4.4,7.32,
2001,Jonas Jennings,Georgia,OT,75.6,334,10.0,34.0,,5.27,31.0,29.5,102.0,4.93,8.08,
2001,Ligarius Jennings,Tennessee State,CB,69.5,202,8.5,30.0,,4.62,11.0,34.0,120.0,4.03,7.07,11.46
2001,Chad Johnson,Oregon State,WR,73.0,192,9.5,32.0,,4.58,,33.0,108.0,4.14,7.51,
2001,Jevaris Johnson,Georgia,TE,77.5,257,8.5,33.5,,4.9,18.0,29.0,,,,
2001,Rudi Johnson,Auburn,RB,69.6,227,9.0,30.5,,4.57,24.0,37.5,119.0,4.22,7.32,11.84
2001,Kenyatta Jones,South Florida,OT,75.0,308,9.25,33.0,,5.02,31.0,,,,,
2001,Lamont Jordan,Maryland,RB,70.3,234,9.75,31.0,,4.57,24.0,37.0,,,,
2001,Bhawoh Jue,Penn State,CB,72.3,199,8.5,31.0,,4.53,,34.5,113.0,4.27,7.21,11.84
2001,Kevin Kasper,Iowa,WR,72.0,199,9.5,30.5,,4.44,,43.5,126.0,3.73,6.56,10.43
2001,Michael Keathley,Texas Christian,OG,75.6,308,10.0,32.0,,5.22,28.0,32.5,,,,
2001,Eric Kelly,Kentucky,CB,70.5,199,7.75,30.5,,4.47,15.0,36.0,120.0,4.18,7.24,11.43
2001,Rod Kelly,Northeastern State (OK),DE,77.0,254,,,,4.93,20.0,28.5,114.0,4.55,7.93,
2001,Andre King,Miami (FL),WR,71.9,199,9.5,31.25,,4.61,,35.5,,,,
2001,Ross Kolodziej,Wisconsin,DE,75.0,290,,,,4.87,25.0,34.5,111.0,4.36,7.32,
2001,Justin Kurpeikis,Penn State,DE,76.0,252,,,,4.97,22.0,31.5,118.0,4.1,6.82,
2001,George Layne,Texas Christian,FB,71.5,242,8.5,29.5,,4.64,,32.0,115.0,4.19,7.08,11.51
2001,Matt Lehr,Virginia Tech,OG,74.0,290,9.5,32.0,,5.28,28.0,31.5,111.0,4.44,7.59,
2001,Cleo Lemon,Arkansas State,QB,74.0,226,,,18.0,4.87,,35.5,106.0,4.27,7.33,
2001,Damione Lewis,Miami (FL),DT,74.8,293,8.5,34.0,,4.9,22.0,,,,,
2001,Victor Leyva,Arizona State,OG,75.4,313,9.5,32.25,,5.33,37.0,30.0,105.0,4.73,8.0,
2001,Matt Light,Purdue,OT,76.8,311,9.0,33.5,,5.3,26.0,,,4.49,7.84,
2001,Alex Lincoln,Auburn,ILB,72.1,251,9.5,30.0,,4.79,22.0,35.0,111.0,,,
2001,DeAngelo Lloyd,Tennessee,DE,77.0,264,10.5,32.0,,4.88,15.0,,,,,
2001,Arther Love,South Carolina State,TE,75.6,236,8.5,33.0,,4.85,24.0,36.0,,,,
2001,LaShaun Mack,Norfolk State (VA),C,75.0,299,,,,5.56,17.0,26.5,92.0,4.99,8.59,
2001,Brandon Manumaleuna,Arizona,TE,74.1,275,10.0,33.0,,5.0,,30.0,106.0,4.26,7.49,11.59
2001,David Martin,Tennessee,WR,76.1,242,9.0,32.25,,4.76,,37.0,127.0,,,
2001,Deuce McAllister,Mississippi,RB,73.1,222,9.13,31.5,,4.41,20.0,37.5,,,,
2001,Justin McCareins,Northern Illinois,WR,73.8,209,9.5,32.0,,4.46,,41.0,129.0,3.99,7.06,11.09
2001,Dustin McClintock,Alabama,FB,73.5,259,9.75,31.0,,5.37,7.0,30.0,105.0,4.58,8.1,
2001,Quentin McCord,Kentucky,WR,70.1,191,8.0,30.0,,4.49,,36.5,112.0,4.18,7.17,
2001,Marlon McCree,Kentucky,SS,71.0,197,8.5,30.0,,4.6,10.0,38.0,117.0,4.1,7.36,12.18
2001,Kareem McKenzie,Penn State,OT,77.9,328,10.5,35.0,,5.28,20.0,33.0,104.0,4.8,7.87,
2001,Mike McMahon,Rutgers,QB,74.4,207,9.75,32.0,27.0,4.55,,37.5,124.0,4.12,7.12,
2001,Shad Meier,Kansas State,TE,77.0,256,10.25,32.0,,4.84,20.0,34.0,113.0,4.15,7.14,11.65
2001,Willie Middlebrooks,Minnesota,CB,73.6,200,8.5,31.0,,4.5,17.0,,,,,
2001,Romaro Miller,Mississippi,QB,72.1,205,10.5,31.5,11.0,4.64,,35.0,110.0,4.51,7.4,
2001,Shawn Mills,Southern Mississippi,WR,72.0,180,8.0,29.5,,4.54,,34.5,116.0,4.15,7.12,11.51
2001,Snoop Minnis,Florida State,WR,73.0,171,,,,4.57,,37.5,115.0,4.07,7.06,
2001,Travis Minor,Florida State,RB,70.1,197,8.5,31.0,,4.46,9.0,32.0,115.0,,,
2001,Dwayne Missouri,Northwestern,DE,77.0,258,,,,5.03,21.0,38.0,116.0,4.4,7.5,
2001,Freddie Mitchell,UCLA,WR,71.4,185,8.5,31.0,,4.47,,39.5,120.0,4.06,6.95,
2001,Hodges Mitchell,Texas,RB,66.6,180,8.0,29.5,,4.53,15.0,32.5,,,,
2001,Mario Monds,Cincinnati,DT,75.3,342,10.0,32.5,,5.04,,28.5,99.0,4.73,8.06,
2001,Keon Moore,Southern Mississippi,CB,70.9,193,9.25,30.5,,4.57,10.0,37.5,119.0,4.2,7.06,11.32
2001,Quincy Morgan,Kansas State,WR,72.9,211,8.5,31.5,,4.48,,33.0,,,,
2001,Santana Moss,Miami (FL),WR,69.6,184,8.5,29.0,,4.31,,42.0,,,,
2001,Leonard Myers,Miami (FL),CB,70.3,190,9.25,30.5,,4.57,13.0,37.0,120.0,4.16,7.21,
2001,Brian Natkin,Texas-El Paso,TE,74.1,251,9.5,33.5,,5.04,20.0,27.0,98.0,4.59,7.78,12.46
2001,Carl Nesmith,Kansas,FS,74.0,223,8.5,31.0,,4.95,5.0,31.5,112.0,,,
2001,Bobby Newcombe,Nebraska,WR,70.5,195,9.5,32.0,,4.54,,37.0,117.0,3.98,6.86,11.31
2001,Richard Newsome,Michigan State,FS,70.6,203,9.0,30.5,,4.59,14.0,,,,,
2001,Mathias Nkwenti,Temple,OG,76.0,293,,,,5.57,29.0,35.5,113.0,4.18,7.66,
2001,Dennis Norman,Princeton,OG,75.9,305,10.5,32.5,,5.16,25.0,35.0,107.0,4.72,8.08,
2001,Moran Norris,Kansas,FB,72.9,250,8.5,33.0,,4.68,37.0,31.0,114.0,4.5,7.56,11.68
2001,Dan O'Leary,Notre Dame,TE,76.0,252,,,,5.02,16.0,32.0,113.0,4.31,7.4,
2001,Ifeanyi Ohalete,Southern California,FS,73.6,221,9.0,31.0,,4.64,16.0,,,,,
2001,Chukky Okobi,Purdue,C,73.0,316,9.0,33.0,,5.33,24.0,32.5,103.0,4.61,7.87,
2001,Jesse Palmer,Florida,QB,74.0,231,9.75,31.5,32.0,4.79,,35.5,112.0,4.29,7.13,
2001,Saul Patu,Oregon,DE,74.4,272,11.0,31.25,,4.98,22.0,30.5,112.0,4.43,7.52,
2001,Tupe Peko,Michigan State,C,75.9,300,10.25,32.5,,5.36,18.0,28.0,92.0,4.56,8.1,
2001,Devonte Peterson,Catawba (NC),DE,74.8,275,9.0,34.0,,5.02,31.0,,,,,
2001,Will Peterson,Western Illinois,CB,72.0,197,8.5,31.0,,4.51,13.0,38.5,120.0,,,
2001,Jeremiah Pharms,Washington,OLB,72.5,257,9.5,32.0,,4.88,,32.5,106.0,4.53,7.37,11.9
2001,Carlos Polk,Nebraska,ILB,74.1,251,9.0,34.0,,4.72,,,,,,
2001,Nate Poole,Marshall (WV),WR,73.5,198,9.0,32.5,,4.8,,32.5,112.0,4.22,7.26,11.69
2001,Ryan Prince,Weber State (UT),TE,76.4,257,9.5,33.0,,4.98,20.0,31.0,102.0,4.45,7.65,12.56
2001,Casey Rabach,Wisconsin,C,76.5,298,10.5,32.0,,5.23,19.0,34.5,,,,
2001,Dominic Raiola,Nebraska,C,74.0,307,,,,5.13,29.0,33.0,108.0,4.35,7.55,
2001,Ken-Yon Rambo,Ohio State,WR,72.6,196,8.0,30.0,,4.34,,39.0,,,,
2001,Ray Redziniak,Illinois,OG,74.6,296,9.0,31.0,,5.46,32.0,27.0,92.0,4.77,8.17,
2001,Jamal Reynolds,Florida State,DE,74.9,267,9.5,32.5,,4.71,,,,,,
2001,Karon Riley,Minnesota,DE,74.4,264,9.0,32.0,,4.76,,,,,,
2001,David Rivers,Western Carolina,QB,75.0,223,,,27.0,4.73,,31.5,115.0,4.2,7.37,
2001,Marcellus Rivers,Oklahoma State,TE,76.4,247,8.5,32.5,,4.86,7.0,32.5,113.0,4.25,7.04,11.42
2001,Mike Roberg,Idaho,TE,76.4,256,9.5,32.5,,4.75,16.0,34.5,117.0,4.4,7.28,12.1
2001,Bernard Robertson,Tulane (LA),OG,74.9,308,9.0,32.0,,5.24,19.0,30.0,106.0,4.58,8.06,
2001,Koren Robinson,North Carolina State,WR,73.5,211,9.0,31.5,,4.61,,38.5,123.0,,,
2001,Kendrick Rogers,Central Missouri,OT,77.0,311,,,,5.16,23.0,,,,,
2001,Sage Rosenfels,Iowa State,QB,76.4,228,10.25,32.0,32.0,4.77,,34.0,107.0,4.29,7.07,
2001,Jace Sayler,Michigan State,DT,77.1,294,9.75,32.5,,5.07,29.0,31.0,105.0,4.59,7.81,
2001,John Schlecht,Minnesota,DT,72.3,295,10.0,31.5,,4.93,27.0,31.5,101.0,4.3,7.45,
2001,Aaron Schobel,Texas Christian,DE,75.6,263,10.5,32.0,,4.75,,38.0,119.0,4.03,7.16,11.23
2001,Carey Scott,Kentucky State,CB,71.1,208,9.0,32.0,,4.58,,30.0,113.0,4.18,7.52,11.71
2001,Cedric Scott,Southern Mississippi,DE,78.1,281,9.0,35.0,,4.82,23.0,35.5,107.0,4.37,7.67,
2001,Anthony Sessions,Tennessee,OLB,71.8,228,8.5,31.5,,4.78,19.0,,,,,
2001,Marcel Shipp,Massachusetts,RB,70.6,222,10.0,32.0,,4.75,18.0,32.5,115.0,,,
2001,Elliot Silvers,Washington,OT,78.9,348,11.0,35.0,,5.42,19.0,31.5,99.0,4.66,7.81,
2001,Rickie Simpkins,Syracuse,DT,74.6,287,8.5,33.5,,5.25,,29.5,97.0,4.52,7.65,
2001,Dwight Smith,Akron,CB,69.6,212,9.0,29.5,,4.5,15.0,33.5,114.0,,,
2001,Justin Smith,Missouri,DE,76.1,267,9.0,32.5,,4.64,26.0,34.0,117.0,,,
2001,Kenny Smith,Alabama,DT,76.0,299,,,,5.24,,30.0,100.0,4.8,8.0,
2001,Omar Smith,Kentucky,OG,73.6,293,10.25,33.5,,5.27,21.0,30.0,98.0,,,
2001,Steve Smith,Utah,WR,69.0,184,9.25,31.5,,4.44,,38.5,121.0,4.25,7.44,12.15
2001,Brandon Spoon,North Carolina,ILB,74.4,245,9.0,31.0,,4.73,33.0,35.5,110.0,4.15,7.3,11.43
2001,Markus Steele,Southern California,OLB,74.9,232,9.0,30.0,,4.62,,33.0,119.0,4.5,7.15,11.71
2001,Daleroy Stewart,Southern Mississippi,DT,75.5,309,9.5,33.5,,4.86,,33.0,110.0,4.72,7.75,
2001,Matt Stewart,Vanderbilt,OLB,75.6,236,10.0,31.5,,4.75,23.0,37.0,117.0,4.2,7.08,11.15
2001,Russell Stewart,Stanford,TE,76.1,251,9.5,31.25,,4.98,17.0,28.5,106.0,4.3,7.46,11.84
2001,Tony Stewart,Penn State,TE,77.5,256,10.0,34.0,,4.97,,35.5,109.0,4.4,7.3,12.03
2001,Michael Stone,Memphis,CB,71.3,191,8.5,32.0,,4.51,17.0,41.0,127.0,,,
2001,Marcus Stroud,Georgia,DT,78.1,321,10.0,34.5,,5.13,21.0,30.0,110.0,4.72,8.07,
2001,Tim Stuber,Colorado State,OG,77.0,315,9.5,31.5,,5.6,22.0,28.0,96.0,4.75,8.06,
2001,Alex Sulfsted,Miami (OH),OG,75.9,312,10.0,33.0,,5.3,,30.5,96.0,,,
2001,Marques Sullivan,Illinois,OT,77.1,338,10.0,33.0,,5.31,28.0,30.5,98.0,4.8,8.36,
2001,Vinny Sutherland,Purdue,WR,68.6,192,8.5,29.5,,4.57,,32.5,,,,
2001,Joe Tafoya,Arizona,DE,75.9,269,9.5,31.0,,4.88,28.0,33.0,111.0,4.4,7.65,
2001,Chris Taylor,Texas A&M,WR,70.9,183,7.5,30.0,,4.37,,35.5,115.0,3.93,6.81,10.85
2001,David Terrell,Michigan,WR,75.1,213,9.25,31.5,,4.43,,38.0,,,,
2001,Anthony Thomas,Michigan,RB,73.6,229,10.0,32.0,,4.62,20.0,32.5,115.0,4.44,7.48,12.09
2001,Clevan Thomas,Florida State,CB,69.1,189,,,,4.6,,36.0,118.0,4.24,7.42,
2001,Tarlos Thomas,Florida State,OT,77.4,336,9.5,33.0,,5.55,19.0,25.0,92.0,4.9,8.6,
2001,LaDainian Tomlinson,Texas Christian,RB,70.3,221,9.0,31.0,,4.43,18.0,40.5,124.0,4.21,6.84,11.19
2001,Ja'Mar Toombs,Texas A&M,FB,72.3,281,9.0,31.0,,4.72,17.0,30.0,,,,
2001,Paul Toviessi,Marshall (WV),DE,77.9,260,8.75,35.25,,4.74,,33.5,120.0,4.32,7.06,
2001,Albert Traylor,Northwestern State (LA),OG,74.8,307,8.5,33.5,,5.41,20.0,27.0,96.0,,8.34,
2001,Marques Tuiasosopo,Washington,QB,73.1,223,9.0,31.0,24.0,4.71,,35.5,115.0,4.35,7.36,
2001,T.J. Turner,Michigan State,ILB,74.6,273,9.5,32.25,,4.75,,,,,,
2001,Chris Valletta,Texas A&M,OG,75.0,299,,,,5.32,18.0,33.5,98.0,4.53,7.9,
2001,Kyle Vanden Bosch,Nebraska,DE,76.1,270,9.5,32.0,,4.66,26.0,36.5,119.0,4.08,6.82,
2001,Patrick Venzke,Idaho,OT,78.0,303,9.5,34.0,,5.21,,34.0,103.0,4.59,8.08,
2001,Michael Vick,Virginia Tech,QB,72.0,210,8.5,31.5,20.0,4.33,,38.0,,,,
2001,Keydrick Vincent,Mississippi,OG,77.0,328,10.0,34.0,,5.59,23.0,32.5,94.0,,,
2001,Fred Wakefield,Illinois,DE,79.1,287,9.5,33.5,,5.07,26.0,29.0,108.0,4.64,7.49,
2001,Kenyatta Walker,Florida,OT,76.9,311,9.5,34.0,,5.18,24.0,31.5,109.0,4.6,7.7,
2001,Raymond Walls,Southern Mississippi,CB,70.8,176,9.0,30.5,,4.49,,39.0,124.0,4.18,,11.34
2001,Chad Ward,Washington,OG,76.4,321,9.0,31.0,,5.2,26.0,32.5,99.0,4.9,7.98,
2001,David Warren,Florida State,DE,74.4,253,9.0,32.0,,4.73,21.0,,,4.46,7.53,
2001,Reggie Wayne,Miami (FL),WR,72.0,198,9.0,32.0,,4.45,,36.0,,,,
2001,Eric Westmoreland,Tennessee,OLB,71.6,236,9.0,30.5,,4.65,21.0,36.5,115.0,4.21,7.47,11.68
2001,Deonce Whitaker,San Jose State,RB,66.0,177,,,,4.52,23.0,36.0,,,,
2001,Emile White,Houston,SS,72.1,219,8.5,32.0,,4.65,16.0,34.5,111.0,,7.26,
2001,Reggie White,Oklahoma State,RB,71.6,228,8.0,32.0,,4.59,17.0,37.5,114.0,4.4,7.48,11.87
2001,James Whitley,Michigan,CB,70.4,193,9.0,31.0,,4.7,9.0,39.0,118.0,4.4,7.04,11.53
2001,Boo Williams,Arkansas,TE,76.0,237,9.0,33.5,,4.72,,35.5,119.0,4.33,7.1,11.65
2001,Brock Williams,Notre Dame,CB,69.6,183,9.5,31.5,,4.46,11.0,42.5,130.0,4.21,6.7,10.48
2001,Jimmy Williams,Vanderbilt,CB,70.1,188,9.0,30.5,,4.6,,36.0,120.0,,7.12,
2001,Louis Williams,Louisiana State,OG,76.4,299,9.0,31.0,,5.44,25.0,28.5,103.0,4.67,7.86,
2001,Marcus Williams,Washington State,WR,77.0,230,,,,4.56,,41.0,130.0,4.2,7.37,
2001,Maurice Williams,Michigan,OT,77.0,304,10.0,34.0,,5.2,24.0,,,,,
2001,Adrian Wilson,North Carolina State,SS,74.4,213,8.0,32.0,,4.55,21.0,39.5,120.0,,,
2001,Cedrick Wilson,Tennessee,WR,69.8,179,9.5,29.0,,4.46,,38.0,123.0,,,
2001,Jamie Winborn,Vanderbilt,ILB,71.0,229,8.5,31.5,,4.63,,35.5,111.0,,,
2001,Floyd Womack,Mississippi State,OG,76.0,345,,,,5.57,23.0,29.5,97.0,4.96,8.78,
2001,Shawn Worthen,Texas Christian,DT,73.0,310,,,,5.18,23.0,30.0,103.0,4.61,7.5,
2001,Ellis Wyms,Mississippi State,DE,75.1,285,9.75,32.5,,4.97,21.0,28.0,103.0,4.47,7.71,
2001,Paul Zukauskas,Boston College,OG,77.1,307,10.0,32.5,,5.3,22.0,,,,,
2000,Darnell Alford,Boston College,OT,76.0,334,10.5,34.0,,5.58,23.0,25.0,94.0,4.98,8.48,
2000,Kyle Allamon,Texas Tech,TE,74.5,253,9.88,31.0,,5.01,,29.0,104.0,4.49,7.29,12.47
2000,Rashard Anderson,Jackson State (MS),CB,74.4,206,10.0,33.0,,4.59,,34.0,123.0,4.15,7.18,11.72
2000,Corey Atkins,South Carolina,OLB,72.4,237,9.75,31.88,,4.76,21.0,31.0,112.0,4.39,7.96,11.87
2000,Reggie Austin,Wake Forest,CB,69.4,175,8.5,30.0,,4.46,17.0,35.0,119.0,4.14,7.03,
2000,Mark Baniewicz,Syracuse,OT,77.9,312,9.25,32.75,,5.36,20.0,28.0,96.0,4.73,7.72,
2000,Rashidi Barnes,Colorado,FS,71.6,208,9.5,32.0,,4.63,10.0,35.0,114.0,4.32,6.92,11.35
2000,David Barrett,Arkansas,CB,69.9,199,10.0,31.13,,4.48,16.0,37.5,116.0,4.04,6.81,10.77
2000,William Bartee,Oklahoma,CB,73.0,192,,,,4.43,,38.5,124.0,3.99,6.7,
2000,Terrance Beadles,Arkansas-Pine Bluff,OG,74.9,312,10.13,33.0,,5.21,29.0,,,,,
2000,Robert Bean,Mississippi State,CB,71.0,178,,,,4.5,,34.5,122.0,4.2,6.87,
2000,Anthony Becht,West Virginia,TE,77.6,270,10.5,32.63,,4.78,,33.5,123.0,4.08,6.94,11.51
2000,Rogers Beckett,Marshall (WV),FS,73.5,207,9.5,33.5,,4.64,15.0,39.5,119.0,4.29,6.48,11.24
2000,Brad Bedell,Colorado,OG,76.4,302,10.0,32.38,,5.12,17.0,31.5,103.0,4.58,7.76,
2000,Marcus Bell,Arizona,ILB,73.6,237,10.13,31.88,,4.8,21.0,31.5,111.0,4.33,7.17,11.73
2000,Michael Boireau,Miami (FL),DE,76.1,274,10.25,34.0,,5.12,26.0,29.0,105.0,4.49,7.68,
2000,Matt Bowen,Iowa,SS,73.1,201,9.0,30.25,,4.51,12.0,33.0,115.0,4.09,7.06,11.37
2000,Tom Brady,Michigan,QB,76.4,211,9.38,32.75,33.0,5.3,,24.5,99.0,4.38,7.2,
2000,Robert Brannon,Iowa State,DT,75.8,309,9.25,33.25,,5.22,28.0,28.5,99.0,4.7,7.82,
2000,Demario Brown,Utah State,RB,72.4,217,9.13,31.25,,4.74,,31.0,107.0,4.39,7.17,11.79
2000,Keith Brown,UCLA,RB,71.1,216,10.0,31.0,,4.68,,30.0,117.0,4.08,6.64,11.21
2000,Mike Brown,Nebraska,SS,69.9,204,9.13,30.5,,4.6,14.0,36.0,116.0,4.01,6.93,11.0
2000,Ralph Brown,Nebraska,CB,69.9,204,9.13,30.5,,4.6,14.0,36.0,116.0,4.01,6.93,11.0
2000,Travis Brown,Northern Arizona,QB,75.5,218,9.0,31.25,35.0,5.03,,29.0,101.0,4.87,7.54,
2000,Lamont Bryant,Notre Dame,DE,75.4,260,11.13,34.75,,4.92,17.0,,,,,
2000,Marc Bulger,West Virginia,QB,73.6,208,9.25,30.63,29.0,4.96,,,100.0,4.34,7.46,
2000,Keith Bulluck,Syracuse,OLB,75.0,244,10.75,33.5,,4.47,,38.0,119.0,4.13,7.33,11.41
2000,Bill Burke,Michigan State,QB,75.9,206,9.88,32.25,30.0,5.07,,28.5,107.0,4.42,7.46,
2000,Plaxico Burress,Michigan State,WR,77.4,231,9.5,33.75,,4.59,,33.0,115.0,,,
2000,David Byrd,Syracuse,CB,71.4,202,9.13,30.5,,4.55,14.0,36.0,117.0,4.39,7.18,11.54
2000,Trung Canidate,Arizona,RB,70.6,193,8.13,29.75,,4.46,18.0,,,,,
2000,Cooper Carlisle,Florida,OG,77.4,297,10.0,31.75,,5.2,28.0,31.0,100.0,4.48,7.82,
2000,Giovanni Carmazzi,Hofstra (NY),QB,74.6,224,9.5,32.25,32.0,4.76,,36.5,119.0,4.23,6.94,
2000,Leonardo Carson,Auburn,DE,73.5,283,9.75,31.0,,5.06,22.0,28.0,106.0,4.75,7.82,
2000,Tyrone Carter,Minnesota,SS,67.6,190,9.13,30.0,,4.53,16.0,41.0,121.0,4.19,6.75,10.99
2000,Kwame Cavil,Texas,WR,73.6,208,10.0,31.13,,4.54,,39.5,118.0,,,
2000,Doug Chapman,Marshall (WV),RB,70.0,215,9.5,30.0,,4.59,16.0,38.5,128.0,4.2,6.84,11.36
2000,Ike Charlton,Virginia Tech,CB,71.1,205,9.5,32.0,,4.47,16.0,,126.0,,,
2000,Chrys Chukwuma,Arkansas,RB,73.0,232,,,,4.56,,,115.0,,,
2000,Joey Chustz,Louisiana Tech,OT,78.6,304,10.13,34.0,,5.12,28.0,31.0,103.0,4.65,7.65,
2000,Kendrick Clancy,Mississippi,DT,72.9,283,10.0,32.0,,5.28,25.0,27.5,108.0,4.65,7.98,
2000,Travis Claridge,Southern California,OG,77.1,303,9.88,33.5,,5.18,29.0,31.5,100.0,4.86,7.77,
2000,Danny Clark,Illinois,ILB,74.1,245,10.5,33.0,,4.77,20.0,,,,,
2000,Chad Clifton,Tennessee,OT,77.3,334,9.88,33.0,,5.12,24.0,30.5,102.0,4.73,7.58,
2000,Chris Cole,Texas A&M,WR,72.1,191,9.5,32.5,,4.37,,37.5,125.0,4.09,6.76,
2000,Chris Coleman,North Carolina State,WR,71.8,211,9.13,31.5,,4.65,,32.5,110.0,4.1,6.79,11.33
2000,Cosey Coleman,Tennessee,OG,76.0,322,,,,5.4,,28.0,101.0,4.97,8.15,
2000,Laveranues Coles,Florida State,WR,71.3,192,9.0,30.63,,4.48,,34.0,115.0,4.39,6.89,11.34
2000,Chris Combs,Duke,DT,76.8,286,10.0,32.5,,5.18,22.0,,,,,
2000,Kurth Connell,Washington,OT,76.1,291,8.88,32.0,,5.54,27.0,33.0,103.0,4.84,8.14,
2000,Rameel Connor,Illinois,DE,75.3,276,11.38,33.5,,5.01,25.0,35.5,121.0,4.45,7.65,
2000,Ashley Cooper,Mississippi State,SS,70.3,208,8.75,30.0,,4.69,16.0,,117.0,,,
2000,D.J. Cooper,Arkansas,DT,74.9,277,10.25,32.88,,5.23,,28.0,108.0,4.49,7.41,
2000,Renard Cox,Maryland,CB,71.4,192,9.38,32.0,,4.72,13.0,38.0,111.0,,7.1,
2000,Casey Crawford,Virginia,TE,77.9,244,9.5,33.5,,4.83,18.0,,,,,
2000,Sedrick Curry,Texas A&M,CB,73.5,197,9.5,30.75,,4.47,,39.0,125.0,3.94,6.34,11.23
2000,JoeDean Davenport,Arkansas,TE,78.9,268,10.25,34.5,,5.15,13.0,30.0,108.0,4.67,7.33,12.36
2000,Adam Davis,Oklahoma State,OG,75.9,309,9.5,32.25,,5.69,,26.0,92.0,5.0,8.51,
2000,JaJuan Dawson,Tulane (LA),WR,73.0,199,,,,4.55,,34.0,117.0,4.16,6.96,
2000,Jerry DeLoach,California,DT,74.9,314,10.0,33.75,,5.01,19.0,31.5,101.0,4.57,7.4,
2000,Mike Derouselle,Houston,DT,74.4,314,10.5,34.5,,5.29,27.0,27.5,96.0,4.8,7.67,
2000,Reuben Droughns,Oregon,RB,71.3,215,9.0,31.25,,4.68,13.0,30.0,115.0,4.41,7.34,12.38
2000,Ron Dugans,Florida State,WR,73.4,206,10.0,31.5,,4.58,,,117.0,,,
2000,Deon Dyer,North Carolina,FB,70.9,260,9.88,31.5,,5.03,,28.0,104.0,4.81,7.88,12.53
2000,Mario Edwards,Florida State,CB,72.1,191,10.0,31.0,,4.46,32.0,32.5,120.0,4.55,7.44,
2000,John Engelberger,Virginia Tech,DE,76.3,260,9.25,33.13,,4.74,24.0,34.0,115.0,4.28,6.95,
2000,Dwan Epps,Texas Southern,ILB,73.0,242,10.75,32.5,,4.68,8.0,34.5,,,,
2000,Kevin Feterik,Brigham Young,QB,71.0,207,9.0,31.0,18.0,4.94,,31.0,106.0,4.45,7.3,
2000,Aaron Fields,Troy (AL),DE,75.6,243,9.0,32.5,,4.8,22.0,34.0,115.0,4.56,7.51,
2000,Zeron Flemister,Iowa,TE,76.4,249,9.38,33.38,,4.74,14.0,37.0,116.0,4.16,6.92,11.32
2000,Erik Flowers,Arizona State,DE,76.3,271,8.88,31.88,,4.78,24.0,33.0,114.0,4.15,7.21,11.6
2000,Derrick Foster,Texas A&M-Kingsville,RB,71.4,201,9.75,31.75,,4.45,19.0,34.5,117.0,4.36,6.84,11.36
2000,Larry Foster,Louisiana State,WR,69.9,198,9.25,30.0,,4.57,,37.0,121.0,4.06,6.88,11.16
2000,John Frank,Utah,DE,75.8,280,9.5,32.0,,4.81,32.0,37.0,117.0,4.27,7.07,
2000,Todd Franz,Tulsa (OK),FS,73.0,199,8.75,30.5,,4.55,14.0,,,,,
2000,Arturo Freeman,South Carolina,FS,72.4,188,9.5,31.0,,4.58,14.0,35.5,124.0,4.38,6.91,11.2
2000,Byron Frisch,Brigham Young,DE,76.4,281,10.0,32.25,,4.77,31.0,34.5,114.0,4.41,7.2,
2000,Justin Fuente,Murray State (KY),QB,73.4,225,9.13,32.0,33.0,5.24,,27.5,100.0,4.42,7.51,
2000,Mondriel Fulcher,Miami (FL),FB,75.4,253,10.13,32.5,,4.89,18.0,27.0,116.0,4.52,7.46,
2000,Trent Gamble,Wyoming,FS,69.3,186,8.88,30.0,,4.58,21.0,37.0,124.0,3.9,6.6,11.01
2000,Jason Gavadza,Kent State (OH),TE,75.0,249,,,,4.62,22.0,32.5,113.0,4.3,7.15,
2000,Trevor Gaylor,Miami (OH),WR,75.3,199,9.5,32.75,,4.59,,37.5,121.0,4.29,7.03,
2000,Kabeer Gbaja-Biamila,San Diego State,OLB,76.0,243,,,,4.65,21.0,34.0,120.0,4.28,6.9,
2000,Sherrod Gideon,Southern Mississippi,WR,71.1,173,9.0,29.75,,4.69,,,,,,
2000,Ian Gold,Michigan,OLB,73.1,221,9.88,31.5,,4.58,21.0,33.0,115.0,4.19,6.97,11.5
2000,Deon Grant,Tennessee,SS,73.8,209,10.0,32.25,,4.5,15.0,,,,,
2000,Ernest Grant,Arkansas-Pine Bluff,DT,77.3,316,10.13,34.88,,5.33,24.0,29.5,98.0,5.03,8.0,
2000,Lamar Grant,Duke,CB,70.8,188,9.75,31.0,,4.66,16.0,32.0,117.0,4.3,7.3,11.97
2000,Brian Gray,Brigham Young,CB,73.3,214,9.5,32.0,,4.95,19.0,33.5,116.0,4.24,7.38,12.08
2000,Jonathan Gray,Texas Tech,OT,76.1,338,10.5,36.25,,5.94,20.0,23.0,94.0,,,
2000,Barrett Green,West Virginia,OLB,73.0,233,,,,4.56,22.0,36.0,120.0,,,
2000,Mike Green,Houston,FB,71.6,253,9.25,31.88,,4.8,25.0,28.5,108.0,4.34,7.08,11.77
2000,Mike Green,Northwestern State (LA),FS,72.1,189,9.5,31.88,,4.56,,38.5,118.0,4.2,,11.42
2000,Cornelius Griffin,Alabama,DE,75.1,297,10.0,33.0,,4.91,30.0,31.0,111.0,4.62,7.63,
2000,Clark Haggans,Colorado State,OLB,75.4,253,9.63,32.25,,5.01,20.0,31.5,109.0,4.21,7.12,11.93
2000,Dante' Hall,Texas A&M,RB,67.8,191,8.88,29.5,,4.46,18.0,38.0,123.0,3.82,6.62,10.72
2000,James Hall,Michigan,DE,74.1,271,10.0,33.5,,5.04,,32.0,111.0,4.51,7.86,
2000,Troy Hambrick,Savannah State (GA),RB,72.1,237,9.25,32.38,,4.72,21.0,34.5,118.0,4.44,7.48,11.69
2000,Joe Hamilton,Georgia Tech,QB,70.3,192,9.0,30.5,18.0,4.84,,,106.0,,,
2000,Thomas Hamner,Minnesota,RB,72.1,197,10.25,31.25,,4.54,17.0,32.0,125.0,4.07,6.97,11.39
2000,D'Andre Hardeman,Texas A&M,FB,70.0,238,10.0,31.75,,4.82,,30.0,109.0,4.36,7.27,12.25
2000,Antwan Harris,Virginia,CB,69.1,186,8.88,30.75,,4.37,16.0,39.0,121.0,4.01,6.75,11.11
2000,Jeff Harris,Georgia,CB,72.4,190,9.13,31.0,,4.55,,34.5,114.0,4.25,6.73,11.56
2000,Lloyd Harrison,North Carolina State,CB,70.0,190,9.63,30.13,,4.57,16.0,37.5,119.0,4.25,7.12,11.62
2000,Windrell Hayes,Southern California,WR,71.0,204,,,,4.5,,,,4.18,7.33,
2000,Semisi Heimuli,Texas A&M,OG,73.4,312,9.88,32.88,,5.43,20.0,29.0,94.0,4.63,7.94,
2000,Chris Hovan,Boston College,DT,74.4,305,10.13,31.5,,5.0,35.0,30.0,101.0,4.16,6.85,
2000,Darren Howard,Kansas State,DE,75.8,281,10.75,34.75,,5.11,,29.0,108.0,4.32,7.0,
2000,Ethan Howell,Oklahoma State,CB,71.0,186,,,,4.56,16.0,,,4.13,6.98,
2000,Aaron Humphrey,Texas,DE,74.9,254,10.0,32.5,,5.13,21.0,34.0,119.0,,,
2000,Todd Husak,Stanford,QB,75.1,216,9.75,32.0,39.0,5.22,,27.5,99.0,4.41,7.17,
2000,Jabari Issa,Washington,DT,76.9,296,10.88,34.5,,5.14,19.0,31.5,105.0,4.72,7.69,
2000,Al Jackson,Louisiana State,OG,74.6,304,10.88,32.5,,5.2,19.0,,,,,
2000,Darrell Jackson,Florida,WR,71.8,197,9.5,31.25,,4.58,,,,,,
2000,Jarious Jackson,Notre Dame,QB,73.0,226,,,18.0,4.68,,,109.0,,,
2000,Keith Jackson,Cheyney (PA),DT,76.3,319,9.75,32.25,,5.21,28.0,,,,,
2000,Marlion Jackson,Saginaw Valley State (MI),RB,73.0,242,10.0,32.0,,4.65,24.0,35.5,125.0,4.14,7.15,11.38
2000,Jeno James,Auburn,OG,75.1,320,10.13,34.88,,5.66,24.0,25.5,94.0,5.22,8.51,
2000,Ronney Jenkins,Northern Arizona,RB,70.5,184,8.88,30.0,,4.51,18.0,,118.0,,,
2000,Brandon Jennings,Texas A&M,FS,72.4,198,9.0,30.75,,4.54,16.0,38.0,123.0,4.14,6.91,11.16
2000,Ryan Johanningmeier,Colorado,OG,77.9,310,10.13,32.25,,5.28,,29.0,107.0,4.66,7.9,
2000,Doug Johnson,Florida,QB,74.4,226,9.5,30.5,28.0,4.95,,29.5,96.0,,,
2000,Dwight Johnson,Baylor,DT,76.0,285,9.25,33.0,,5.03,26.0,28.0,105.0,4.76,7.51,
2000,Eric Johnson,Nebraska,SS,72.0,215,10.0,31.25,,4.63,12.0,38.0,121.0,4.17,6.96,11.51
2000,Jerry Johnson,Florida State,DT,72.5,293,10.25,33.75,,5.09,26.0,28.5,102.0,,,
2000,Matt Johnson,Brigham Young,OG,76.0,345,10.25,32.63,,5.6,35.0,28.0,99.0,4.99,8.07,
2000,Dhani Jones,Michigan,OLB,73.1,240,10.0,32.25,,4.69,29.0,,,,,
2000,Fred Jones,Colorado,OLB,74.0,247,9.5,34.5,,4.98,17.0,32.0,113.0,4.39,7.27,11.88
2000,John Jones,Indiana (PA),TE,76.3,248,10.0,34.5,,4.64,13.0,38.5,125.0,4.43,7.33,11.59
2000,Leander Jordan,Indiana (PA),OG,75.9,330,11.0,35.25,,5.53,25.0,31.0,104.0,4.76,7.91,
2000,Morgan Kane,Wake Forest,RB,72.8,221,10.0,31.0,,4.63,29.0,37.5,121.0,4.16,6.81,11.38
2000,Curtis Keaton,James Madison (VA),RB,70.0,214,,,,4.41,23.0,41.5,131.0,3.93,6.82,
2000,Tinker Keck,Cincinnati,SS,73.3,200,9.5,29.38,,4.58,15.0,36.5,120.0,4.31,6.96,11.51
2000,Sean Keenan,Williams College (MA),QB,75.0,202,,,32.0,5.03,,25.5,95.0,4.41,7.21,
2000,Ben Kelly,Colorado,CB,68.9,183,8.38,28.75,,4.56,17.0,36.0,116.0,3.95,6.63,10.86
2000,Dan Kendra,Florida State,FB,71.9,251,10.0,31.5,,4.88,24.0,35.0,119.0,,,
2000,Kenoy Kennedy,Arkansas,FS,73.0,221,,,,4.71,8.0,33.5,113.0,4.38,7.08,
2000,Sean Key,Florida State,FS,70.6,188,9.88,32.5,,4.67,,,,4.2,7.12,11.66
2000,Adrian Klemm,Hawaii,OT,75.9,307,9.88,35.0,,4.98,24.0,,,,,
2000,Andrew Kline,San Diego State,OG,74.1,305,9.88,31.0,,5.49,26.0,28.0,103.0,4.6,7.54,
2000,Marcus Knight,Michigan,WR,72.9,180,8.5,30.75,,4.74,,28.5,106.0,4.38,7.11,11.71
2000,Noel LaMontagne,Virginia,OG,76.1,299,10.75,33.0,,5.09,21.0,,,,,
2000,Kareem Larrimore,West Texas A&M,CB,71.1,190,9.0,30.0,,4.44,,34.0,125.0,,,
2000,Leif Larsen,Texas-El Paso,DT,76.5,300,9.25,32.5,,5.12,45.0,30.0,110.0,4.37,7.46,
2000,Charles Lee,Central Florida,WR,73.5,202,9.25,33.5,,4.6,,35.5,125.0,4.25,7.3,11.85
2000,Tim Lester,Western Michigan,QB,72.4,202,10.0,30.0,26.0,5.05,,27.0,97.0,4.24,7.28,
2000,Jamal Lewis,Tennessee,RB,71.8,240,10.25,32.0,,4.58,23.0,,,,,
2000,Al Lucas,Troy (AL),DT,72.6,294,10.38,33.0,,5.03,28.0,36.0,108.0,4.56,7.44,
2000,Anthony Lucas,Arkansas,WR,74.8,194,8.88,31.88,,4.54,,35.0,121.0,,,
2000,Dustin Lyman,Wake Forest,ILB,76.0,259,,,,4.7,22.0,35.0,118.0,4.06,6.86,
2000,David Macklin,Penn State,CB,68.6,194,9.38,29.5,,4.56,,37.5,120.0,4.09,6.9,10.93
2000,Anthony Malbrough,Texas Tech,CB,68.9,184,8.75,29.5,,4.49,20.0,35.5,117.0,4.0,6.73,10.93
2000,Tee Martin,Tennessee,QB,73.6,227,10.25,30.75,11.0,4.61,,34.5,113.0,,,
2000,Terrance McCaskey,Mississippi State,TE,78.0,271,,,,5.0,,29.0,101.0,,,
2000,Kevin McDougal,Colorado State,RB,71.4,206,8.88,29.5,,4.66,,32.0,108.0,4.12,7.08,11.41
2000,Stockar McDougle,Oklahoma,OT,77.3,361,11.0,34.25,,5.5,24.0,,,,,
2000,Chris McIntosh,Wisconsin,OT,78.4,315,10.63,33.88,,5.39,28.0,,,,,
2000,Damion McIntosh,Kansas State,OT,75.9,328,9.63,33.0,,5.35,23.0,26.0,97.0,4.71,7.72,
2000,Alvin McKinley,Mississippi State,DT,76.0,289,10.25,36.5,,5.1,22.0,27.5,102.0,4.61,7.73,
2000,Rondell Mealey,Louisiana State,RB,71.6,212,9.25,32.25,,4.69,,33.0,120.0,4.15,6.89,11.34
2000,Brad Meester,Northern Iowa,C,75.4,298,9.63,32.13,,5.13,25.0,34.0,110.0,4.43,7.46,
2000,Rob Meier,Washington State,DE,77.0,284,9.0,33.0,,5.0,27.0,30.5,113.0,4.52,7.49,
2000,Richard Mercier,Miami (FL),OG,74.6,295,9.75,32.5,,5.4,18.0,26.0,97.0,4.78,7.84,
2000,Keith Miller,California,ILB,73.1,246,9.75,32.25,,5.01,24.0,27.5,110.0,4.43,7.37,12.23
2000,Scottie Montgomery,Duke,WR,72.4,196,10.0,31.0,,4.58,,36.0,117.0,4.11,7.16,11.31
2000,Wendell Montgomery,Wyoming,WR,75.0,203,9.0,32.0,,4.84,,35.5,117.0,4.24,7.01,11.74
2000,Corey Moore,Virginia Tech,OLB,70.9,223,8.88,31.0,,4.62,21.0,,,,,
2000,Michael Moore,Troy (AL),OG,75.0,320,9.25,32.75,,5.47,34.0,24.5,94.0,5.06,8.37,
2000,Muneer Moore,Richmond (VA),WR,74.0,201,,,,4.52,,37.5,129.0,4.09,6.91,
2000,Frank Moreau,Louisville,RB,73.0,231,,,,4.57,23.0,36.0,117.0,,,
2000,Aric Morris,Michigan State,SS,69.4,211,10.0,31.0,,4.56,24.0,,,,,
2000,Rob Morris,Brigham Young,ILB,73.9,250,8.25,29.5,,4.77,18.0,33.0,113.0,4.17,6.93,11.74
2000,Sammy Morris,Texas Tech,FB,71.9,221,9.88,31.5,,4.68,23.0,37.5,117.0,4.21,7.05,11.74
2000,Sylvester Morris,Jackson State (MS),WR,75.0,216,10.75,33.25,,4.63,,34.5,119.0,4.17,7.06,11.52
2000,Chad Morton,Southern California,RB,67.6,182,8.5,30.0,,4.52,18.0,36.0,121.0,,,
2000,Bobby Myers,Wisconsin,FS,73.3,183,9.5,31.25,,4.59,,37.5,123.0,4.1,7.04,11.13
2000,Kualana Noa,Hawaii,OT,75.6,317,10.0,32.0,,5.38,27.0,25.5,98.0,4.74,7.82,
2000,Dennis Northcutt,Arizona,WR,70.4,175,10.13,29.0,,4.46,,37.5,123.0,4.04,6.96,11.07
2000,Carlos Nuno,Brigham Young,TE,75.9,263,10.0,32.0,,5.03,23.0,28.0,106.0,,,
2000,Andre O'Neal,Marshall (WV),ILB,73.3,235,10.75,32.25,,4.72,16.0,34.0,114.0,4.24,7.3,11.94
2000,Matt O'Neal,Oklahoma,C,75.0,277,,,,5.06,17.0,27.5,94.0,4.72,7.59,
2000,Erik Olson,Colorado,SS,73.0,208,,,,4.63,17.0,35.0,115.0,4.21,6.81,
2000,Chad Pennington,Marshall (WV),QB,75.4,229,10.25,32.75,25.0,4.85,,33.5,111.0,4.16,7.12,
2000,Mareno Philyaw,Troy (AL),WR,73.9,205,9.38,32.25,,4.69,,39.5,129.0,4.13,6.93,11.38
2000,Cedric Pittman,Nevada,OLB,75.0,261,,,,4.9,20.0,30.5,111.0,4.52,7.75,
2000,DaShon Polk,Arizona,OLB,73.9,233,9.5,31.13,,4.77,18.0,32.0,111.0,4.45,7.43,11.64
2000,Hank Poteat,Pittsburgh,CB,69.9,197,8.63,30.5,,4.62,16.0,37.0,126.0,4.0,6.66,10.82
2000,Travis Prentice,Miami (OH),RB,71.8,225,9.5,31.5,,4.5,23.0,37.0,115.0,4.4,6.92,11.72
2000,Tim Rattay,Louisiana Tech,QB,72.5,215,9.0,31.5,27.0,4.93,,25.5,100.0,4.21,7.34,
2000,Chase Raynock,Montana,OT,78.0,308,10.0,33.13,,5.53,22.0,25.0,94.0,5.0,8.33,
2000,Chris Redman,Louisville,QB,74.8,222,9.75,31.0,16.0,5.37,,26.5,98.0,4.78,7.8,
2000,J.R. Redmond,Arizona State,RB,71.5,216,9.13,31.25,,4.48,,32.5,121.0,,,
2000,Quinton Reese,Auburn,DE,76.0,283,,,,5.13,18.0,30.0,101.0,4.68,7.91,
2000,Tutan Reyes,Mississippi,OT,75.3,299,9.5,33.5,,5.38,20.0,26.5,99.0,4.88,7.49,
2000,Rob Riti,Missouri,C,73.9,293,9.88,31.0,,5.21,17.0,29.5,106.0,,,
2000,Fred Robbins,Wake Forest,DT,75.8,312,11.0,32.0,,5.13,25.0,29.5,94.0,4.72,7.72,
2000,Greg Robinson-Randall,Michigan State,OT,77.6,333,9.5,35.25,,5.62,22.0,26.0,95.0,5.13,8.15,
2000,Roger Roesler,Texas,OG,77.4,314,10.38,34.0,,5.33,25.0,29.5,101.0,4.76,8.31,
2000,Phillip Rogers,Georgia Tech,RB,73.1,232,9.88,32.0,,4.73,19.0,37.0,124.0,4.31,7.21,12.17
2000,Lewis Sanders,Maryland,CB,73.0,202,,,,4.5,10.0,37.0,116.0,,,
2000,Ketric Sanford,Houston,RB,67.5,199,9.0,31.5,,4.62,12.0,32.0,118.0,4.3,6.63,11.49
2000,Sekou Sanyika,California,OLB,75.3,241,10.0,32.38,,4.75,21.0,32.5,111.0,4.38,7.33,12.08
2000,Manuia Savea,Arizona,OG,74.3,308,10.63,32.5,,5.34,24.0,25.0,92.0,,,
2000,Gari Scott,Michigan State,WR,72.3,194,9.13,31.25,,4.6,,33.5,119.0,,,
2000,Tony Scott,North Carolina State,CB,70.3,193,9.0,30.25,,4.55,11.0,34.0,116.0,4.24,7.45,11.48
2000,Richard Seals,Utah,DT,74.0,316,10.0,33.5,,5.15,24.0,28.5,102.0,4.6,7.78,
2000,Aaron Shea,Michigan,FB,76.3,253,9.88,31.5,,4.83,,37.5,114.0,4.3,6.72,11.62
2000,Jacoby Shepherd,Oklahoma State,CB,73.5,195,8.5,31.5,,4.55,5.0,35.0,120.0,,,
2000,Wes Shivers,Mississippi State,OT,77.4,318,9.25,34.25,,5.68,18.0,22.5,98.0,4.81,8.48,
2000,Mark Simoneau,Kansas State,OLB,72.0,237,8.88,30.75,,4.63,24.0,36.0,117.0,4.09,7.08,11.21
2000,Peter Sirmon,Oregon,ILB,73.9,246,9.63,31.13,,4.86,20.0,34.5,115.0,4.27,7.21,11.67
2000,T.J. Slaughter,Southern Mississippi,ILB,72.1,247,10.0,32.25,,4.91,24.0,30.0,112.0,4.26,7.08,12.15
2000,Dwyte Smiley,Youngstown State (OH),FS,73.0,198,9.63,31.88,,4.61,13.0,35.0,115.0,4.29,7.18,11.82
2000,Jamel Smith,Virginia Tech,ILB,72.5,245,9.75,32.0,,5.19,,29.5,108.0,4.58,7.51,12.53
2000,Marvel Smith,Arizona State,OT,77.0,320,,,,5.34,24.0,27.5,100.0,4.84,7.87,
2000,Paul Smith,Texas-El Paso,FB,70.6,220,9.25,31.0,,4.65,25.0,26.5,111.0,4.29,7.02,
2000,Terrelle Smith,Arizona State,FB,72.0,249,10.0,31.13,,5.01,19.0,32.5,109.0,4.85,8.38,12.82
2000,R.Jay Soward,Southern California,WR,69.5,177,9.5,31.75,,4.41,,35.0,124.0,,,
2000,Rashon Spikes,North Carolina State,RB,70.5,204,9.13,31.0,,4.84,13.0,33.0,113.0,4.47,7.18,11.94
2000,Quinton Spotwood,Syracuse,WR,71.0,184,9.13,30.25,,4.55,,33.5,123.0,,,
2000,John St.Clair,Virginia,C,77.0,302,,,,5.2,25.0,,,,,
2000,Dave Stachelski,Boise State,TE,75.1,250,9.5,31.75,,4.85,24.0,38.0,115.0,4.14,6.84,11.12
2000,Shyrone Stith,Virginia Tech,RB,67.4,204,9.63,30.25,,4.65,13.0,35.0,111.0,4.14,7.14,11.2
2000,Jay Tant,Northwestern,TE,75.0,255,10.38,32.0,,4.75,31.0,,,,,
2000,Mark Tauscher,Wisconsin,OG,75.4,318,10.0,32.25,,5.43,22.0,27.0,90.0,4.84,7.91,
2000,Shannon Taylor,Virginia,OLB,74.9,249,9.5,32.5,,4.65,,34.5,115.0,,,
2000,Travis Taylor,Florida,WR,72.9,199,9.25,31.5,,4.43,,37.0,118.0,,7.15,
2000,Adalius Thomas,Southern Mississippi,DE,74.4,270,9.25,33.0,,4.57,,38.5,120.0,4.42,,
2000,Jason Thomas,Hampton (VA),OG,75.4,300,10.88,33.75,,5.24,23.0,29.5,100.0,,7.99,
2000,Michael Thompson,Tennessee State,OT,76.5,305,11.0,34.5,,5.3,16.0,26.0,104.0,4.73,7.99,
2000,Travares Tillman,Georgia Tech,FS,73.3,194,8.25,30.75,,4.6,15.0,37.5,123.0,4.29,6.95,11.34
2000,Mao Tosi,Idaho,DT,77.1,310,10.25,34.75,,5.29,19.0,28.5,99.0,4.6,7.72,
2000,Mac Tuiaea,Washington,DT,77.9,296,10.0,33.5,,5.1,25.0,29.0,99.0,4.72,7.82,
2000,Ryan Tujague,Washington State,OG,77.1,297,9.5,33.5,,5.2,21.0,27.0,96.0,4.95,8.18,
2000,Jeff Ulbrich,Hawaii,ILB,72.4,249,9.75,31.0,,4.7,24.0,32.0,109.0,4.3,7.23,11.63
2000,Brian Urlacher,New Mexico,OLB,75.9,258,9.88,33.0,,4.61,27.0,34.0,122.0,4.18,6.94,11.1
2000,Darrick Vaughn,Texas State,CB,70.9,196,9.25,30.63,,4.55,14.0,36.5,121.0,4.16,7.09,11.47
2000,Andy Vincent,Texas A&M,OG,76.0,306,,,,5.2,14.0,28.5,108.0,4.42,7.54,
2000,Todd Wade,Mississippi,OT,79.9,326,10.75,34.75,,5.25,29.0,27.5,101.0,4.68,7.68,
2000,Troy Walters,Stanford,WR,66.5,171,9.0,28.5,,4.55,,32.5,106.0,3.84,6.61,10.98
2000,Steve Warren,Nebraska,DT,72.6,307,10.0,31.5,,5.14,29.0,30.5,105.0,4.56,7.97,
2000,Marcus Washington,Auburn,OLB,75.3,252,9.0,32.0,,4.7,,35.0,118.0,4.49,6.91,11.44
2000,Jason Webster,Texas A&M,CB,69.1,180,9.38,30.5,,4.46,17.0,35.5,122.0,3.98,6.76,11.35
2000,James Whalen,Kentucky,TE,74.5,228,10.0,31.5,,4.79,,31.0,110.0,4.22,7.42,11.95
2000,Austin Wheatley,Iowa,TE,75.9,254,10.5,32.63,,4.69,,32.5,121.0,4.18,6.97,11.35
2000,Damon Wheeler,Colorado,CB,68.6,179,9.0,29.0,,4.56,11.0,35.0,115.0,4.27,7.21,11.47
2000,Anthony White,Kentucky,RB,72.3,195,9.5,31.75,,4.7,,32.5,118.0,4.24,7.05,11.46
2000,Dez White,Georgia Tech,WR,73.3,218,10.13,32.75,,4.62,,37.5,124.0,4.09,6.91,11.19
2000,Bobby Williams,Arkansas,OT,75.8,332,11.25,34.75,,5.34,28.0,29.0,97.0,4.72,7.78,
2000,Jack Williams,Azusa Pacific (CA),SS,70.3,206,9.0,29.5,,4.74,15.0,31.5,108.0,4.65,7.15,11.99
2000,James Williams,Marshall (WV),WR,70.9,180,9.63,30.5,,4.6,,36.0,123.0,4.16,7.22,11.48
2000,Josh Williams,Michigan,DT,75.5,282,10.0,32.13,,4.93,,30.5,111.0,4.25,7.22,
2000,Antonio Wilson,Texas A&M-Commerce,OLB,74.0,245,,,,4.56,11.0,,,,,
2000,Cedric Woodard,Texas,DT,74.5,290,10.0,34.75,,5.23,23.0,30.5,109.0,,,
2000,Destry Wright,Jackson State (MS),RB,71.3,216,9.75,30.75,,4.88,15.0,29.5,112.0,4.41,7.15,11.87
2000,Spergon Wynn,Texas State,QB,75.4,229,10.0,33.25,25.0,4.95,,34.0,108.0,4.59,7.71,
2000,Bashir Yamini,Iowa,WR,75.3,191,10.0,32.5,,4.55,,33.0,130.0,4.18,7.09,11.34
2000,Brian Young,Texas-El Paso,DE,74.4,278,10.0,31.5,,4.96,27.0,29.5,106.0,4.47,7.2,
1999,Rahim Abdullah,Clemson,OLB,77.1,244,9.75,32.63,,4.88,17.0,34.0,117.0,4.36,7.24,12.12
1999,Ben Adams,Texas,OG,76.9,324,8.88,32.25,,5.36,26.0,25.5,97.0,4.83,7.86,
1999,Phillip Armour,North Texas,C,75.0,318,9.88,30.5,,5.56,23.0,30.5,95.0,4.59,7.63,
1999,Brendon Ayanbadejo,UCLA,OLB,73.0,234,,,,4.67,18.0,36.0,117.0,4.36,7.57,
1999,Jerry Azumah,New Hampshire,RB,70.0,195,8.88,29.88,,4.5,15.0,43.5,129.0,3.86,6.9,11.13
1999,Champ Bailey,Georgia,CB,71.8,184,9.0,31.38,,4.28,,37.0,121.0,3.79,,
1999,Karsten Bailey,Auburn,WR,71.8,205,8.38,31.0,,4.33,,40.0,121.0,3.99,6.99,
1999,Eugene Baker,Kent State (OH),WR,72.5,167,9.5,31.5,,4.46,,36.5,118.0,4.03,6.9,10.93
1999,Todd Bandhaur,Iowa State,QB,75.0,236,,,31.0,5.26,,31.0,103.0,4.61,7.66,
1999,Lionel Barnes,North Carolina Central,DE,77.0,264,,,,5.0,24.0,34.0,112.0,4.52,7.51,
1999,Marlon Barnes,Colorado,RB,70.0,211,,,,4.49,18.0,35.5,120.0,4.32,7.31,
1999,Eric Barton,Maryland,ILB,74.8,247,8.75,32.63,,4.68,20.0,32.0,112.0,4.32,7.6,
1999,Michael Basnight,North Carolina A&T,RB,72.9,241,9.0,32.88,,4.61,18.0,34.2,117.0,4.42,7.34,11.92
1999,D'Wayne Bates,Northwestern,WR,73.6,215,9.0,32.63,,4.59,,37.0,117.0,4.24,7.25,
1999,Albrey Battle,Arizona State,DT,75.0,294,10.13,31.75,,5.39,23.0,29.0,101.0,4.66,8.15,
1999,Tim Beauchamp,Florida,DE,73.9,270,9.5,31.75,,4.92,24.0,26.5,,,,
1999,Michael Bishop,Kansas State,QB,73.0,205,,,10.0,4.85,,33.0,113.0,4.62,7.63,
1999,Octavious Bishop,Texas,OT,76.4,354,9.5,32.88,,5.84,22.0,,,,,
1999,Dre' Bly,North Carolina,CB,69.9,186,9.13,30.13,,4.51,,34.5,116.0,4.09,7.1,
1999,David Boston,Ohio State,WR,73.3,215,8.5,32.25,,4.47,,37.0,116.0,4.09,7.2,
1999,David Bowens,Western Illinois,DE,74.1,255,8.75,34.38,,4.88,,31.0,112.0,4.38,7.4,
1999,Melvin Bradley,Arkansas,DE,73.1,269,8.38,31.75,,4.67,,31.0,111.0,4.32,7.42,
1999,Ronnie Bradley,Georgia,RB,69.0,221,,,,4.57,,36.0,115.0,4.1,7.18,
1999,Jason Bray,Auburn,CB,70.0,185,,,,4.49,,33.0,113.0,4.35,7.2,
1999,Aaron Brooks,Virginia,QB,75.5,203,9.5,32.0,17.0,4.59,,35.5,118.0,4.29,7.52,
1999,Kevin Brooks,South Carolina,CB,69.0,169,,,,4.34,,36.0,119.0,3.86,6.99,
1999,Donald Broomfield,Clemson,DT,75.0,302,,,,5.08,24.0,31.0,106.0,4.34,7.75,
1999,Cuncho Brown,Penn State,TE,76.0,272,,,,4.78,,31.5,110.0,4.44,7.51,
1999,Larry Brown,Georgia,TE,76.9,278,7.88,33.25,,4.94,20.0,34.0,113.0,4.5,7.35,
1999,Na Brown,North Carolina,WR,72.6,184,9.88,30.63,,4.56,,30.5,110.0,4.21,7.12,11.19
1999,Wilbert Brown,Houston,OG,74.1,311,10.38,31.25,,5.52,22.0,26.0,98.0,5.02,8.46,
1999,Fernando Bryant,Alabama,CB,70.0,183,9.38,30.0,,4.5,,35.5,115.0,4.06,7.03,
1999,Tony Bryant,Florida State,DE,75.6,273,9.13,32.75,,4.85,16.0,34.5,111.0,4.57,7.57,
1999,Shawn Bryson,Tennessee,FB,72.5,235,9.25,31.0,,4.63,18.0,38.5,128.0,,,
1999,Doug Brzezinski,Boston College,OG,75.9,309,10.0,31.25,,5.32,26.0,26.0,98.0,4.53,,
1999,Brandon Bulsworth,Arkansas,OG,76.0,308,,,,5.01,24.0,31.5,111.0,4.43,7.43,
1999,Thomas Burke,Wisconsin,DE,74.1,264,10.0,31.25,,4.84,24.0,35.0,106.0,4.38,7.42,
1999,Siaha Burley,Central Florida,WR,71.0,166,,,,4.53,,34.0,113.0,4.16,,
1999,Justin Burroughs,North Carolina State,C,76.0,288,,,,4.86,23.0,33.0,114.0,4.23,7.36,
1999,Dan Campbell,Texas A&M,TE,77.3,263,9.25,31.0,,4.86,25.0,36.0,112.0,4.07,7.0,11.5
1999,Johndale Carty,Utah State,FS,73.0,192,,,,4.58,12.0,40.0,126.0,4.15,7.0,
1999,Anthony Cesario,Colorado State,OG,77.5,312,10.5,32.88,,5.3,,26.5,102.0,,,
1999,Kenny Cheatham,Nebraska,WR,75.0,211,,,,4.6,,36.0,115.0,,,
1999,Ed Chester,Florida,DT,76.0,294,,,,4.91,21.0,,,,,
1999,Darrin Chiaverini,Colorado,WR,73.1,212,9.0,29.5,,4.53,,33.0,112.0,4.16,,
1999,Chris Claiborne,Southern California,ILB,74.4,248,8.63,31.63,,4.63,16.0,34.0,115.0,4.37,7.68,11.93
1999,Desmond Clark,Wake Forest,TE,74.9,255,9.88,32.75,,4.88,12.0,31.0,112.0,4.35,7.3,12.06
1999,Mike Cloud,Boston College,RB,70.5,200,9.5,29.75,,4.54,17.0,38.5,115.0,4.16,6.8,11.1
1999,Rich Coady,Texas A&M,SS,72.6,210,9.88,30.13,,4.56,20.0,36.0,117.0,3.88,7.11,10.75
1999,Tony Coats,Washington,OG,78.5,312,9.63,32.38,,5.36,21.0,30.0,101.0,4.54,7.79,
1999,Antonio Cochran,Georgia,DE,75.6,297,9.0,33.5,,5.11,19.0,33.0,112.0,4.55,7.87,
1999,Nikia Codie,Baylor,FS,75.0,207,,,,4.57,17.0,34.0,121.0,4.2,7.21,
1999,Willie Cohens,Florida,DE,74.4,264,8.5,31.5,,5.0,29.0,33.5,108.0,4.52,7.84,
1999,Rod Coleman,East Carolina (NC),DE,73.8,262,9.75,32.63,,4.94,,32.5,108.0,4.57,8.0,
1999,Alphonso Collins,East Carolina (NC),TE,74.0,281,,,,4.83,20.0,32.5,108.0,4.41,7.37,
1999,Cecil Collins,McNeese State (LA),RB,68.6,209,9.38,29.88,,4.45,16.0,33.0,115.0,,7.21,
1999,Dan Collins,Boston College,OG,76.0,282,,,,5.03,20.0,24.0,100.0,,,
1999,Rosevelt Colvin,Purdue,DE,74.4,256,11.0,32.75,,4.92,,36.5,119.0,4.19,7.08,
1999,Kris Comstock,Kentucky,OT,79.9,319,10.25,32.5,,5.54,17.0,23.5,97.0,4.84,8.19,
1999,Eddie Conti,Delaware,WR,68.0,173,,,,4.5,,36.0,120.0,4.04,6.96,
1999,Mike Cook,William & Mary (VA),QB,71.6,207,9.63,30.38,22.0,4.84,,33.5,112.0,4.32,7.29,
1999,Rashard Cook,Southern California,FS,71.0,197,9.63,30.75,,4.84,13.0,36.0,121.0,4.3,7.2,11.65
1999,Jermaine Copeland,Tennessee,WR,74.0,201,,,,4.5,,36.0,117.0,4.28,7.3,
1999,Mondell Corbett,East Carolina (NC),OG,74.1,313,10.25,31.0,,5.38,21.0,29.0,98.0,4.77,8.03,
1999,Tim Couch,Kentucky,QB,76.1,225,9.88,31.0,22.0,5.08,,31.0,,4.34,,
1999,Scott Covington,Miami (FL),QB,74.1,219,9.5,31.0,21.0,4.67,,34.0,107.0,4.42,7.62,
1999,Jason Craft,Colorado State,CB,69.6,178,8.75,31.5,,4.53,14.0,37.5,113.0,4.2,6.97,11.2
1999,Daunte Culpepper,Central Florida,QB,75.8,255,9.5,30.25,18.0,4.52,,39.0,122.0,4.13,7.21,
1999,Chris Cummings,Louisiana State,CB,68.3,186,8.38,30.0,,4.47,21.0,34.5,124.0,4.14,6.87,11.3
1999,DeMarcus Curry,Auburn,OT,77.0,317,,,,5.35,20.0,25.5,98.0,4.69,7.98,
1999,Tony D'Amato,Utah State,ILB,71.0,240,,,,4.77,34.0,30.0,106.0,4.4,7.5,
1999,Kevin Daft,UC-Davis,QB,73.8,203,9.88,30.75,32.0,4.91,,32.5,109.0,4.37,7.39,
1999,Aaron Dalan,Washington,OT,80.0,328,,,,5.24,23.0,23.5,99.0,4.61,8.03,
1999,Antico Dalton,Hampton (VA),OLB,73.1,242,9.25,30.75,,4.76,30.0,35.0,113.0,4.32,7.49,11.99
1999,Robert Daniel,Northwestern State (LA),DE,77.9,281,9.63,33.38,,5.05,24.0,28.5,110.0,4.86,7.91,
1999,Oscar Davenport,North Carolina,QB,75.5,199,9.25,31.13,6.0,4.89,,31.0,103.0,4.82,7.5,
1999,Russell Davis,North Carolina,DT,75.6,294,9.38,32.5,,4.94,27.0,27.5,104.0,4.56,8.06,
1999,Eric De Groh,West Virginia,C,76.0,324,,,,5.53,23.0,28.0,102.0,4.56,7.79,
1999,James Dearth,Tarleton State (TX),TE,75.4,273,10.5,32.88,,5.04,25.0,29.5,107.0,4.57,8.3,12.99
1999,Autry Denson,Notre Dame,RB,69.5,197,9.38,29.25,,4.67,20.0,31.0,115.0,4.15,6.97,11.43
1999,Dan Dercher,Kansas,OT,77.6,293,9.75,32.25,,5.26,14.0,28.0,108.0,4.49,7.78,
1999,Jared DeVries,Iowa,DT,75.8,279,10.13,32.0,,4.95,24.0,32.5,111.0,4.14,7.28,
1999,Adrian Dingle,Clemson,DE,74.5,290,8.88,32.88,,4.94,20.0,33.0,112.0,4.4,7.43,
1999,Antonio Dingle,Virginia,DT,73.9,320,10.25,33.25,,5.28,22.0,31.0,102.0,4.85,8.12,
1999,Charles Dorsey,Auburn,DT,74.0,283,,,,4.93,24.0,31.0,112.0,4.52,7.48,
1999,Dameane Douglas,California,WR,71.9,201,9.63,29.75,,4.7,,31.5,119.0,4.36,7.36,11.8
1999,Scott Dreisbach,Michigan,QB,75.0,216,9.75,30.0,20.0,4.78,,33.0,109.0,4.27,7.06,
1999,Kelvin Eafon,Arizona,FB,70.0,221,,,,4.63,17.0,32.0,113.0,4.24,7.18,
1999,Antuan Edwards,Clemson,SS,72.3,210,9.25,30.75,,4.46,,38.0,123.0,3.96,6.89,
1999,Brian Edwards,East Tennessee State,FB,73.0,223,,,,4.66,18.0,35.5,122.0,4.19,7.12,
1999,Eric Edwards,Oregon,CB,71.3,180,8.88,29.88,,4.68,10.0,34.0,112.0,4.27,7.3,11.64
1999,Troy Edwards,Louisiana Tech,WR,69.5,191,8.5,30.13,,4.57,,36.5,117.0,4.16,7.37,
1999,Ebenezer Ekuban,North Carolina,DE,75.4,281,10.38,33.0,,4.69,,32.0,112.0,4.39,7.36,
1999,Justin Ernest,Eastern Kentucky,DT,75.0,281,,,,4.79,51.0,31.0,113.0,4.24,7.37,
1999,Dan Falcon,Western Michigan,DT,74.0,274,,,,4.77,23.0,33.0,113.0,4.19,7.21,
1999,Kris Farris,UCLA,OT,79.9,313,9.5,33.5,,5.07,20.0,24.0,95.0,4.76,8.0,
1999,John Fassel,Weber State (UT),WR,76.0,189,9.5,30.38,,4.67,,33.5,108.0,4.09,7.26,11.61
1999,Kevin Faulk,Louisiana State,RB,67.6,205,9.13,29.75,,4.57,,34.0,114.0,4.09,7.14,
1999,Jermaine Fazande,Oklahoma,FB,72.3,268,9.88,31.88,,4.81,18.0,31.5,105.0,4.7,8.06,12.86
1999,Jim Finn,Pennsylvania,FB,70.0,228,,,,4.62,24.0,31.5,108.0,4.21,7.18,
1999,Bryce Fisher,Air Force,DE,75.6,283,10.0,31.5,,4.98,19.0,31.0,106.0,4.34,7.64,
1999,Charles Fisher,West Virginia,CB,71.9,182,10.0,31.63,,4.49,10.0,38.0,119.0,4.16,,
1999,Derrick Fletcher,Baylor,OT,78.3,374,10.63,34.38,,5.14,27.0,,,,,
1999,Jay Foreman,Nebraska,ILB,73.3,241,9.5,31.75,,4.68,20.0,36.0,117.0,4.16,7.2,11.49
1999,Shawn Foreman,West Virginia,WR,72.9,212,11.0,31.5,,4.79,,32.0,108.0,4.41,7.75,12.27
1999,Mitchell Freedman,Arizona,FS,73.0,217,,,,4.65,7.0,38.5,125.0,,,
1999,Rufus French,Mississippi,TE,75.3,256,8.25,34.0,,4.88,20.0,32.0,104.0,4.5,7.78,12.77
1999,Lennie Friedman,Duke,OG,75.1,301,9.5,32.0,,5.36,25.0,29.0,96.0,4.51,8.04,
1999,Todd Frohbieter,Arkansas State,OT,78.0,323,,,,5.28,20.0,27.0,100.0,4.51,7.98,
1999,Chris Gall,Indiana,FB,73.0,229,,,,4.79,23.0,31.0,108.0,4.34,7.43,
1999,Jason Gamble,Clemson,C,74.0,302,,,,5.18,24.0,28.5,105.0,4.54,7.84,
1999,Mark Garcia,Ohio State,QB,75.0,220,9.25,30.75,21.0,4.77,,33.5,107.0,4.2,7.36,
1999,Barry Gardner,Northwestern,ILB,72.4,242,10.0,32.25,,4.72,25.0,33.0,113.0,4.32,7.42,11.6
1999,Kelvin Garmon,Baylor,OG,74.4,329,9.5,30.63,,5.09,23.0,25.0,96.0,4.66,7.84,
1999,Olandis Gary,Georgia,RB,73.0,216,,,,4.71,22.0,34.0,116.0,4.13,7.15,
1999,Tony George,Florida,SS,70.4,198,9.0,30.88,,4.65,15.0,36.5,116.0,4.24,7.3,11.31
1999,Joe Germaine,Ohio State,QB,73.3,211,9.25,30.63,25.0,4.8,,32.0,102.0,4.21,7.18,
1999,Aaron Gibson,Wisconsin,OT,78.1,386,10.5,35.5,,5.35,31.0,24.0,111.0,4.54,7.99,
1999,Marquis Gibson,Missouri,OLB,74.0,227,,,,4.68,15.0,33.0,115.0,4.3,7.39,
1999,Justin Glasgow,Kansas,OG,77.0,328,,,,5.35,35.0,24.0,95.0,4.59,7.98,
1999,Phil Glover,Utah,OLB,71.6,239,8.38,30.88,,4.7,26.0,36.5,116.0,4.36,7.67,12.14
1999,Matt Graham,Indiana State,SS,71.0,207,,,,4.44,21.0,35.0,117.0,3.86,6.87,
1999,Anthony Gray,Western New Mexico,RB,72.1,228,10.0,32.5,,4.65,16.0,32.5,112.0,4.23,7.1,11.51
1999,Cornell Green,Central Florida,OT,78.6,325,9.38,32.63,,5.56,18.0,23.0,91.0,4.8,8.43,
1999,Lamont Green,Florida,OLB,75.0,226,,,,4.76,18.0,33.0,114.0,4.48,7.66,
1999,Kelly Gregg,Oklahoma,DT,72.4,302,9.13,30.0,,5.34,26.0,24.0,96.0,4.45,7.72,
1999,Chris Greisen,Northwest Missouri State,QB,74.5,223,9.63,31.5,27.0,5.06,,30.5,107.0,4.33,7.29,
1999,Mike Grieb,UCLA,TE,75.5,248,10.5,31.13,,4.87,,27.0,107.0,4.45,7.32,12.27
1999,Damon Griffin,Oregon,WR,69.1,186,9.0,30.13,,4.68,,36.0,113.0,4.2,7.42,11.53
1999,Billy Gustin,Purdue,FS,73.0,192,,,,4.38,15.0,37.0,121.0,3.99,7.03,
1999,Ryan Hale,Arkansas,DT,76.3,295,9.38,30.88,,5.2,8.0,30.5,104.0,4.38,7.63,
1999,Cory Hall,Frenso State (CA),FS,71.8,202,9.63,30.5,,4.52,17.0,36.0,115.0,4.29,7.18,11.4
1999,Darran Hall,Colorado State,WR,68.5,168,9.0,29.75,,4.45,,34.0,114.0,4.33,7.25,11.64
1999,Derrick Ham,Miami (FL),DE,76.1,257,9.75,31.75,,4.94,24.0,28.5,101.0,4.54,7.84,
1999,Donnie Hart,Texas Tech,WR,73.0,192,,,,4.54,,32.0,111.0,4.16,7.13,
1999,Armon Hatcher,Oregon State,SS,72.4,215,10.0,32.0,,4.62,,36.0,119.0,4.2,7.23,
1999,Steve Heiden,San Diego State,TE,77.0,260,,,,4.84,26.0,32.0,121.0,4.11,6.96,
1999,Madre Hill,Arkansas,RB,71.4,199,9.0,30.38,,4.52,20.0,32.0,109.0,4.31,6.9,11.42
1999,Jay Hinton,Morgan State (MD),RB,71.0,200,,,,4.29,18.0,43.5,134.0,3.86,6.86,
1999,Warrick Holdman,Texas A&M,OLB,74.0,233,,,,4.69,16.0,35.0,123.0,4.06,7.22,
1999,Andre Holland,Oregon State,CB,69.1,181,8.38,30.25,,4.41,14.0,34.0,112.0,,,
1999,Gary Holmes,Washington State,DT,78.6,319,10.0,32.0,,5.22,26.0,,,,,
1999,Torry Holt,North Carolina State,WR,72.3,192,9.63,30.25,,4.44,,37.0,118.0,,,
1999,Kevin Homer,Chadron State (NE),ILB,74.5,241,8.63,31.88,,4.99,15.0,32.5,109.0,4.33,7.41,12.19
1999,Chris Hood,Alabama,DT,73.0,281,,,,5.16,17.0,26.0,100.0,4.8,8.1,
1999,Tyrone Hopson,Eastern Kentucky,OG,75.0,319,,,,5.21,20.0,26.0,102.0,4.62,7.86,
1999,Terry Houzah,Mississippi Valley State,ILB,73.0,238,,,,4.84,18.0,33.0,115.0,4.37,7.56,
1999,Bobbie Howard,Notre Dame,ILB,70.0,232,,,,4.74,16.0,30.0,110.0,4.48,7.52,
1999,Brock Huard,Washington,QB,77.0,227,,,25.0,5.12,,30.5,107.0,4.44,7.44,
1999,Matt Hughes,Iowa,ILB,75.0,251,,,,4.76,14.0,31.0,111.0,4.33,7.42,
1999,Corey Hulsey,Clemson,OG,76.9,367,10.0,32.75,,5.72,31.0,25.0,95.0,4.89,8.21,
1999,Jay Humphrey,Texas,OT,78.4,322,10.25,32.0,,5.38,28.0,31.0,100.0,4.62,7.78,
1999,John Humphrey,Texas A&M-Kingsville,RB,69.0,195,9.25,29.13,,4.54,19.0,35.5,122.0,,,
1999,Cletidus Hunt,Kentucky State,DT,76.1,293,10.75,33.5,,5.03,17.0,31.5,110.0,4.73,8.08,
1999,Robert Hunt,Virginia,OG,75.0,291,,,,5.17,23.0,24.0,94.0,4.66,7.93,
1999,Sedrick Irvin,Michigan State,RB,70.8,223,9.88,29.5,,4.58,20.0,35.0,117.0,,,
1999,Dexter Jackson,Florida State,FS,71.6,196,8.88,31.0,,4.64,10.0,36.0,115.0,4.06,6.96,11.12
1999,Lenzie Jackson,Arizona State,WR,71.9,188,9.5,29.88,,4.8,,35.0,115.0,4.29,7.32,12.13
1999,Quincy Jackson,Alabama,WR,73.0,187,,,,4.68,,31.0,116.0,4.29,7.27,
1999,Sheldon Jackson,Nebraska,TE,75.3,243,9.25,31.5,,4.8,14.0,30.5,103.0,4.47,7.36,11.8
1999,Terry Jackson,Florida,FB,71.1,222,8.75,29.88,,4.71,26.0,32.5,112.0,4.21,7.21,
1999,Edgerrin James,Miami (FL),RB,72.0,216,8.88,30.0,,4.38,,,,3.88,6.87,
1999,Jon Jansen,Michigan,OT,78.4,305,10.25,32.88,,5.3,22.0,27.0,100.0,4.61,7.62,
1999,Love Jefferson,Washington State,TE,74.0,262,10.13,32.13,,4.91,18.0,33.0,108.0,4.61,7.33,12.5
1999,MarTay Jenkins,Nebraska-Omaha,WR,71.4,203,9.38,31.5,,4.5,,39.5,116.0,4.18,7.3,11.27
1999,John Jennings,Belhaven (MS),TE,75.4,241,8.38,32.5,,4.86,20.0,29.0,113.0,4.53,7.5,11.85
1999,Garrett Johnson,Illinois,DT,75.0,286,,,,5.16,22.0,28.0,104.0,4.45,7.74,
1999,J.J. Johnson,Mississippi State,RB,73.4,227,9.13,31.0,,4.71,16.0,,,4.19,7.3,
1999,Kevin Johnson,Syracuse,WR,71.1,194,10.0,30.75,,4.41,,36.5,115.0,3.86,6.79,12.19
1999,Olrick Johnson,Florida A&M,ILB,71.5,246,9.63,29.25,,4.92,27.0,29.5,100.0,4.24,7.73,11.82
1999,Paris Johnson,Miami (OH),SS,74.0,207,,,,4.71,16.0,35.0,117.0,4.32,7.49,
1999,Bryan Jones,Oregon,OLB,76.0,210,,,,4.61,12.0,35.0,118.0,4.28,7.21,
1999,Chris Jones,Clemson,OLB,70.1,228,9.25,30.0,,4.72,21.0,24.5,106.0,4.48,7.64,12.22
1999,Corby Jones,Missouri,RB,71.1,223,9.88,31.25,,4.71,15.0,31.5,111.0,4.18,7.14,11.77
1999,Daniel Jones,Utah,WR,70.9,185,9.0,30.0,,4.69,,37.0,113.0,4.49,7.58,12.23
1999,Jermaine Jones,Northwestern State (LA),CB,67.6,180,8.75,29.13,,4.51,12.0,38.5,116.0,3.96,6.79,11.13
1999,Willie Jones,Grambling State (LA),OT,79.0,372,,,,5.58,30.0,26.0,102.0,4.78,8.01,
1999,Gana Joseph,Oklahoma,FS,72.4,212,9.13,32.13,,4.57,17.0,32.0,107.0,4.32,7.48,11.62
1999,Sori Kanu,Michigan State,FS,71.0,193,,,,4.69,14.0,35.0,115.0,4.21,7.36,
1999,Andy Katzenmoyer,Ohio State,ILB,74.6,258,9.63,32.13,,4.68,23.0,,,,,
1999,Jevon Kearse,Florida,OLB,76.9,262,11.63,34.25,,4.58,,37.0,122.0,4.24,,
1999,Jeff Kelly,Kansas State,ILB,72.1,256,8.63,31.75,,4.95,16.0,32.0,112.0,4.37,7.65,
1999,Reggie Kelly,Mississippi State,TE,76.1,254,9.13,33.25,,4.9,24.0,32.0,,,,
1999,Chad Kelsay,Nebraska,OLB,74.5,254,9.63,32.0,,4.91,22.0,35.5,116.0,4.3,7.09,11.68
1999,Patrick Kerney,Virginia,DE,77.6,266,10.0,32.0,,4.72,21.0,31.0,111.0,4.42,7.45,
1999,Scott Kiernan,Syracuse,OG,75.0,307,,,,5.58,,28.0,94.0,4.79,8.09,
1999,Jaime Kimbrough,Frenso State (CA),RB,67.5,198,9.13,28.0,,4.71,22.0,34.5,112.0,4.32,7.4,11.73
1999,Eric King,Richmond (VA),OG,76.6,290,10.5,32.75,,5.06,25.0,27.0,104.0,4.36,7.46,
1999,Lamar King,Saginaw Valley State (MI),DE,75.0,299,8.88,32.5,,4.77,22.0,30.0,105.0,4.28,7.4,
1999,Shaun King,Tulane (LA),QB,72.0,221,9.25,30.5,25.0,4.77,,33.0,113.0,4.29,,
1999,Jim Kleinsasser,North Dakota,TE,74.8,272,9.88,33.0,,4.79,18.0,34.5,112.0,4.33,7.24,11.63
1999,Josh Kobdish,Frenso State (CA),OT,78.1,301,10.0,31.0,,5.43,21.0,24.0,98.0,4.83,7.98,
1999,Steve Konopka,C.W. Post (NY),DT,76.0,298,,,,5.14,21.0,27.0,106.0,4.55,7.9,
1999,Rob Konrad,Syracuse,FB,75.0,251,9.63,29.38,,4.65,21.0,36.0,107.0,,,
1999,Brian Kuklick,Wake Forest,QB,74.1,204,10.0,30.63,29.0,4.9,,31.0,103.0,4.56,7.66,
1999,Kevin Landolt,West Virginia,DT,76.9,298,10.13,32.88,,5.14,17.0,27.0,108.0,4.27,7.57,
1999,Dan Lauta,Buffalo,OT,76.0,301,,,,5.15,26.0,26.0,101.0,4.54,7.79,
1999,Courtney Ledyard,Michigan State,ILB,74.0,250,10.63,33.0,,5.11,20.0,34.5,115.0,4.24,7.85,11.98
1999,Graham Leigh,New Mexico,QB,73.9,212,9.75,31.0,22.0,4.79,,32.5,111.0,4.27,7.21,
1999,Emarlos Leroy,Georgia,DT,73.4,306,10.13,31.88,,5.09,31.0,,,,,
1999,Derek Lewis,Texas,TE,73.9,250,8.63,32.0,,4.83,25.0,27.5,104.0,4.26,7.41,12.0
1999,Marvin Love,Kentucky,CB,68.6,164,8.75,29.0,,4.49,,35.5,123.0,4.09,7.09,11.28
1999,David Loverne,San Jose State,OG,74.8,292,9.25,31.5,,5.19,23.0,25.0,96.0,4.43,7.49,
1999,Mike Lucky,Arizona,TE,79.0,269,,,,4.95,,29.0,108.0,4.38,7.42,
1999,John Lumpkin,Ohio State,TE,79.3,274,10.25,33.5,,4.98,19.0,34.5,111.0,,,
1999,Jason Maas,Oregon,QB,74.0,210,,,43.0,4.97,,31.5,103.0,4.35,7.43,
1999,Stacey Mack,Temple,FB,72.9,236,9.13,32.25,,4.66,20.0,33.0,108.0,,,
1999,Joel Makovicka,Nebraska,FB,70.4,245,9.5,28.25,,4.82,18.0,32.5,105.0,4.05,6.72,11.08
1999,Deshone Mallard,Southern Mississippi,CB,69.6,186,9.25,31.0,,4.51,10.0,35.5,117.0,4.25,7.31,11.41
1999,Cecil Martin,Wisconsin,FB,72.6,239,9.5,31.0,,4.82,22.0,35.5,109.0,4.22,7.31,11.99
1999,Chris McAlister,Arizona,CB,73.1,206,10.0,30.25,,4.53,,38.0,121.0,4.08,6.9,
1999,Jonathan McCall,Central Michigan,DE,74.0,273,,,,4.91,19.0,31.0,113.0,4.38,7.41,
1999,Todd McClure,Louisiana State,C,73.4,298,9.75,31.25,,5.25,29.0,28.0,93.0,4.51,7.81,
1999,Kevin McCullar,Texas Tech,OLB,74.6,246,8.38,33.25,,4.97,12.0,30.0,106.0,4.21,7.14,11.72
1999,Daylon McCutcheon,Southern California,CB,68.8,180,9.13,30.25,,4.52,13.0,36.0,117.0,4.35,7.21,11.6
1999,Jeremy McDaniel,Arizona,WR,72.5,197,8.25,30.63,,4.63,,33.5,112.0,4.32,7.3,
1999,Darnell McDonald,Kansas State,WR,75.0,202,9.38,32.25,,4.74,,34.0,108.0,4.24,7.27,11.88
1999,Anthony McFarland,Louisiana State,DT,72.5,299,10.0,33.38,,4.85,25.0,28.5,108.0,4.28,7.98,
1999,Wane McGarity,Texas,WR,68.0,194,8.38,30.0,,4.53,,33.0,111.0,4.36,7.21,11.59
1999,Reggie McGrew,Florida,DT,73.9,307,9.75,30.5,,5.05,30.0,,,4.34,,
1999,Travis McGriff,Florida,WR,68.0,185,,,,4.53,,35.5,113.0,4.13,7.28,
1999,Mike McKenzie,Memphis,FS,73.0,191,,,,4.58,,34.0,115.0,4.11,7.11,
1999,C.J. McLain,Arkansas,OLB,75.0,243,,,,4.72,21.0,36.0,117.0,4.25,7.2,
1999,John McLaughlin,California,OLB,75.3,247,9.25,32.0,,4.72,18.0,31.5,107.0,4.15,6.84,11.52
1999,Donovan McNabb,Syracuse,QB,74.3,223,10.0,30.75,14.0,4.64,,33.0,116.0,4.38,7.3,
1999,Cade McNown,UCLA,QB,72.9,213,9.38,30.0,28.0,4.76,,33.5,108.0,4.28,7.27,
1999,Rondel Menendez,Eastern Kentucky,WR,69.0,178,,,,4.24,,37.0,117.0,3.96,6.79,
1999,Arnold Miller,Louisiana State,DE,75.9,240,9.13,34.5,,4.78,12.0,33.5,113.0,4.12,7.01,
1999,Billy Miller,Southern California,WR,74.6,215,10.25,32.38,,4.67,,34.5,113.0,4.28,7.06,
1999,Dee Miller,Ohio State,WR,71.9,199,9.25,30.88,,4.51,,33.5,,4.31,7.2,
1999,Jason Mills,Tulsa (OK),OG,77.1,315,10.38,32.75,,5.43,30.0,24.0,104.0,4.64,7.87,
1999,Kory Minor,Notre Dame,OLB,72.5,244,8.88,32.75,,4.71,,31.0,112.0,4.27,7.2,11.58
1999,Paul Miranda,Central Florida,CB,69.9,180,8.13,30.88,,4.41,11.0,40.5,124.0,4.1,7.18,
1999,Donald Mitchell,Southern Methodist (TX),CB,69.8,187,9.38,29.5,,4.51,24.0,37.0,118.0,4.08,6.87,11.01
1999,Kenny Mitchell,Arizona State,WR,74.4,217,9.75,32.25,,4.73,,37.0,118.0,,7.1,
1999,Tywan Mitchell,Minnesota State,WR,77.0,223,,,,4.74,,30.5,108.0,,7.6,
1999,Joe Montgomery,Ohio State,RB,70.4,227,9.25,30.5,,4.63,,,,4.22,7.1,
1999,Damon Moore,Ohio State,SS,71.1,209,9.25,32.13,,4.6,21.0,35.0,118.0,4.22,7.18,
1999,Ulysses Moore,Liberty (VA),OG,74.0,313,,,,5.45,24.0,26.0,103.0,4.67,7.98,
1999,Jeremy Morgan,Southern Methodist (TX),OG,76.0,296,,,,5.29,,23.5,92.0,4.62,7.77,
1999,Dee Moronkola,Washington State,CB,69.3,204,8.75,29.13,,4.46,17.0,33.5,111.0,4.12,7.11,
1999,Edwin Mulitalo,Arizona,OT,75.1,328,10.0,32.0,,5.47,28.0,23.5,92.0,4.77,8.02,
1999,Joe Nastasi,Penn State,WR,70.4,197,9.75,31.0,,4.66,,37.0,116.0,4.06,7.12,11.32
1999,Hannibal Navies,Colorado,OLB,74.5,239,8.5,31.88,,4.64,18.0,33.0,114.0,4.19,,
1999,Gerald Neasman,Kansas State,CB,69.6,186,8.5,30.88,,4.67,10.0,31.5,112.0,4.41,7.96,12.35
1999,Jamar Nesbit,South Carolina,C,76.3,336,9.0,34.13,,5.7,23.0,26.5,86.0,4.91,8.0,
1999,Mike Newell,Colorado State,C,76.0,292,,,,5.25,25.0,28.5,104.0,4.69,7.88,
1999,Robert Newkirk,Michigan State,DT,75.0,298,,,,5.21,20.0,26.0,105.0,4.73,8.08,
1999,Keith Newman,North Carolina,ILB,74.5,239,9.38,30.25,,4.73,18.0,32.0,110.0,4.37,7.54,11.91
1999,Dat Nguyen,Texas A&M,ILB,71.0,234,10.5,30.5,,4.74,19.0,,,,,
1999,Ben Nichols,Colorado,OG,77.1,307,9.75,33.0,,5.24,29.0,30.0,99.0,4.67,8.22,
1999,Rick Nord,Louisville,OG,78.0,306,,,,5.3,21.0,25.5,98.0,4.73,8.01,
1999,Jeremy Offutt,Oklahoma State,C,77.0,310,,,,5.17,20.0,26.0,100.0,4.77,7.98,
1999,Kendell Ogle,Maryland,OLB,72.8,235,9.38,30.5,,4.67,20.0,35.0,118.0,4.05,7.44,11.88
1999,Chike Okeafor,Purdue,OLB,76.6,254,10.5,33.0,,4.74,17.0,36.5,113.0,4.2,7.09,11.49
1999,Patterson Owens,Houston,DE,78.0,273,,,,4.88,19.0,35.0,118.0,4.34,7.56,
1999,Craig Page,Georgia Tech,C,75.0,295,,,,5.13,38.0,32.0,117.0,4.51,7.43,
1999,Solomon Page,West Virginia,OT,76.4,306,11.0,35.13,,5.23,24.0,31.5,104.0,,,
1999,Anthony Parker,Weber State (UT),CB,72.6,197,9.38,31.13,,4.39,8.0,31.0,113.0,4.27,7.56,
1999,De'Mond Parker,Oklahoma,RB,69.6,189,8.75,31.13,,4.49,13.0,41.5,119.0,4.16,7.28,11.63
1999,Larry Parker,Southern California,WR,72.9,200,9.5,32.5,,4.49,,35.5,118.0,,,
1999,Sirr Parker,Texas A&M,RB,70.3,190,8.38,29.25,,4.56,,40.0,121.0,4.09,6.84,11.45
1999,Jeff Paulk,Arizona State,FB,71.9,242,9.5,30.0,,4.72,27.0,35.5,116.0,4.44,7.81,11.86
1999,Chad Pegues,Illinois State,DT,73.0,289,9.25,31.13,,5.32,25.0,26.0,99.0,4.69,7.88,
1999,Jason Perry,North Carolina State,FS,72.9,200,8.63,32.0,,4.61,17.0,36.5,121.0,4.23,7.31,11.58
1999,Mike Peterson,Florida,OLB,73.5,233,9.13,31.25,,4.47,18.0,36.0,118.0,4.08,7.07,
1999,Luke Petitgout,Notre Dame,OT,77.9,315,9.75,33.13,,5.23,33.0,29.0,100.0,4.48,7.53,
1999,Zach Piller,Florida,OT,76.5,331,10.5,32.63,,5.19,40.0,26.5,100.0,4.68,8.12,
1999,Chad Plummer,Cincinnati,WR,74.9,223,10.25,33.38,,4.57,,33.0,113.0,4.18,7.34,
1999,Joey Porter,Colorado State,OLB,74.5,241,9.75,32.75,,4.68,27.0,39.0,122.0,4.41,7.37,12.11
1999,Ronnie Powell,Northwestern State (LA),RB,70.0,174,,,,4.43,,35.5,116.0,4.14,7.09,
1999,Peerless Price,Tennessee,WR,70.9,180,10.0,31.5,,4.55,,35.0,116.0,4.09,7.28,
1999,Mike Pringley,North Carolina,DE,75.8,268,9.63,33.88,,4.89,22.0,,108.0,4.39,7.85,
1999,Pierson Prioleau,Virginia Tech,FS,69.9,191,9.38,30.5,,4.57,18.0,42.0,130.0,3.97,7.28,11.22
1999,Brian Pukenas,West Virginia,OG,75.5,303,9.5,31.63,,5.37,25.0,26.5,93.0,4.73,8.09,
1999,Ian Rafferty,North Carolina State,OT,76.5,296,9.0,31.63,,5.51,25.0,23.5,93.0,4.86,7.94,
1999,Wali Rainer,Virginia,ILB,73.8,241,10.13,32.25,,4.91,26.0,32.0,111.0,4.33,7.83,
1999,Marcus Ray,Michigan,SS,70.5,206,8.75,31.5,,4.61,,35.5,111.0,4.19,7.43,
1999,Jarvis Reado,Tennessee,OT,77.0,328,,,,5.4,,26.0,100.0,,,
1999,Montae Reagor,Texas Tech,DE,73.5,263,9.63,32.88,,4.83,20.0,34.5,107.0,4.23,7.36,11.85
1999,Jacoby Rhinehart,Southern Methodist (TX),CB,70.4,187,8.88,30.63,,4.59,,34.0,120.0,4.11,6.91,11.42
1999,Cleve Roberts,Troy (AL),OT,78.0,290,,,,5.37,16.0,23.5,94.0,4.86,8.34,
1999,Brian Rogers,Oregon State,ILB,74.3,239,10.38,32.13,,4.76,19.0,36.0,108.0,4.39,7.34,12.16
1999,Derek Rose,Iowa,C,75.0,283,,,,5.22,21.0,25.5,96.0,4.9,8.24,
1999,Marek Rubin,Yale,OT,78.0,310,,,,5.36,26.0,25.0,96.0,4.76,8.19,
1999,Mike Rucker,Nebraska,DE,76.8,260,9.5,32.88,,4.86,17.0,33.5,108.0,4.33,7.4,
1999,Grey Ruegamer,Arizona State,C,76.4,315,8.25,31.88,,5.36,18.0,27.5,94.0,4.68,8.22,
1999,Orlando Ruff,Furman (SC),ILB,74.1,248,9.25,31.75,,4.99,22.0,33.0,113.0,4.33,7.4,
1999,Johnny Rutledge,Florida,ILB,74.0,245,9.88,32.25,,4.63,18.0,33.0,115.0,4.21,7.27,
1999,Khari Samuel,Massachusetts,ILB,74.4,242,9.63,31.88,,4.76,24.0,35.0,116.0,4.34,7.56,11.93
1999,David Saunders,West Virginia,WR,73.6,203,9.25,31.88,,4.79,,32.0,112.0,,,
1999,Talance Sawyer,Nevada Las Vegas,DE,74.0,268,,,,4.89,23.0,31.5,112.0,4.35,7.8,
1999,Tom Schau,Illinois,C,77.0,302,,,,5.33,24.0,28.0,109.0,4.53,7.5,
1999,Brad Scioli,Penn State,DE,75.0,277,10.0,32.0,,4.93,23.0,33.5,108.0,4.27,7.37,
1999,Yusef Scott,Arizona,OG,74.3,324,9.5,33.63,,5.75,,24.0,82.0,,,
1999,Thomas Seih,Texas Southern,RB,69.0,212,,,,4.57,16.0,35.0,116.0,4.31,7.28,
1999,Brian Shay,Emporia State (KS),RB,68.0,213,9.13,28.38,,4.49,17.0,,,4.22,7.31,
1999,L.J. Shelton,Eastern Michigan,OT,77.5,341,10.75,34.88,,5.44,22.0,29.5,96.0,4.77,7.87,
1999,Scott Shields,Weber State (UT),SS,76.1,228,9.88,32.25,,4.55,23.0,35.0,120.0,4.06,7.03,11.28
1999,Bobby Singh,Portland State (OR),OG,74.5,316,11.13,32.13,,5.43,24.0,26.0,90.0,4.72,7.92,
1999,Andre Slappey,Albany State (GA),DT,76.9,302,9.38,32.63,,5.77,19.0,25.5,96.0,4.94,8.72,
1999,Tony Small,Georgia,WR,73.9,220,9.63,32.5,,4.64,,35.0,115.0,4.32,7.39,
1999,Aaron Smith,Northern Colorado,DE,77.1,279,10.13,32.0,,5.08,19.0,29.5,110.0,4.34,7.48,
1999,Akili Smith,Oregon,QB,74.8,227,9.75,32.25,26.0,4.7,,34.0,111.0,4.29,6.99,
1999,Brian Smith,Alabama-Birmingham,OLB,73.0,252,9.38,33.63,,4.96,21.0,32.5,107.0,4.67,7.84,12.44
1999,Devon Smith,North Carolina,TE,76.0,244,,,,5.07,21.0,29.5,101.0,4.46,7.91,
1999,Jeff Smith,Wyoming,C,76.0,286,,,,5.23,38.0,25.0,102.0,4.77,7.93,
1999,Larry Smith,Florida State,DT,77.0,288,,,,5.12,22.0,30.0,111.0,4.39,7.72,
1999,Marquis Smith,California,SS,74.4,218,9.75,31.75,,4.6,,39.5,130.0,4.12,7.31,11.36
1999,Troy Smith,East Carolina (NC),WR,73.0,194,8.25,31.0,,4.63,,35.5,112.0,4.24,7.25,11.82
1999,Brandon Southward,Colorado,ILB,76.0,242,9.5,32.5,,4.88,20.0,30.5,110.0,4.38,7.49,
1999,Creig Spann,Arizona State,WR,73.0,191,,,,4.5,,36.5,117.0,3.86,7.1,
1999,Cameron Spikes,Texas A&M,OG,75.3,314,10.13,33.0,,5.01,23.0,32.5,114.0,4.36,7.51,
1999,Derrick Spiller,Texas A&M,TE,74.0,241,,,,4.63,19.0,34.0,115.0,4.16,7.35,
1999,Donnie Spragan,Stanford,OLB,76.0,236,,,,4.95,20.0,33.0,113.0,4.4,7.88,
1999,Marcus Spriggs,Troy (AL),DT,76.5,297,8.13,33.88,,5.24,25.0,27.5,97.0,4.6,8.05,
1999,Mike Stanec,Youngstown State (OH),ILB,75.0,241,,,,4.66,29.0,38.0,118.0,4.34,7.24,
1999,Aaron Stecker,Western Illinois,RB,69.5,210,9.5,29.25,,4.82,23.0,32.5,112.0,4.17,7.0,
1999,LC Stevens,North Carolina,WR,75.9,215,9.25,33.75,,4.66,,35.0,116.0,4.24,7.24,11.29
1999,Derik Stevenson,Brigham Young,OLB,75.9,235,10.13,32.25,,4.9,14.0,31.0,111.0,4.3,7.81,11.75
1999,Gary Stills,West Virginia,OLB,73.4,238,10.5,32.88,,4.76,23.0,31.5,110.0,4.28,7.33,11.74
1999,Matt Stinchcomb,Georgia,OT,78.0,306,8.88,32.75,,5.12,20.0,29.0,104.0,4.54,7.79,
1999,Brandon Stokley,Louisiana-Lafayette,WR,73.0,197,,,,4.49,,35.5,118.0,4.01,7.04,
1999,Tai Streets,Michigan,WR,73.4,194,8.25,33.13,,4.44,,37.0,118.0,,,
1999,Justin Swift,Kansas State,TE,75.4,258,9.63,30.5,,4.82,17.0,33.0,111.0,4.15,6.93,11.64
1999,Sam Sword,Michigan,ILB,73.3,242,9.13,32.5,,5.01,,,,4.34,7.8,
1999,John Tait,Brigham Young,OT,78.1,310,9.63,32.25,,5.22,26.0,29.5,104.0,4.4,7.48,
1999,Pene Talamaivao,Utah,DT,75.4,301,9.75,31.75,,5.47,17.0,27.5,103.0,4.77,8.31,
1999,Ty Talton,Northern Iowa,CB,71.6,202,8.38,30.75,,4.62,17.0,39.0,117.0,4.0,6.96,11.19
1999,Jesse Tarplin,Georgia Tech,DE,74.0,251,,,,4.88,16.0,32.5,108.0,4.41,7.37,
1999,Chris Terry,Georgia,OT,76.9,291,9.63,35.0,,5.07,,31.0,108.0,4.41,7.73,
1999,Corey Terry,Tennessee,DE,74.6,254,10.38,32.88,,4.79,,,,4.26,7.4,
1999,Myron Terry,Colorado State,FS,74.0,203,,,,4.72,21.0,35.0,117.0,4.16,7.2,
1999,Eric Thigpen,Iowa,FS,72.1,198,9.13,31.38,,4.76,14.0,35.0,114.0,4.26,7.37,11.71
1999,Randy Thomas,Mississippi State,OG,75.6,306,9.5,32.38,,4.99,23.0,31.0,101.0,4.66,7.71,
1999,Derrius Thompson,Baylor,WR,74.0,211,9.63,31.5,,4.6,,41.5,112.0,4.13,7.31,11.54
1999,Ricky Thompson,Oklahoma State,FS,71.9,181,8.63,31.75,,4.73,15.0,36.0,118.0,4.32,7.21,11.48
1999,John Thornton,West Virginia,DT,75.0,299,,,,5.0,26.0,32.0,111.0,4.46,8.09,
1999,Rex Tucker,Texas A&M,OT,77.0,303,10.25,30.63,,5.14,27.0,30.0,106.0,4.43,7.4,
1999,Jerame Tuman,Michigan,TE,75.9,248,10.38,31.13,,4.89,23.0,33.0,107.0,4.2,7.17,11.83
1999,Brian Uhl,Cincinnati,C,76.0,294,,,,5.43,14.0,25.0,99.0,4.77,8.04,
1999,Dimitrius Underwood,Michigan State,DE,78.3,281,9.75,34.5,,4.88,,,,4.39,7.37,
1999,Michael Vaughn,Alabama,WR,74.0,212,,,,4.57,,33.5,113.0,4.32,7.32,
1999,Fred Vinson,Vanderbilt,CB,70.6,177,9.0,31.5,,4.39,14.0,36.0,121.0,4.17,7.21,
1999,Brad Ware,Auburn,FS,73.9,207,8.13,31.25,,4.53,18.0,37.0,116.0,4.25,7.34,11.68
1999,Damon Washington,Colorado State,RB,70.6,200,10.0,31.13,,4.54,18.0,37.0,114.0,4.07,7.28,11.93
1999,Marcus Washington,Colorado,FS,73.8,219,10.0,33.38,,4.65,16.0,37.0,117.0,4.44,7.4,
1999,Brian Waters,North Texas,TE,74.1,281,9.75,32.0,,4.99,26.0,32.0,113.0,4.63,7.52,12.64
1999,Chris Watson,Eastern Illinois,CB,73.0,191,,,,4.34,18.0,37.0,124.0,3.86,6.8,
1999,Andre Weathers,Michigan,CB,71.9,189,10.0,30.75,,4.67,,32.0,119.0,4.03,7.03,11.64
1999,Alton Weaver,Oklahoma State,DE,75.4,296,10.88,32.0,,5.05,17.0,29.5,101.0,4.44,7.62,
1999,Jed Weaver,Oregon,TE,76.3,246,9.38,32.25,,4.91,19.0,31.0,106.0,4.17,7.16,11.66
1999,Floyd Wedderburn,Penn State,OT,77.3,334,9.0,33.25,,5.5,20.0,24.5,86.0,5.26,8.76,
1999,John Welbourn,California,OT,77.1,317,9.0,32.25,,5.09,24.0,30.0,99.0,4.88,8.14,
1999,Joe Wesley,Louisiana State,ILB,73.0,229,,,,4.72,15.0,33.0,114.0,4.29,7.6,
1999,Devin West,Missouri,RB,72.3,229,9.75,31.5,,4.53,14.0,33.5,114.0,4.04,7.12,
1999,Chris White,Southern (LA),DT,75.0,282,10.25,34.25,,5.24,25.0,29.0,104.0,4.71,8.15,11.58
1999,Ted White,Howard (DC),QB,74.4,226,9.75,32.63,12.0,5.14,,30.5,106.0,4.51,7.5,
1999,Aaron Williams,Indiana,DE,77.0,253,9.25,31.5,,4.79,19.0,33.5,108.0,4.34,7.7,11.35
1999,Clarence Williams,Michigan,RB,68.5,202,8.88,30.5,,4.71,19.0,33.5,105.0,4.15,6.98,11.49
1999,Gerald Williams,Oklahoma,WR,75.0,207,,,,4.45,,35.5,117.0,3.96,7.09,
1999,Parc Williams,Minnesota,OLB,75.0,239,10.25,31.5,,4.97,14.0,33.0,114.0,4.27,7.25,11.84
1999,Ricky Williams,Texas,RB,70.8,244,7.75,29.5,,4.56,,37.0,124.0,,,
1999,Al Wilson,Tennessee,ILB,71.8,239,8.75,31.5,,4.56,17.0,33.0,116.0,4.25,7.31,
1999,Jason Wiltz,Nebraska,DT,75.6,308,10.25,31.88,,5.36,,27.5,100.0,4.51,7.67,
1999,Antoine Winfield,Ohio State,CB,68.6,176,8.5,29.75,,4.41,,37.0,122.0,3.95,6.84,
1999,Brad Winn,North Texas,OG,77.0,339,,,,5.59,23.0,23.0,87.0,4.92,8.4,
1999,Jerry Wisne,Notre Dame,OG,78.4,306,9.88,31.0,,5.26,30.0,28.0,96.0,4.61,7.6,
1999,Joe Wong,Brigham Young,OT,78.0,314,,,,5.68,22.0,27.0,100.0,4.95,8.25,
1999,Damien Woody,Boston College,C,75.1,328,9.5,33.0,,5.15,26.0,28.5,98.0,4.99,8.21,
1999,Mark Word,Jacksonville State (AL),OLB,76.9,258,8.5,33.75,,4.87,16.0,31.5,115.0,4.33,7.44,11.86
1999,Anthony Wright,South Carolina,QB,73.4,195,9.5,31.5,16.0,4.74,,31.0,116.0,4.35,7.45,
1999,Daren Yancey,Brigham Young,DT,77.8,303,10.75,33.13,,5.14,,26.5,92.0,,,
1999,Craig Yeast,Kentucky,WR,67.6,164,9.0,29.5,,4.49,,32.5,112.0,4.14,7.31,11.39
1999,Ryan Young,Kansas State,OT,77.4,335,10.38,34.88,,5.57,20.0,,,,,
1999,Peppi Zellner,Fort Valley State (GA),DE,77.0,246,10.25,33.75,,4.72,20.0,35.5,120.0,4.49,7.4,
1999,Amos Zereoue,West Virginia,RB,67.4,203,9.0,29.75,,4.53,,,,4.09,,
1998,Chris Akins,Texas,DT,73.0,323,9.38,33.38,,,31.0,,,,,
1998,Curtis Alexander,Alabama,RB,71.6,204,9.25,31.25,,4.44,13.0,37.0,117.0,,7.46,
1998,Jamaal Alexander,Southern Mississippi,FS,70.8,200,9.5,32.25,,4.48,,32.5,113.0,4.24,7.35,11.4
1998,Stephen Alexander,Oklahoma,TE,76.4,246,9.5,33.25,,4.65,18.0,35.5,122.0,4.09,7.48,11.19
1998,Brian Alford,Purdue,WR,73.5,187,9.63,33.13,,4.46,,37.0,127.0,4.04,7.49,11.08
1998,Victor Allotey,Indiana,DT,75.1,325,10.25,32.25,,5.27,23.0,25.5,104.0,4.95,8.64,
1998,Jason Andersen,Brigham Young,OT,77.6,314,10.25,33.5,,5.35,21.0,29.5,102.0,4.5,8.42,
1998,Chris Anderson,Colorado,WR,74.4,230,10.25,34.38,,4.85,,34.0,110.0,4.3,7.65,11.82
1998,Darchi Anderson,Arkansas,DT,75.5,306,10.63,34.75,,5.2,25.0,28.5,103.0,4.45,8.54,
1998,Rodney Artmore,Baylor,CB,71.8,216,9.5,32.13,,4.6,8.0,38.5,122.0,4.27,7.3,11.4
1998,Tutu Atwell,Minnesota,WR,68.1,164,9.5,30.75,,4.51,,32.5,117.0,4.22,7.34,11.27
1998,John Avery,Mississippi,RB,69.4,184,9.13,30.5,,4.38,17.0,34.5,121.0,4.16,7.35,11.09
1998,Jason Baker,Montana,OT,78.1,337,10.5,33.25,,5.79,19.0,22.5,88.0,5.13,9.04,
1998,Tavian Banks,Iowa,RB,69.6,198,9.63,31.88,,4.48,15.0,39.0,125.0,3.95,7.34,11.06
1998,Shawn Barber,Richmond (VA),OLB,73.9,224,9.88,33.25,,4.56,,37.0,126.0,4.16,7.45,11.34
1998,Octavus Barnes,North Carolina,WR,72.4,197,9.75,33.0,,4.65,,25.0,111.0,4.48,7.91,12.15
1998,Charlie Batch,Eastern Michigan,QB,73.9,216,9.75,33.75,,4.89,,33.5,118.0,4.11,7.6,
1998,Eric Bateman,Brigham Young,OG,78.5,319,10.75,34.5,,,20.0,,,,,
1998,Fred Beasley,Auburn,FB,71.4,220,9.5,31.38,,4.91,16.0,32.0,114.0,4.18,7.58,11.67
1998,Geno Bell,Arkansas,DT,74.3,286,10.13,33.5,,4.98,21.0,31.5,106.0,4.55,8.07,
1998,Leon Bender,Washington State,DT,76.9,318,10.25,35.75,,5.19,25.0,30.0,101.0,4.83,8.7,
1998,Magic Benton,Miami (FL),WR,71.5,184,9.63,33.13,,4.64,,30.0,112.0,4.44,7.73,12.27
1998,Matt Birk,Harvard,OT,76.9,308,9.75,32.5,,5.4,21.0,29.5,106.0,4.45,8.13,
1998,Michael Black,Washington State,RB,70.8,196,8.88,31.75,,,17.0,,,,,
1998,Ryan Black,Colorado,FS,70.0,192,9.38,30.0,,4.72,13.0,35.5,115.0,4.06,7.48,11.22
1998,Jon Blackman,Purdue,TE,78.1,271,10.13,34.13,,5.07,,30.5,112.0,4.39,7.62,12.52
1998,Roosevelt Blackmon,Morris Brown (GA),CB,72.8,179,9.13,32.25,,4.56,11.0,32.5,115.0,,7.38,
1998,Ernest Blackwell,Missouri,FB,74.5,242,9.25,34.0,,4.79,,35.0,117.0,,,
1998,Rob Bohlinger,Wyoming,OT,79.9,300,11.0,35.25,,5.16,21.0,31.0,109.0,4.55,8.17,
1998,Dorian Boose,Washington State,DE,76.8,280,9.38,35.38,,4.9,22.0,33.0,120.0,4.33,7.81,
1998,Chris Bordano,Southern Methodist (TX),ILB,73.5,243,10.0,33.25,,4.68,27.0,37.0,124.0,4.18,7.52,11.21
1998,Corey Bradford,Jackson State (MS),WR,72.6,197,9.38,35.25,,4.47,,34.5,126.0,4.36,8.07,11.9
1998,Josh Bradley,Louisiana Tech,TE,78.8,270,9.88,33.5,,5.16,13.0,26.5,94.0,4.45,8.06,12.42
1998,Jeremy Brigham,Washington,TE,76.1,249,9.75,33.0,,4.68,22.0,30.5,109.0,4.25,7.71,12.26
1998,Keith Brooking,Georgia Tech,OLB,74.4,244,10.13,32.38,,,24.0,,,,,
1998,Cyron Brown,Western Illinois,DE,76.8,241,10.5,34.13,,5.09,,33.5,115.0,4.23,7.54,
1998,Eric Brown,Mississippi State,SS,72.3,208,9.75,33.5,,4.53,12.0,40.5,125.0,4.06,7.08,11.1
1998,Jonathan Brown,Tennessee,DE,75.9,268,10.13,34.25,,5.11,22.0,32.5,113.0,4.1,7.81,
1998,Mike Brown,Texas Christian,TE,75.9,252,10.13,35.13,,4.97,,29.0,111.0,4.32,8.16,12.17
1998,Omar Brown,North Carolina,SS,69.8,198,9.25,29.63,,,14.0,39.5,115.0,4.12,,11.77
1998,Jim Bundren,Clemson,OG,74.9,303,10.75,32.25,,5.16,29.0,28.5,103.0,4.43,8.11,
1998,Chester Burnett,Arizona,OLB,70.6,224,9.88,32.38,,4.66,26.0,33.5,114.0,4.41,7.82,11.51
1998,Thad Busby,Florida State,QB,74.1,223,10.13,33.25,,4.97,,30.5,110.0,,,
1998,Daryl Bush,Florida State,ILB,73.8,248,10.88,33.75,,,26.0,,,,,
1998,Shane Carwin,Western State Colorado,ILB,73.4,257,10.88,34.13,,4.93,29.0,30.5,106.0,4.25,7.79,12.43
1998,Martin Chase,Oklahoma,DT,73.6,293,9.75,32.5,,5.14,,29.0,107.0,4.59,8.5,
1998,Corey Chavous,Vanderbilt,CB,71.8,204,9.5,31.63,,4.55,15.0,39.5,120.0,3.96,7.65,11.41
1998,Jason Chorak,Washington,DE,75.0,252,10.75,33.13,,,11.0,,,,,
1998,Derrik Clark,Iowa State,OLB,75.4,247,10.25,32.88,,4.77,14.0,37.5,122.0,3.98,7.06,11.06
1998,Cameron Cleeland,Washington,TE,76.4,272,10.88,33.5,,4.83,28.0,33.5,107.0,4.15,7.42,11.3
1998,Anthony Clement,Southwestern Louisiana,OT,79.4,355,10.5,36.0,,5.64,23.0,26.5,97.0,4.93,8.6,
1998,Ryan Clement,Miami (FL),QB,73.0,212,9.75,32.13,,5.02,,31.0,104.0,4.39,7.85,
1998,Andy Clifton,Rice (TX),DE,74.6,250,9.25,33.25,,4.8,20.0,32.5,116.0,4.13,7.49,
1998,Tavarr Closs,Connecticut,OT,76.6,299,10.5,35.88,,5.46,21.0,26.5,104.0,5.07,8.97,
1998,Devon Coburn,Mississippi,OT,74.8,290,9.5,32.75,,5.36,14.0,32.0,98.0,4.72,8.73,
1998,Fred Coleman,Washington,WR,72.1,187,9.0,32.25,,4.45,,34.5,112.0,4.17,7.16,11.33
1998,Quincy Coleman,Jackson State (MS),CB,70.0,182,9.0,32.0,,,10.0,31.5,117.0,4.07,7.33,11.15
1998,Aaron Collins,Penn State,OLB,71.5,237,10.25,33.0,,4.77,27.0,33.5,117.0,4.18,7.75,11.59
1998,Mo Collins,Florida,OT,76.3,337,11.25,35.0,,5.47,30.0,31.5,99.0,4.93,8.88,
1998,Greg Comella,Stanford,FB,72.0,232,9.63,30.5,,4.63,23.0,31.0,115.0,4.22,7.81,12.07
1998,Chris Conrad,Frenso State (CA),TE,78.8,301,10.63,34.5,,5.26,19.0,24.5,92.0,4.71,8.02,
1998,Kerry Cooks,Iowa,SS,71.1,198,10.0,32.5,,4.58,15.0,33.5,116.0,4.05,7.49,11.23
1998,Brad Costello,Boston College,P,73.1,226,9.25,30.5,,,,,,,,
1998,Keith Council,Hampton (VA),DT,76.6,292,10.25,35.38,,5.19,26.0,29.0,101.0,4.89,8.64,
1998,George Cousins,Florida A&M,DE,76.6,277,10.13,36.0,,4.7,28.0,35.5,122.0,4.38,7.92,
1998,Sam Cowart,Florida State,OLB,72.9,246,9.13,33.0,,,,30.5,112.0,4.28,7.84,11.94
1998,Matt Cox,Brigham Young,OG,77.8,305,9.5,33.25,,5.65,,25.0,96.0,4.65,8.49,
1998,Jason Crebo,Montana,OLB,73.4,220,9.25,31.5,,,,,,,,
1998,Shadwick Criss,Missouri,CB,69.9,183,9.5,31.25,,4.54,9.0,34.5,,,,
1998,Ben Crosland,Utah State,DT,76.6,278,9.25,32.75,,,19.0,,,,,
1998,Germane Crowell,Virginia,WR,75.4,212,10.0,33.25,,,,,,,,
1998,Casey Dailey,Northwestern,DE,75.1,245,10.13,32.5,,4.9,20.0,32.5,112.0,3.92,7.54,11.55
1998,Melvin Dansby,Notre Dame,DT,75.6,285,10.25,35.13,,5.39,32.0,26.5,105.0,4.51,8.45,
1998,Donovin Darius,Syracuse,FS,72.6,211,10.75,33.13,,,,38.5,128.0,3.95,7.21,11.22
1998,Jason Davis,Oklahoma State,P,72.3,219,9.5,31.5,,,,,,,,
1998,Phil Dawson,Texas,K,70.6,187,10.25,29.0,,,,,,,,
1998,Gennaro Dinapoli,Virginia Tech,OG,74.8,301,10.75,33.5,,5.27,21.0,33.0,107.0,4.48,8.24,
1998,Cedric Donaldson,Louisiana State,CB,68.9,176,9.0,32.25,,,7.0,34.5,117.0,,,
1998,Jamie Duncan,Vanderbilt,OLB,72.1,244,9.5,32.13,,,23.0,,,,,
1998,Damon Dunn,Stanford,WR,68.9,183,9.25,30.75,,4.48,,31.5,114.0,4.0,7.46,10.92
1998,John Dutton,Nevada Las Vegas,QB,75.9,219,9.13,32.5,,4.68,,29.0,104.0,4.22,7.55,
1998,Brandon Dyson,Utah State,C,75.6,283,9.5,33.75,,5.25,17.0,25.5,101.0,4.59,8.32,
1998,Kevin Dyson,Utah,WR,73.1,199,10.13,34.25,,,,,,,,
1998,Robert Edwards,Georgia,RB,71.5,218,8.75,31.5,,,,,,,,
1998,Chike Egbuniwe,Duke,ILB,73.5,236,9.75,33.5,,4.92,,32.5,111.0,4.41,8.07,12.42
1998,Greg Ellis,North Carolina,DE,77.3,281,10.25,34.63,,4.87,26.0,35.5,118.0,4.48,8.03,
1998,Curtis Enis,Penn State,RB,72.6,242,10.0,32.13,,,,,,,,
1998,Dave Ettinger,Hofstra (NY),K,71.0,215,9.25,29.25,,,,,,,,
1998,Anthony Eubanks,Arkansas,WR,74.0,189,9.13,33.63,,4.71,,31.5,111.0,4.17,7.94,11.79
1998,Jason Evans,Southern Methodist (TX),DT,76.0,299,10.63,34.25,,5.19,18.0,30.0,106.0,4.66,8.23,
1998,Jerome Evans,Kansas State,DT,76.3,319,9.88,34.13,,5.06,,30.5,104.0,4.85,9.02,
1998,Jason Fabini,Cincinnati,OT,78.4,314,11.0,34.25,,5.63,20.0,25.5,89.0,4.68,8.41,
1998,Terry Fair,Tennessee,CB,69.4,185,9.5,31.0,,,12.0,,,,,
1998,Alan Faneca,Louisiana State,OG,76.6,322,10.25,33.75,,5.47,20.0,26.0,94.0,4.71,8.66,
1998,Gregory Favors,Mississippi State,OLB,73.4,229,10.25,33.5,,4.78,15.0,32.0,115.0,4.29,7.53,11.89
1998,Dan Finn,Northern Arizona,OG,75.5,316,10.0,33.25,,5.29,26.0,29.0,108.0,4.39,8.32,
1998,Mark Fischer,Purdue,OG,75.6,293,9.25,33.75,,5.23,23.0,25.5,100.0,4.43,7.88,
1998,Chris Floyd,Michigan,FB,72.1,235,10.13,33.0,,4.69,17.0,28.0,112.0,4.49,7.7,12.08
1998,Steve Foley,Louisiana-Monroe,DE,75.5,261,10.13,32.25,,4.68,24.0,34.5,117.0,4.47,7.84,
1998,Chris Fontenot,McNeese State (LA),TE,75.1,236,9.88,34.88,,4.79,19.0,36.0,123.0,4.56,7.92,11.86
1998,Shane Fortney,Northern Iowa,QB,73.6,225,9.75,32.25,,4.72,,33.5,114.0,4.3,7.74,
1998,Scott Frost,Nebraska,FS,74.8,219,,,,4.62,,34.5,115.0,,7.18,10.99
1998,Chris Fuamatu-Ma'Afala,Utah,RB,71.6,252,10.13,31.25,,4.83,23.0,33.0,111.0,4.25,7.52,11.88
1998,Jammi German,Miami (FL),WR,72.5,187,9.38,33.5,,4.53,,39.5,122.0,,,
1998,Lonnie Gilbert,North Carolina State,OG,74.4,289,9.75,34.25,,5.18,22.0,,,,,
1998,Darryl Gilliam,Maryland,OT,77.0,327,10.75,34.0,,5.48,,23.5,87.0,4.77,8.28,
1998,Chris Gizzi,Air Force,ILB,71.9,232,9.75,31.0,,,26.0,,,,,
1998,Mike Goff,Iowa,OG,77.1,314,9.5,33.25,,5.11,24.0,26.5,109.0,4.53,8.05,
1998,Eric Gohlstin,Ohio State,OT,75.5,337,10.25,34.25,,,20.0,,,,,
1998,Dan Gonzalez,East Carolina (NC),QB,74.6,214,10.5,33.0,,4.89,,29.0,104.0,4.23,7.58,
1998,Ahman Green,Nebraska,RB,71.8,213,9.5,31.25,,4.44,13.0,38.5,129.0,,,
1998,E G Green,Florida State,WR,71.5,187,9.5,33.25,,,,,,,,
1998,Jacquez Green,Florida,WR,68.9,173,8.5,31.25,,,,,,,,
1998,Az-Zahir Hakim,San Diego State,WR,69.6,179,9.25,30.5,,4.45,,36.0,122.0,4.25,7.44,11.73
1998,Lamont Hall,Clemson,TE,75.3,256,9.88,33.75,,5.06,23.0,28.5,111.0,4.46,8.36,12.49
1998,Bob Hallen,Kent State (OH),OT,75.9,292,10.0,34.25,,5.05,34.0,30.0,105.0,4.35,7.75,
1998,Darren Hambrick,South Carolina,OLB,73.9,216,10.0,33.63,,,,,,,,
1998,Kadar Hamilton,Stanford,SS,70.9,212,9.63,30.5,,4.87,15.0,33.0,110.0,4.15,7.5,11.46
1998,Carl Hansen,Stanford,DT,76.4,284,10.0,33.75,,5.11,23.0,29.0,108.0,4.44,7.8,
1998,Scott Harley,East Carolina (NC),RB,69.4,215,9.75,31.13,,4.79,18.0,31.5,108.0,4.25,7.46,11.78
1998,Artrell Hawkins,Cincinnati,CB,70.4,193,9.5,30.88,,4.45,,37.0,135.0,3.78,7.09,10.66
1998,Donald Hayes,Wisconsin,WR,76.6,208,9.25,34.25,,4.57,,36.0,123.0,4.07,7.38,11.42
1998,Lendon Henry,Colorado,RB,72.0,213,9.75,33.25,,,15.0,36.0,119.0,,,
1998,Robert Hicks,Mississippi State,OT,79.4,351,10.5,36.25,,5.65,22.0,21.0,97.0,5.07,9.17,
1998,Skip Hicks,UCLA,RB,71.8,230,10.13,32.75,,,17.0,34.5,124.0,,,
1998,Robert Holcombe,Illinois,RB,70.9,216,9.88,32.25,,4.53,23.0,35.0,126.0,4.15,7.49,11.59
1998,Vonnie Holliday,North Carolina,DT,76.8,296,10.75,35.5,,,,,,,,
1998,Jaret Holmes,Auburn,K,72.5,203,9.75,30.0,,,,,,,,
1998,Tony Horne,Clemson,WR,69.8,179,8.25,32.5,,4.66,,33.0,112.0,4.29,7.5,11.41
1998,Chris Howard,Michigan,RB,69.6,223,9.5,30.5,,4.65,19.0,27.0,115.0,4.23,7.49,11.65
1998,Chris Jackson,Washington State,WR,73.1,203,9.63,32.25,,4.67,,33.5,111.0,4.1,7.5,11.35
1998,Paul Janus,Northwestern,OT,76.9,295,9.75,34.25,,5.47,16.0,29.0,101.0,4.54,8.21,
1998,Cedric Jefferson,Southern California,DT,74.4,291,9.63,34.13,,5.54,19.0,26.0,96.0,4.71,8.32,
1998,Nakia Jenkins,Utah State,WR,72.9,215,10.38,33.63,,4.71,,34.0,115.0,,,
1998,Jerry Jensen,Washington,OLB,72.3,237,9.13,32.25,,4.8,22.0,31.5,106.0,4.22,7.52,11.94
1998,Garret Johnson,Southwestern Louisiana,CB,71.1,188,9.0,31.25,,4.5,7.0,33.0,110.0,4.18,7.39,11.68
1998,Juan Johnson,Utah,RB,73.1,220,9.63,33.5,,4.69,14.0,34.5,123.0,4.32,7.74,12.19
1998,Macarthur Johnson,Howard (DC),WR,71.3,194,8.63,31.5,,4.64,,28.0,111.0,4.34,7.3,12.07
1998,Pat Johnson,Oregon,WR,70.1,181,9.13,32.25,,4.42,,34.5,127.0,,,
1998,Taj Johnson,San Diego State,WR,74.0,203,9.75,33.5,,4.61,,,,,,
1998,Tebucky Jones,Syracuse,SS,73.3,214,10.0,34.5,,4.43,,38.5,120.0,3.94,7.34,10.58
1998,Antony Jordan,Vanderbilt,OLB,74.8,239,10.25,33.75,,4.75,20.0,34.0,116.0,4.22,7.84,11.87
1998,Joe Jurevicius,Penn State,WR,76.9,231,9.5,33.0,,4.66,,31.5,118.0,4.48,7.49,11.76
1998,Paul Kaiser,Central Missouri,QB,74.6,211,10.0,32.0,,4.78,,34.5,114.0,4.04,7.25,
1998,Doug Karczewski,Virginia,OT,76.6,295,10.0,32.25,,5.3,25.0,28.5,104.0,4.56,8.51,
1998,Brian Kelly,Southern California,CB,71.1,192,9.13,32.13,,,8.0,33.5,120.0,3.82,7.25,11.01
1998,Chad Kessler,Louisiana State,P,72.4,203,9.5,31.0,,,,,,,,
1998,Josh Keur,Michigan State,TE,75.9,284,10.13,33.0,,,25.0,,,,,
1998,Carlos King,North Carolina State,FB,72.4,230,9.75,32.5,,,14.0,,,,,
1998,Carlos Knight,Jackson State (MS),FB,70.6,230,9.5,31.13,,4.65,18.0,32.0,119.0,4.28,7.72,11.73
1998,Todd Kollar,Youngstown State (OH),OT,75.6,294,10.25,33.13,,5.21,17.0,31.0,108.0,4.55,8.12,
1998,Jay Korth,Wyoming,C,75.1,294,10.0,31.75,,5.32,25.0,29.5,104.0,4.8,8.21,
1998,Olin Kreutz,Washington,C,74.1,300,9.75,31.5,,5.32,30.0,28.0,100.0,4.55,8.1,
1998,Ryan Leaf,Washington State,QB,77.4,261,10.5,33.88,,,,,,,,
1998,Lloyd Lee,Dartmouth (NH),SS,73.4,207,9.75,31.0,,4.58,18.0,33.5,117.0,3.93,7.08,10.62
1998,Jonathan Linton,North Carolina,FB,72.6,248,10.25,33.25,,4.84,,29.5,110.0,4.27,7.6,11.87
1998,Leonard Little,Tennessee,DE,75.4,237,10.5,34.25,,,18.0,,,,,
1998,Kevin Long,Florida State,C,77.3,296,10.13,33.25,,5.33,21.0,31.5,103.0,4.52,8.14,
1998,Kamil Loud,Cal Poly-SLO,WR,71.9,190,9.63,32.0,,4.47,,32.0,114.0,4.26,7.84,11.6
1998,Clarence Love,Toledo,CB,70.9,186,9.13,31.5,,4.4,,38.0,122.0,3.96,7.27,10.87
1998,Peyton Manning,Tennessee,QB,77.3,230,10.13,31.5,,,,,,,,
1998,Mitch Marrow,Pennsylvania,DT,76.0,280,10.25,34.13,,4.85,35.0,38.5,122.0,4.39,8.54,
1998,Michael Martin,Arizona State,RB,72.4,215,9.25,32.75,,,17.0,,,,,
1998,Claude Mathis,Texas State,RB,69.5,206,8.75,32.5,,4.61,17.0,30.0,110.0,4.2,7.61,11.95
1998,Viliami Maumau,Colorado,DT,73.9,302,9.88,33.63,,5.36,26.0,25.5,102.0,4.7,,
1998,Alonzo Mayes,Oklahoma State,TE,76.8,256,9.13,34.25,,,,,,,,
1998,Kivuusama Mays,North Carolina,ILB,74.9,251,10.13,33.25,,,16.0,,,,,
1998,Chance Mccarty,Texas Christian,DE,75.4,248,11.0,35.13,,4.94,,32.0,108.0,4.36,7.73,
1998,Chris Mccoy,Navy,QB,69.8,196,9.75,31.13,,4.8,15.0,29.5,109.0,,,
1998,Andy Mccullough,Tennessee,WR,75.0,209,9.25,33.0,,4.57,,34.5,118.0,4.06,7.18,11.61
1998,Saladin Mccullough,Oregon,RB,68.4,196,8.88,30.0,,,,,,,,
1998,Ramos Mcdonald,New Mexico,CB,71.9,195,9.63,33.38,,4.48,,35.5,115.0,4.04,7.24,11.21
1998,Jason Mcendoo,Washington State,OG,76.3,310,9.75,32.0,,5.52,25.0,24.5,99.0,4.8,8.42,
1998,Brian Mckenzie,Brigham Young,RB,69.8,210,9.25,32.0,,4.43,20.0,36.5,127.0,4.29,8.18,11.53
1998,Steve Mckinney,Texas A&M,OG,75.8,297,9.5,31.25,,5.03,34.0,31.5,111.0,4.35,8.07,
1998,Robert Mcquarters,Oklahoma State,FS,69.6,193,9.5,30.38,,4.5,13.0,35.5,120.0,4.19,7.43,11.2
1998,Mike Mcqueary,Penn State,QB,76.3,223,10.13,32.75,,5.16,,26.0,99.0,4.4,7.79,
1998,Ron Merkerson,Colorado,ILB,73.9,252,9.75,33.25,,4.86,22.0,32.5,110.0,4.35,7.64,11.88
1998,Harvey Middleton,Georgia Tech,WR,71.3,186,9.13,32.5,,,,32.5,112.0,4.1,7.46,11.24
1998,Mike Mitchell,Stanford,FB,71.5,216,8.5,31.13,,,,,,,,
1998,Kenny Mixon,Louisiana State,DE,76.4,270,11.38,35.0,,4.9,18.0,28.0,111.0,4.47,8.39,
1998,Omarr Morgan,Brigham Young,CB,69.0,164,9.13,30.75,,,,,,,,
1998,Randy Moss,Marshall (WV),WR,75.6,194,9.63,34.0,17.0,4.38,,33.0,117.0,4.17,7.19,11.87
1998,Mike Moten,Florida,DT,76.6,266,9.75,34.88,,4.92,18.0,35.0,119.0,4.61,,
1998,Brian Musso,Northwestern,WR,71.9,189,9.5,29.63,,4.72,,30.5,109.0,3.91,7.28,11.47
1998,Michael Myers,Alabama,DE,74.4,285,9.5,34.75,,5.11,21.0,25.0,99.0,5.1,8.47,
1998,Deshone Myles,Nevada Las Vegas,OLB,74.1,244,10.5,34.25,,4.85,19.0,32.5,113.0,4.16,7.75,11.58
1998,Toby Myles,Jackson State (MS),OT,76.6,313,10.0,34.88,,5.32,17.0,29.5,109.0,4.84,8.64,
1998,Marcus Nash,Tennessee,WR,74.9,193,10.13,33.25,,,,,,,,
1998,Jeremy Newberry,California,C,76.9,314,9.75,33.25,,5.44,27.0,27.5,99.0,4.77,8.34,
1998,Tori Noel,Tennessee,SS,72.0,199,10.0,32.13,,,12.0,,,,,
1998,Heron O'Neal,Western Michigan,FS,73.9,192,9.13,33.5,,4.62,8.0,39.0,120.0,4.09,7.25,11.51
1998,Eric Ogbogu,Maryland,DE,75.9,270,9.25,36.25,,4.98,18.0,32.5,115.0,4.35,7.93,
1998,Brock Olivo,Missouri,RB,72.1,217,10.5,31.13,,4.82,24.0,30.5,109.0,4.0,7.46,11.55
1998,Benji Olson,Washington,OG,76.1,324,9.88,32.25,,5.27,21.0,27.5,95.0,4.78,8.52,
1998,Phil Ostrowski,Penn State,OG,76.4,282,9.13,32.75,,5.44,15.0,26.0,96.0,4.7,8.07,
1998,Ken Oxendine,Virginia Tech,RB,72.3,228,10.5,32.88,,4.75,19.0,35.0,119.0,3.98,7.88,11.64
1998,Pat Palmer,Northwestern State (LA),WR,73.3,182,9.75,32.0,,4.58,,35.0,120.0,4.24,7.46,11.37
1998,Marcus Parker,Virginia Tech,RB,69.1,244,9.75,31.88,,4.69,18.0,36.0,111.0,4.36,7.97,12.13
1998,Tony Parrish,Washington,FS,70.4,206,9.5,31.5,,,,,,,,
1998,Jerome Pathon,Washington,WR,72.0,187,9.88,30.88,,,,,,,,
1998,Pepe Pearson,Ohio State,RB,70.4,206,9.0,30.25,,4.54,15.0,34.5,112.0,4.36,7.3,11.08
1998,Wilmont Perry,Livingstone (NC),RB,73.6,235,10.13,33.88,,4.74,16.0,33.0,108.0,4.56,7.75,12.22
1998,Jason Peter,Nebraska,DT,77.0,274,10.13,33.25,,,,,,,,
1998,Julian Pittman,Florida State,DT,75.6,286,9.88,33.75,,,,26.5,105.0,,,
1998,Michael Pittman,Frenso State (CA),RB,71.5,214,9.5,29.88,,4.5,22.0,35.0,120.0,4.37,7.54,11.74
1998,Antwaune Ponds,Syracuse,ILB,73.4,253,10.13,33.88,,,,,,,,
1998,Jose Portilla,Arizona,OT,78.0,325,9.75,33.75,,,26.0,,,,,
1998,Phalen Pounds,Southern California,OG,77.6,335,11.13,35.88,,6.12,21.0,22.0,84.0,5.68,9.61,
1998,Ron Powlus,Notre Dame,QB,73.6,219,10.5,31.13,,5.1,,26.0,98.0,4.35,7.53,
1998,Rock Preston,Florida State,RB,67.9,183,9.0,30.13,,4.62,9.0,33.5,118.0,4.17,7.54,11.53
1998,Raymond Priester,Clemson,FB,72.6,240,9.5,32.13,,,15.0,,,,,
1998,Derrick Ransom,Cincinnati,DT,75.6,281,10.88,35.25,,5.14,21.0,29.0,103.0,4.68,7.87,
1998,Isaiah Reese,Michigan State,OLB,74.6,224,10.25,33.25,,4.62,,31.5,113.0,4.11,7.78,11.2
1998,Izell Reese,Alabama-Birmingham,SS,74.1,193,9.75,32.75,,4.54,13.0,39.5,133.0,4.06,7.09,11.45
1998,Leonta Rheams,Houston,DT,74.4,287,9.5,35.0,,,23.0,,,,,
1998,Andre Richardson,Oklahoma State,RB,67.1,184,9.13,28.63,,4.53,18.0,33.0,115.0,4.33,7.4,11.91
1998,Damien Richardson,Arizona State,SS,73.5,210,10.13,32.5,,4.66,17.0,37.0,124.0,3.98,7.33,10.87
1998,Mikhael Ricks,Stephen F. Austin (TX),WR,77.1,237,10.5,35.13,,4.57,,36.0,127.0,4.03,7.28,11.56
1998,Dennis Riddle,Alabama,RB,70.1,205,10.0,33.13,,4.66,,33.5,121.0,4.17,7.7,11.51
1998,Victor Riley,Auburn,OG,76.6,333,10.75,36.13,,5.55,23.0,23.0,91.0,5.02,8.77,
1998,Jon Ritchie,Stanford,FB,73.8,248,10.25,31.88,,4.66,,31.0,115.0,4.09,7.32,11.34
1998,Ron Rogers,Georgia Tech,ILB,72.4,243,9.0,31.25,,,25.0,,,,,
1998,Samari Rolle,Florida State,CB,71.0,173,9.0,32.75,,,,,,,,
1998,Oliver Ross,Iowa State,OT,76.4,301,9.5,35.25,,5.21,24.0,26.5,97.0,4.59,8.15,
1998,Glenn Rountree,Clemson,OG,74.8,308,10.25,34.5,,5.17,29.0,28.5,104.0,4.72,8.11,
1998,Angel Rubio,Southeast Missouri State,DT,73.9,300,10.63,34.25,,5.18,23.0,26.5,100.0,4.58,8.28,
1998,Michael Ruhl,Tulsa (OK),OT,78.1,308,10.13,35.75,,5.46,15.0,27.5,90.0,4.69,8.24,
1998,Chris Ruhman,Texas A&M,OT,77.3,313,10.0,35.25,,5.43,13.0,25.5,91.0,4.63,8.33,
1998,Rodrick Rutledge,Alabama,TE,76.9,272,10.88,35.88,,4.99,20.0,,,,,
1998,Ephraim Salaam,San Diego State,OT,78.1,300,9.75,35.13,,,18.0,28.0,,,,
1998,Joe Salave'A,Arizona,DT,75.6,285,10.13,34.25,,5.17,27.0,29.5,104.0,4.71,8.05,
1998,David Sanders,Arkansas,DE,76.3,308,10.13,35.5,,4.85,,32.5,115.0,,,
1998,Kio Sanford,Kentucky,WR,70.1,180,9.25,32.25,,4.53,,33.5,111.0,4.19,7.55,11.44
1998,Jeff Saturday,North Carolina,C,74.4,292,10.13,31.5,,5.24,25.0,25.0,100.0,4.85,8.52,
1998,Cory Sauter,Minnesota,QB,76.1,218,9.38,34.13,,4.98,,31.0,109.0,4.15,7.45,
1998,Kato Serwanga,California,CB,71.0,198,10.13,32.25,,4.6,24.0,35.0,120.0,4.07,7.79,11.31
1998,Tawambi Settles,Duke,FS,74.4,191,9.75,33.75,,4.58,,32.5,113.0,4.04,7.42,11.25
1998,Larry Shannon,East Carolina (NC),WR,76.3,210,10.13,34.0,,,,,,,,
1998,Harold Shaw,Southern Mississippi,RB,72.0,230,9.0,31.75,,4.62,18.0,28.5,105.0,4.43,7.63,11.97
1998,Rashaan Shehee,Washington,RB,70.3,204,9.88,33.13,,,22.0,,,,,
1998,Matt Sherman,Iowa,QB,73.9,207,10.0,32.0,,5.06,,26.5,103.0,4.37,7.68,
1998,Dainon Sidney,Alabama-Birmingham,CB,72.4,188,10.0,33.25,,4.5,,39.0,122.0,4.09,7.52,11.1
1998,Anthony Simmons,Clemson,ILB,72.1,231,9.88,32.75,,,22.0,34.5,127.0,3.97,7.35,11.41
1998,Brian Simmons,North Carolina,OLB,74.9,238,9.13,32.13,,4.62,,30.0,117.0,4.31,7.47,11.84
1998,Tony Simmons,Wisconsin,WR,72.8,203,10.5,33.25,,4.35,,36.5,117.0,3.96,7.15,10.98
1998,Henry Slay,West Virginia,DT,73.4,288,10.75,34.25,,5.2,18.0,29.0,104.0,4.57,8.5,
1998,Myron Smith,Louisiana Tech,OLB,72.9,225,9.63,32.25,,4.58,12.0,34.5,118.0,4.27,7.96,11.73
1998,Shevin Smith,Florida State,SS,70.6,196,9.13,31.5,,,13.0,,,,,
1998,Tarik Smith,California,RB,70.4,200,9.75,32.75,,4.53,17.0,39.5,129.0,,,
1998,Travian Smith,Oklahoma,OLB,75.9,238,10.63,33.75,,4.44,15.0,32.5,120.0,,7.66,
1998,Chris Snyder,Penn State,DE,74.1,270,10.25,33.75,,5.02,24.0,28.5,110.0,4.37,7.67,
1998,Blake Spence,Oregon,TE,75.5,249,9.75,32.38,,4.89,17.0,28.0,106.0,4.35,7.42,11.67
1998,Takeo Spikes,Auburn,ILB,72.9,234,9.75,32.75,,,27.0,37.0,124.0,4.14,7.84,11.56
1998,Jeremy Staat,Arizona State,DE,77.4,299,10.38,34.75,,,,,,,,
1998,Duane Starks,Miami (FL),CB,70.0,170,9.13,31.25,,4.4,,38.0,127.0,,,
1998,Glen Steele,Michigan,DE,76.3,292,10.25,32.5,,5.15,23.0,27.5,99.0,4.4,7.74,
1998,Tremayne Stephens,North Carolina State,RB,70.8,205,10.0,32.88,,4.54,14.0,40.0,121.0,4.0,7.19,10.95
1998,Derek Strey,Eastern Washington,ILB,73.8,252,9.25,30.75,,4.84,30.0,30.0,106.0,4.31,7.65,11.79
1998,Nathan Strikwerda,Northwestern,C,76.1,296,9.75,31.88,,5.24,27.0,26.0,97.0,4.52,8.03,
1998,Ryan Sutter,Colorado,SS,73.1,203,9.13,32.75,,4.61,17.0,33.5,120.0,4.13,7.07,11.33
1998,Jason Suttle,Wisconsin,CB,70.0,185,9.5,30.25,,4.54,,36.5,120.0,3.87,7.16,10.76
1998,Aaron Taylor,Nebraska,OG,73.0,320,9.75,31.88,,5.32,23.0,29.0,99.0,4.56,8.08,
1998,Cordell Taylor,Hampton (VA),CB,71.8,192,9.0,31.63,,4.46,18.0,37.5,121.0,4.21,7.08,10.94
1998,Fred Taylor,Florida,RB,71.9,226,9.63,32.5,,,20.0,,,,,
1998,Ryan Thelwell,Minnesota,WR,73.6,182,9.13,34.13,,4.59,,36.0,123.0,4.0,6.88,10.76
1998,Mark Thomas,North Carolina State,TE,76.3,253,9.63,33.5,,4.91,18.0,34.0,109.0,4.47,8.07,12.15
1998,Melvin Thomas,Colorado,OG,75.3,322,10.0,35.25,,5.41,21.0,28.0,,,,
1998,Tra Thomas,Florida State,OT,79.8,349,10.25,36.5,,,24.0,,,,,
1998,Trevor Townsend,Alabama,CB,69.3,179,8.75,31.75,,4.59,10.0,38.0,116.0,3.95,7.43,11.33
1998,Jeremiah Trotter,Stephen F. Austin (TX),ILB,72.5,261,10.13,34.38,,4.68,32.0,34.0,117.0,4.14,7.62,11.43
1998,Jason Tucker,Texas Christian,WR,73.0,182,9.63,32.25,,4.55,,37.0,119.0,4.01,7.06,11.0
1998,Kyle Turley,San Diego State,OT,76.9,309,9.5,35.13,,4.95,26.0,32.0,112.0,4.43,7.75,
1998,Geoff Turner,Colorado State,WR,67.9,196,8.75,29.38,,,,,,,,
1998,Jim Turner,Syracuse,WR,75.5,210,9.88,34.75,,4.46,,35.0,121.0,4.21,7.15,11.62
1998,Lamont Turner,Hampton (VA),OG,77.4,316,10.5,36.75,,5.47,18.0,27.5,89.0,5.16,8.85,
1998,Robert Wade,Marshall (WV),C,77.1,302,10.13,32.5,,5.51,19.0,25.0,,,,
1998,Andre Wadsworth,Florida State,DE,75.6,278,10.25,34.25,,,,35.5,119.0,4.38,7.42,
1998,Zack Walz,Dartmouth (NH),OLB,75.9,228,10.0,32.25,,4.79,13.0,33.5,116.0,4.11,7.42,11.2
1998,Hines Ward,Georgia,WR,71.6,195,9.0,30.5,,,,30.5,110.0,4.09,7.09,11.02
1998,Eric Warfield,Nebraska,FS,72.4,192,9.5,32.75,,,,40.0,127.0,3.9,7.06,10.91
1998,Delon Washington,Southern California,RB,68.1,194,9.0,31.5,,4.69,16.0,31.0,109.0,4.34,7.71,12.08
1998,Todd Washington,Virginia Tech,OG,75.1,312,9.75,35.13,,5.4,15.0,25.5,101.0,4.81,8.33,
1998,Vaughn Washington,Houston,OLB,74.1,248,10.0,33.75,,,28.0,,,,,
1998,Toussaint Waterman,Northwestern,WR,72.4,207,9.75,34.5,,4.66,,34.0,118.0,4.04,7.64,11.64
1998,Edwin Watson,Purdue,FB,71.6,224,9.0,32.5,,4.6,20.0,33.5,120.0,3.95,7.41,11.47
1998,Fred Weary,Florida,CB,69.9,178,9.5,32.0,,,9.0,,,,,
1998,Todd Weiner,Kansas State,OT,76.4,297,10.5,34.25,,5.07,27.0,33.5,108.0,4.53,8.15,
1998,Brandon Whiting,California,DT,75.1,285,10.0,33.75,,5.18,28.0,30.5,,,,
1998,Alvis Whitted,North Carolina State,WR,71.5,184,10.0,33.63,,4.5,,34.5,128.0,4.11,7.32,11.14
1998,Samuel Wiley,Louisiana State,DT,76.4,275,9.75,33.75,,4.96,23.0,28.5,108.0,4.41,7.75,
1998,Ed Williams,Iowa State,WR,74.4,204,10.13,33.5,,4.65,,32.0,108.0,4.03,7.32,11.11
1998,Elijah Williams,Florida,CB,69.5,178,9.63,30.5,,,10.0,37.5,122.0,,,
1998,Greg Williams,North Carolina,SS,70.6,191,9.25,32.0,,4.78,15.0,35.5,110.0,4.07,7.41,11.21
1998,Kevin Williams,Oklahoma State,CB,71.3,190,8.88,32.5,,4.52,,,121.0,3.98,7.07,11.06
1998,Lamanzer Williams,Minnesota,DE,75.9,272,10.0,34.5,,,,,,,,
1998,Robert Williams,North Carolina,CB,70.1,174,9.0,31.0,,,,,,,,
1998,Roland Williams,Syracuse,TE,76.9,263,10.0,34.25,,4.94,18.0,36.5,120.0,4.21,7.71,12.14
1998,Sammy Williams,Oklahoma,OT,76.5,318,10.5,34.13,,5.5,16.0,25.5,98.0,5.16,9.28,
1998,Shaun Williams,UCLA,FS,73.4,211,10.0,32.75,,4.48,,33.5,122.0,4.25,7.42,11.41
1998,Grant Wistrom,Nebraska,OLB,76.9,273,10.13,33.88,,,,,,,,
1998,Kailee Wong,Stanford,DE,74.6,267,9.5,33.0,,4.66,27.0,34.5,117.0,3.93,7.3,
1998,David Zadel,Wake Forest,OLB,76.8,250,9.13,33.38,,,,,,,,
1997,Kevin Abrams,Syracuse,CB,68.4,174,9.88,32.0,,,,,,,,
1997,Mike Adams,Texas,WR,71.4,184,9.13,31.63,,4.59,,29.5,112.0,4.38,7.51,11.89
1997,Winston Alderson,Arkansas,OT,76.1,344,10.88,36.5,,5.6,,24.5,92.0,5.25,8.85,
1997,Ink Aleaga,Washington,ILB,73.0,227,9.13,32.0,,4.87,,31.0,107.0,4.33,7.6,11.77
1997,Eric Allen,Indiana,FS,72.0,205,9.0,31.75,,4.78,,34.0,116.0,4.22,7.27,11.69
1997,James Allen,Oklahoma,RB,70.1,212,9.0,31.88,,,11.0,31.0,,,,
1997,John Allred,Southern California,TE,76.4,244,10.0,32.5,,5.01,15.0,32.0,112.0,4.32,7.45,11.7
1997,Richard Alvarado,Jackson State (MS),OLB,74.6,239,9.0,32.75,,4.92,18.0,33.5,115.0,4.28,7.48,11.99
1997,Antonio Anderson,Syracuse,DE,78.6,314,10.0,37.75,,,,,,,,
1997,Reidel Anthony,Florida,WR,71.5,183,9.25,32.5,,,,,,,,
1997,Jim Arellanes,Frenso State (CA),QB,75.1,211,9.75,32.25,,5.19,,27.0,102.0,4.67,8.03,
1997,Duane Ashman,Virginia,DE,75.5,274,9.5,35.63,,5.03,19.0,32.5,110.0,4.83,8.8,
1997,Ty Atteberry,Baylor,P,72.4,199,9.75,30.88,,,,,,,,
1997,Raymond Austin,Tennessee,SS,70.6,190,10.25,32.0,,4.8,12.0,32.5,111.0,4.05,7.14,11.23
1997,Darnell Autry,Northwestern,RB,70.8,210,10.0,32.38,,,,34.0,114.0,,,
1997,Brad Badger,Stanford,OG,76.4,296,9.13,34.0,,5.22,21.0,32.5,111.0,4.13,,
1997,Antonio Banks,Virginia Tech,CB,70.0,203,9.5,32.0,,4.66,18.0,36.0,117.0,4.41,7.85,
1997,Ronde Barber,Virginia,CB,69.4,185,9.5,31.63,,4.68,14.0,34.5,118.0,4.46,7.22,11.45
1997,Tiki Barber,Virginia,RB,69.4,203,9.5,31.75,,4.56,15.0,35.5,120.0,4.0,7.18,11.19
1997,Derrick Barnes,Oregon,OLB,72.9,261,9.25,33.63,,4.92,15.0,33.0,109.0,4.42,7.88,12.25
1997,Pat Barnes,California,QB,75.1,212,9.5,32.0,,,,,,,,
1997,James Bates,Florida,ILB,73.0,230,9.0,31.63,,4.92,,32.5,115.0,4.29,7.67,12.09
1997,Terry Battle,Arizona State,RB,70.6,197,9.38,31.88,,4.71,16.0,34.5,118.0,,,
1997,Bert Berry,Notre Dame,DE,74.6,243,9.63,34.13,,4.64,27.0,37.5,123.0,4.49,7.79,
1997,Will Blackwell,San Diego State,WR,72.0,185,9.75,33.38,,4.62,,34.0,120.0,4.28,7.31,11.43
1997,Michael Booker,Nebraska,CB,73.3,203,9.25,33.0,,,10.0,,,,,
1997,Ben Bordelon,Louisiana State,OT,77.1,298,10.75,33.75,,5.42,22.0,28.0,104.0,4.73,8.25,
1997,Peter Boulware,Florida State,DE,76.1,254,9.75,33.75,,4.76,,34.0,118.0,4.2,7.64,
1997,Calvin Branch,Colorado State,RB,71.4,200,9.63,33.0,,4.49,18.0,39.0,127.0,4.08,7.12,11.23
1997,Will Brice,Virginia,P,76.0,225,9.25,34.0,,,,,,,,
1997,Zack Bronson,McNeese State (LA),FS,72.4,190,9.25,33.63,,4.66,9.0,33.5,115.0,4.35,7.63,11.76
1997,Macey Brooks,James Madison (VA),WR,76.6,214,9.88,35.13,,4.65,,38.5,125.0,4.13,7.31,11.43
1997,Cornell Brown,Virginia Tech,DE,73.1,244,9.13,33.75,,5.0,19.0,32.0,115.0,4.33,7.81,
1997,Rod Brown,North Carolina State,FB,71.5,245,9.5,32.25,,5.03,25.0,28.0,102.0,,,
1997,Lamont Burns,East Carolina (NC),OG,75.6,299,9.88,35.0,,5.32,30.0,28.5,109.0,4.7,,
1997,Kenney Bynum,South Carolina State,RB,70.8,190,9.0,31.5,,4.53,11.0,35.5,124.0,4.13,7.47,11.43
1997,Chris Canty,Kansas State,CB,69.6,194,9.5,30.75,,,,,,,,
1997,Byron Capers,Florida State,CB,73.0,202,8.75,32.63,,4.66,14.0,31.0,116.0,4.44,7.51,11.84
1997,William Carr,Michigan,DT,72.1,302,9.25,33.5,,5.41,19.0,25.5,83.0,5.14,8.42,
1997,Rae Carruth,Colorado,WR,70.6,194,9.5,31.13,,,,,,,,
1997,Chris Carter,Texas,FS,73.3,200,9.25,33.13,,,16.0,,,,,
1997,Mike Cherry,Murray State (KY),QB,75.9,222,9.75,33.25,,5.11,,28.5,105.0,4.38,7.8,
1997,Pete Chryplewicz,Notre Dame,TE,76.6,253,10.0,33.63,,4.88,,30.5,111.0,4.32,7.48,11.62
1997,Greg Clark,Stanford,TE,76.4,262,10.13,33.25,,4.99,30.0,31.0,115.0,4.12,7.51,11.79
1997,Chuck Clements,Houston,QB,74.6,211,9.5,32.25,,4.98,,31.5,108.0,4.36,7.69,
1997,Dexter Coakley,Appalachian State (NC),OLB,69.6,215,9.75,32.5,,4.52,21.0,38.0,125.0,4.21,7.48,11.52
1997,Lyron Cobbins,Notre Dame,ILB,71.9,249,10.0,32.63,,4.84,22.0,32.5,117.0,4.39,7.6,12.06
1997,Nate Cochran,Pittsburgh,P,76.9,215,10.0,32.5,,,,,,,,
1997,Stalin Colinet,Boston College,DE,78.1,279,10.5,36.0,,4.92,24.0,35.5,103.0,4.49,7.85,
1997,Calvin Collins,Texas A&M,OG,73.6,307,9.5,33.88,,5.19,22.0,28.0,102.0,4.61,,
1997,Billy Conaty,Virginia Tech,C,74.5,300,10.0,32.0,,5.45,25.0,29.0,,,,
1997,Albert Connell,Texas A&M,WR,72.4,184,8.88,31.5,,4.55,,,,,,
1997,Brett Conway,Penn State,K,74.1,191,9.25,32.5,,,,,,,,
1997,Andre Cooper,Florida State,WR,74.0,195,9.25,35.63,,,,,,,,
1997,Damion Cooper,Central State (OH),DE,75.4,260,10.5,35.25,,,25.0,29.5,112.0,,,
1997,Kenyon Cotton,Southwestern Louisiana,FB,72.0,254,10.25,32.5,,4.89,15.0,31.5,101.0,4.33,7.86,12.33
1997,Marcus Crandell,East Carolina (NC),QB,71.4,204,9.25,32.75,,4.78,,30.0,105.0,4.67,8.25,
1997,Vernon Crawford,Florida State,OLB,75.5,249,10.13,33.5,,4.94,,32.5,112.0,4.44,7.76,12.56
1997,Henri Crockett,Florida State,ILB,74.1,249,10.0,33.0,,,17.0,34.5,111.0,4.46,7.54,11.97
1997,Demontie Cross,Missouri,SS,72.9,213,9.25,33.38,,5.02,14.0,28.5,,4.36,7.45,12.21
1997,Canute Curtis,West Virginia,DE,74.1,260,9.75,33.63,,4.89,,30.0,,,,
1997,Mario Daniel,Ohio,DT,73.8,324,10.25,34.13,,5.4,24.0,24.5,101.0,4.81,8.22,
1997,Jerome Daniels,Northeastern (MA),OT,77.1,356,10.25,36.25,,5.63,25.0,27.5,,,,
1997,Juan Daniels,Georgia,WR,73.1,210,9.13,32.25,,4.59,,34.5,114.0,4.33,7.54,
1997,James Darling,Washington State,ILB,72.5,247,9.25,32.63,,,22.0,,,,,
1997,Jason Davis,Western State Colorado,QB,75.5,220,9.0,33.25,,4.92,,30.5,107.0,4.33,7.85,
1997,Jerome Davis,Minnesota,DE,76.6,275,10.88,35.75,,,,,,,,
1997,Nathan Davis,Indiana,DE,77.1,312,9.75,34.13,,,27.0,,,,,
1997,Troy Davis,Iowa State,RB,67.9,181,8.88,30.5,,4.56,16.0,34.5,118.0,4.27,7.35,11.56
1997,Terry Day,Mississippi State,DE,76.4,266,10.0,34.5,,4.77,17.0,32.5,115.0,4.7,8.08,
1997,Allen Degraffenreid,Vanderbilt,OT,76.3,298,10.5,34.0,,5.22,27.0,30.0,108.0,,,
1997,Bryan Degraffenreid,Middle Tennessee State,DT,76.6,275,10.13,35.13,,5.11,23.0,31.5,110.0,4.5,8.42,
1997,Damon Denson,Michigan,OG,75.5,303,10.25,33.25,,,18.0,,,,,
1997,Koy Detmer,Colorado,QB,72.9,180,8.0,32.88,,5.14,,28.5,103.0,4.37,7.79,
1997,Kevin Devine,California,CB,69.4,184,8.75,31.0,,4.53,20.0,,,4.16,7.36,11.25
1997,Richard Dice,Arizona,WR,73.9,218,9.0,31.63,,,,,,,,
1997,Corey Dillon,Washington,RB,72.6,217,10.25,34.0,,,,,,,,
1997,Chris Dishman,Nebraska,OG,74.6,328,10.13,33.0,,5.52,22.0,27.0,93.0,,,
1997,Jim Druckenmiller,Virginia Tech,QB,76.6,234,11.25,33.25,,,,29.0,106.0,4.28,7.92,
1997,Warrick Dunn,Florida State,RB,68.0,176,8.5,30.75,,,,,,,,
1997,Marc Edwards,Notre Dame,FB,72.0,236,9.63,31.0,,4.72,25.0,34.0,106.0,4.07,7.48,11.49
1997,Myron Elzy,Central State (OH),DT,76.0,312,10.63,34.63,,5.18,24.0,27.5,103.0,4.61,8.3,
1997,Charles Emanuel,West Virginia,SS,71.3,203,9.88,31.88,,4.78,17.0,33.0,110.0,4.23,7.64,11.4
1997,Donnie Embra,Baylor,DT,74.9,286,9.88,34.63,,5.01,20.0,30.5,110.0,4.45,8.16,
1997,Bill Ennis-Inge,Iowa,DE,76.0,260,10.63,35.25,,5.0,26.0,32.0,,,,
1997,Terrell Farley,Nebraska,SS,71.6,198,9.5,32.13,,,6.0,,,,,
1997,Robert Farmer,Notre Dame,RB,70.6,213,10.0,32.63,,,,,,,,
1997,James Farrior,Virginia,OLB,73.8,234,9.25,32.63,,,22.0,35.5,120.0,4.4,7.62,11.84
1997,Danyell Ferguson,Miami (FL),RB,71.1,202,9.5,32.0,,,,,,,,
1997,Jason Ferguson,Georgia,DT,75.1,317,10.25,34.0,,5.39,,27.5,,,,
1997,John Fiala,Washington,ILB,74.0,232,9.25,32.13,,4.9,21.0,31.0,109.0,4.22,7.38,11.51
1997,Matt Finkes,Ohio State,DE,74.9,272,10.5,34.13,,4.94,15.0,28.5,99.0,4.29,7.66,
1997,Pat Fitzgerald,Northwestern,ILB,74.0,235,9.5,31.88,,,19.0,,,,,
1997,Pat Fitzgerald,Texas,TE,74.1,237,9.25,31.88,,5.0,19.0,29.5,107.0,4.25,7.58,12.04
1997,Todd Fordham,Florida State,OT,77.6,307,9.5,33.75,,,25.0,,,,,
1997,Lance Funderburk,Valdosta State (GA),QB,76.4,227,9.5,31.5,,5.23,,27.0,97.0,,,
1997,Rafael Garcia,Virginia,K,70.1,191,9.0,30.0,,,,,,,,
1997,Sam Garnes,Cincinnati,FS,75.1,225,9.75,32.63,,4.78,14.0,30.5,102.0,4.38,7.48,11.57
1997,Spencer George,Rice (TX),RB,69.0,198,9.88,31.88,,4.54,22.0,41.5,127.0,4.03,7.28,11.0
1997,Cory Gilliard,Ball State (IN),OLB,72.4,218,10.0,33.5,,4.55,16.0,,,,,
1997,Tarik Glenn,California,OT,77.3,354,9.5,33.63,,5.75,20.0,23.0,,,,
1997,Tony Gonzalez,California,TE,76.1,244,9.38,35.13,,4.83,,33.5,116.0,4.06,7.75,11.59
1997,Jay Graham,Tennessee,RB,71.6,215,9.75,32.0,,4.46,22.0,36.0,117.0,4.05,7.28,11.5
1997,Torrian Gray,Virginia Tech,SS,71.6,203,9.0,32.88,,4.5,22.0,,,,,
1997,Yatil Green,Miami (FL),WR,74.9,199,9.25,33.0,,4.41,,40.5,130.0,4.17,7.52,11.53
1997,Jay Hagood,Virginia Tech,OT,76.4,312,9.63,35.5,,5.4,16.0,29.0,105.0,5.11,8.79,
1997,John Hall,Wisconsin,K,74.9,226,9.0,33.0,,,,,,,,
1997,James Hamilton,North Carolina,OLB,76.9,236,9.38,35.88,,4.84,,35.0,125.0,4.43,7.52,11.82
1997,Michael Hamilton,North Carolina A&T,OLB,73.8,243,10.0,34.5,,4.72,18.0,32.0,112.0,4.82,8.32,12.53
1997,Byron Hanspard,Texas Tech,RB,70.5,198,8.88,31.0,,4.41,,,,,,
1997,Patrick Hape,Alabama,TE,75.9,253,9.25,33.38,,4.97,,33.0,112.0,4.15,7.71,11.83
1997,Jon Harris,Virginia,DE,79.6,269,10.88,38.5,,,19.0,35.0,114.0,,,
1997,Kenny Harris,North Carolina State,SS,73.9,204,9.5,32.25,,4.75,8.0,39.0,124.0,4.24,7.39,10.99
1997,Marcus Harris,Wyoming,WR,73.4,213,9.88,32.75,,4.68,,34.0,112.0,4.09,7.42,11.51
1997,June Henley,Kansas,RB,70.9,234,9.5,31.88,,,,,,,,
1997,Kim Herring,Penn State,FS,71.4,199,9.63,31.75,,4.6,11.0,32.0,116.0,4.11,7.12,
1997,Jon Hesse,Nebraska,ILB,75.9,249,9.0,33.5,,4.94,13.0,35.0,112.0,4.64,7.74,12.44
1997,Chris Hewitt,Cincinnati,SS,71.9,212,9.25,32.5,,4.78,10.0,,,,,
1997,Anthony Hicks,Middle Tennessee State,ILB,74.0,240,9.13,34.0,,4.98,28.0,34.0,114.0,4.34,7.73,12.13
1997,Van Hiles,Kentucky,CB,71.1,186,9.5,31.75,,4.78,10.0,35.0,116.0,4.26,7.24,12.43
1997,Ike Hilliard,Florida,WR,71.9,189,9.5,32.63,,,,,,,,
1997,Kenny Holmes,Miami (FL),DE,75.6,264,9.5,33.75,,4.71,,33.0,,,,
1997,Priest Holmes,Texas,RB,68.9,213,9.0,30.63,,4.73,18.0,33.0,115.0,4.14,7.4,11.38
1997,Ty Howard,Ohio State,CB,69.5,186,9.25,31.63,,,13.0,,,,,
1997,Jarrett Irons,Michigan,ILB,73.0,242,9.88,32.75,,4.91,25.0,30.0,107.0,4.53,7.97,12.54
1997,Hudhaifa Ismaeli,Northwestern,CB,71.0,191,8.88,32.75,,4.57,,33.0,114.0,4.15,7.21,11.6
1997,Waverly Jackson,Virginia Tech,DT,74.3,299,10.13,34.5,,5.08,32.0,30.5,104.0,,,
1997,Mitch Jacoby,Northern Illinois,TE,76.5,247,10.5,34.63,,4.96,21.0,32.5,112.0,4.5,7.81,11.56
1997,Edward Jasper,Texas A&M,DT,74.9,295,9.63,34.75,,5.34,,26.0,92.0,4.72,8.84,
1997,Kerry Jenkins,Troy (AL),OT,77.6,296,9.25,34.0,,5.39,15.0,24.5,102.0,4.92,8.32,
1997,Bryan Jennings,Virginia Tech,TE,75.8,258,9.63,33.88,,4.91,18.0,29.5,107.0,4.54,7.89,12.0
1997,Aj Johnson,Maryland,CB,69.5,170,8.5,31.63,,4.69,7.0,31.0,108.0,4.03,7.67,11.44
1997,Alonzo Johnson,Central State (OH),WR,71.1,183,9.5,32.0,,4.67,,33.0,116.0,4.28,7.46,11.49
1997,Leon Johnson,North Carolina,RB,71.8,209,9.5,32.5,,4.68,,34.0,118.0,4.31,7.82,12.18
1997,Damon Jones,Southern Illinois,TE,77.6,287,10.13,33.5,,4.86,19.0,33.5,116.0,4.44,7.68,12.31
1997,Freddie Jones,North Carolina,TE,76.6,260,9.75,33.75,,,,,,,,
1997,George Jones,San Diego State,RB,68.6,204,9.25,30.5,,4.58,,35.0,115.0,4.38,7.82,
1997,Greg Jones,Colorado,OLB,76.1,241,9.25,34.63,,4.82,19.0,38.0,129.0,4.19,7.48,11.29
1997,Walter Jones,Florida State,OT,76.9,301,9.88,34.5,,5.09,,30.5,108.0,4.73,8.23,
1997,Ndukwe Kalu,Rice (TX),DE,75.8,246,10.63,34.13,,4.92,23.0,39.0,121.0,4.13,7.55,
1997,Ben Kaufman,Texas Tech,OG,76.1,289,10.0,33.5,,5.6,13.0,23.0,99.0,,,
1997,Rob Kelly,Ohio State,FS,74.1,199,9.88,32.0,,4.62,,30.5,107.0,4.03,7.3,10.99
1997,Matt Keneley,Southern California,DT,76.4,286,9.13,33.63,,5.38,18.0,27.5,103.0,4.69,7.98,
1997,Joey Kent,Tennessee,WR,72.6,186,8.88,33.75,,,,,,,,
1997,Randy Kinder,Notre Dame,RB,72.9,207,10.38,33.25,,4.46,,31.0,120.0,4.17,7.4,11.06
1997,Sammy Knight,Southern California,OLB,71.8,203,9.0,31.5,,4.9,,31.5,108.0,4.31,7.25,11.91
1997,Tom Knight,Iowa,CB,71.3,196,9.5,31.75,,4.5,19.0,35.5,118.0,4.17,7.09,10.97
1997,Brian Knuckles,Western Illinois,RB,70.3,206,9.5,32.25,,4.65,3.0,34.0,113.0,4.3,7.64,11.65
1997,Tim Kohn,Iowa State,OT,77.3,313,9.25,34.13,,5.31,25.0,32.0,111.0,4.37,7.9,
1997,Eric Kresser,Marshall (WV),QB,74.3,220,9.88,33.5,,,,,,,,
1997,John Krueger,Duke,P,76.9,226,9.25,33.5,,,,,,,,
1997,Todd Kurz,Illinois State,P,76.1,228,9.0,34.25,,,,,,,,
1997,Paul Lacoste,Mississippi State,OLB,73.1,227,9.5,32.5,,4.74,17.0,32.0,116.0,4.3,7.46,11.76
1997,David Lafleur,Louisiana State,TE,79.1,280,11.5,34.5,,4.84,17.0,30.5,112.0,,,
1997,Fred Lane,Lane College (TN),RB,69.6,209,8.63,31.13,,4.75,19.0,31.0,116.0,4.18,7.39,11.5
1997,Kenard Lang,Miami (FL),DE,76.1,277,9.75,36.0,,4.83,20.0,33.5,112.0,4.59,8.14,
1997,Tony Lanier,Virginia State,WR,71.5,172,9.88,33.63,,4.67,,33.5,120.0,4.19,7.09,11.03
1997,Steve Lee,Indiana,FB,72.8,259,10.5,32.25,,4.83,25.0,33.5,109.0,4.37,7.79,11.78
1997,Matt Lepsis,Colorado,OT,77.1,261,10.13,33.88,,,,,,,,
1997,Ronald Leshinski,Army,TE,74.3,246,10.5,33.0,,4.87,14.0,31.5,108.0,4.29,7.51,12.01
1997,Chad Levitt,Cornell (NY),RB,73.1,233,9.13,31.5,,4.61,19.0,34.5,122.0,4.19,7.41,11.46
1997,Chad Lewis,Brigham Young,TE,77.4,248,9.5,33.25,,4.88,15.0,31.0,119.0,4.47,7.76,11.87
1997,Earl Little,Miami (FL),CB,71.8,183,9.75,31.75,,4.62,2.0,31.5,113.0,4.49,7.58,11.97
1997,Shea Little,Eastern Oregon,OT,78.1,292,10.13,33.25,,,,,,,,
1997,Kevin Lockett,Kansas State,WR,71.9,171,8.63,33.25,,4.57,,36.5,121.0,3.93,6.88,10.89
1997,Mike Logan,West Virginia,CB,71.8,207,9.5,32.63,,,,,,,,
1997,Ryan Longwell,California,P,71.6,192,8.25,30.0,,,,,,,,
1997,Nicholas Lopez,Texas Southern,DE,76.5,247,10.0,35.88,,4.94,18.0,31.0,106.0,4.69,7.84,
1997,Harold Lusk,Utah,FS,71.4,197,9.88,33.25,,4.76,12.0,36.0,110.0,4.45,7.3,11.87
1997,Pratt Lyons,Troy (AL),DE,76.6,278,10.5,35.63,,5.07,12.0,29.0,111.0,4.73,7.9,
1997,Tremain Mack,Miami (FL),SS,71.9,200,9.5,32.25,,4.54,,35.0,123.0,4.19,7.24,11.32
1997,Chad Mackey,Louisiana Tech,WR,72.9,205,9.25,32.0,,4.68,,34.0,115.0,3.99,7.06,11.29
1997,Sam Madison,Louisville,CB,71.1,181,8.5,31.88,,4.61,8.0,36.5,119.0,4.16,7.19,11.16
1997,Kris Mangum,Mississippi,TE,76.5,249,9.5,32.38,,4.92,27.0,32.0,112.0,4.29,7.63,11.86
1997,Brian Manning,Stanford,WR,71.1,181,9.5,31.5,,4.59,,34.5,120.0,4.12,7.31,11.53
1997,Roderick Manuel,Oklahoma,DE,77.6,281,9.75,35.0,,5.09,7.0,28.5,102.0,4.59,8.04,
1997,Jason Martin,Louisiana Tech,QB,74.4,234,9.5,33.63,,5.01,,29.0,101.0,4.47,7.81,
1997,Derrick Mason,Michigan State,WR,70.8,193,10.0,32.25,,4.55,,32.0,113.0,4.46,7.33,11.65
1997,Brad Maynard,Ball State (IN),P,73.1,184,9.0,30.13,,,,,,,,
1997,Dexter Mccleon,Clemson,CB,70.4,198,9.0,32.5,,4.53,14.0,35.0,117.0,4.14,7.3,11.68
1997,Tyrus Mccloud,Louisville,ILB,73.6,251,9.5,33.5,,5.02,35.0,,110.0,,,
1997,Tony Mccombs,Eastern Kentucky,ILB,74.1,240,9.5,32.25,,4.75,20.0,34.0,,,,
1997,George Mccullough,Baylor,CB,70.0,187,9.25,31.63,,4.5,8.0,36.5,114.0,4.07,7.24,11.27
1997,Tim Mctyer,Brigham Young,CB,71.0,181,9.0,31.0,,4.58,7.0,31.0,108.0,4.35,7.49,11.84
1997,Adam Meadows,Georgia,OT,76.9,297,9.75,33.5,,5.04,,30.0,107.0,4.47,7.72,
1997,Frank Middleton,Arizona,OG,75.3,324,10.25,34.88,,5.21,22.0,27.0,106.0,4.85,8.33,
1997,Itula Mili,Brigham Young,TE,75.9,262,9.63,34.0,,,16.0,,,,,
1997,Brian Miller,Penn State,CB,69.4,191,9.75,30.63,,,14.0,,,,,
1997,Chris Miller,Southern California,WR,70.1,192,9.63,32.5,,4.58,,31.5,115.0,4.32,7.4,11.69
1997,Mike Minter,Nebraska,FS,70.1,188,9.0,31.38,,4.5,11.0,36.0,122.0,4.0,7.23,10.97
1997,Brandon Mitchell,Texas A&M,DE,74.9,289,9.63,35.63,,4.92,16.0,32.5,115.0,4.36,7.67,
1997,Jeff Mitchell,Florida,C,76.3,307,10.5,33.75,,,33.0,,,,,
1997,Keith Mitchell,Texas A&M,OLB,74.5,240,9.63,34.13,,4.73,22.0,35.5,,,,
1997,Shon Mitchell,Texas,RB,70.4,194,9.63,32.25,,4.62,,31.0,120.0,4.17,7.56,11.7
1997,Delmonico Montgomery,Houston,CB,71.5,189,9.0,32.25,,4.61,,32.5,112.0,4.09,7.18,11.33
1997,Pete Monty,Wisconsin,ILB,73.9,253,9.25,32.0,,4.84,26.0,32.5,109.0,4.29,7.41,11.85
1997,Larry Moore,Brigham Young,OG,74.6,292,10.25,33.75,,5.52,21.0,27.5,105.0,4.84,8.61,
1997,Beau Morgan,Air Force,RB,70.1,192,9.13,29.75,,4.61,,36.5,125.0,3.97,7.16,11.21
1997,Chris Naeole,Colorado,OG,75.0,313,10.63,34.63,,,,,,,,
1997,Jamie Nails,Florida A&M,OT,78.1,387,10.75,36.25,,5.77,37.0,21.5,93.0,5.4,9.18,
1997,Ray Nealy,Arkansas-Pine Bluff,RB,71.5,219,8.5,31.88,,4.61,9.0,34.5,114.0,4.48,7.6,12.11
1997,Dan Neil,Texas,OG,74.4,291,10.0,32.5,,,25.0,,,,,
1997,Brian Newnam,Tulsa (OK),OG,75.4,291,10.25,33.0,,5.35,31.0,29.0,109.0,4.75,8.4,
1997,Brad Otton,Southern California,QB,78.1,224,10.13,33.63,,5.0,,31.5,112.0,4.39,7.54,
1997,Orlando Pace,Ohio State,OT,78.9,334,10.75,36.25,,,,,,,,
1997,Daniel Palmer,Air Force,C,76.3,290,10.25,35.0,,5.05,21.0,33.5,127.0,4.62,8.2,
1997,Jason Parker,Tennessee,FS,71.8,192,9.13,30.63,,4.82,21.0,34.0,117.0,4.5,7.82,12.19
1997,Nathan Parks,Stanford,OG,77.4,307,10.75,34.88,,5.44,,24.5,99.0,4.56,8.0,
1997,Rod Payne,Michigan,C,75.5,303,9.63,35.0,,5.64,28.0,24.0,,,,
1997,Seth Payne,Cornell (NY),DT,75.9,301,9.63,34.13,,5.13,25.0,33.0,114.0,4.52,8.0,
1997,Pearce Pegross,Baylor,WR,69.4,170,9.88,31.88,,4.63,,31.5,116.0,4.29,7.34,11.32
1997,Harvey Pennypacker,Syracuse,C,75.5,287,10.13,32.5,,,26.0,,,,,
1997,Todd Perkins,Texas A&M-Kingsville,OT,75.5,292,9.5,34.0,,5.38,27.0,28.5,101.0,4.77,8.73,
1997,Ed Perry,James Madison (VA),TE,76.4,246,10.0,35.13,,4.84,,33.5,118.0,4.07,7.27,11.5
1997,Nathan Perryman,Georgia Tech,CB,68.6,189,9.5,31.25,,4.66,,30.5,113.0,4.15,7.27,11.15
1997,Tyrell Peters,Oklahoma,ILB,72.3,230,9.25,31.38,,4.73,,30.5,111.0,4.23,7.51,11.3
1997,Ryan Phillips,Idaho,OLB,75.9,251,10.13,33.0,,,21.0,32.0,115.0,4.11,7.44,11.51
1997,Jake Plummer,Arizona State,QB,74.3,195,9.25,33.0,,4.96,,30.0,111.0,4.29,7.3,
1997,Keith Poole,Arizona State,WR,72.8,188,9.25,30.63,,4.57,,31.0,115.0,4.28,7.3,11.51
1997,Juan Porter,Ohio State,C,75.5,302,10.5,36.0,,5.33,,26.5,88.0,4.74,8.63,
1997,Noel Prefontaine,San Diego State,P,71.1,203,9.75,30.0,,,,,,,,
1997,Trevor Pryce,Clemson,DT,77.8,282,10.13,36.25,,5.01,17.0,29.5,110.0,4.61,7.93,
1997,Dan Pulsipher,Utah,K,72.4,175,9.0,33.0,,,,,,,,
1997,Andre Purvis,North Carolina,DT,76.5,304,10.88,33.0,,5.14,33.0,26.5,103.0,4.99,9.16,
1997,Tony Ramirez,Northern Colorado,OT,77.9,296,9.63,35.0,,,29.0,,,,,
1997,Sean Reali,Syracuse,P,70.6,202,9.75,31.0,,,,,,,,
1997,Scott Rehberg,Central Michigan,OG,79.8,324,10.75,35.88,,,26.0,,,,,
1997,Wally Richardson,Penn State,QB,76.4,221,10.25,33.63,,4.95,,31.0,109.0,4.47,7.97,
1997,Brian Roberson,Frenso State (CA),WR,68.8,161,9.25,31.25,,4.65,,30.5,115.0,4.14,7.36,11.67
1997,Bryan Robinson,Frenso State (CA),DE,76.0,283,9.25,35.25,,5.12,20.0,29.5,113.0,4.48,8.01,
1997,Damien Robinson,Iowa,FS,73.9,210,10.25,33.25,,4.78,9.0,31.5,113.0,4.12,7.33,11.99
1997,Dwaine Robinson,Virginia Union,DT,75.0,280,9.88,33.13,,5.05,33.0,29.5,97.0,,,
1997,Marcus Robinson,South Carolina,WR,75.4,213,10.25,34.13,,4.55,,37.0,120.0,,,
1997,Derrick Rodgers,Arizona State,OLB,73.1,223,8.88,33.38,,4.78,21.0,36.5,121.0,4.45,7.67,11.84
1997,Juan Roque,Arizona State,OT,80.0,333,10.5,35.13,,5.57,30.0,22.5,126.0,5.07,8.71,
1997,Steve Rosga,Colorado,FS,73.0,215,9.25,30.0,,4.79,,29.5,110.0,4.26,7.3,11.69
1997,Raleigh Roundtree,South Carolina State,OT,76.6,295,9.63,33.88,,5.4,14.0,24.0,87.0,4.93,8.48,
1997,Dwayne Rudd,Alabama,OLB,73.9,242,9.38,34.5,,4.65,29.0,39.5,115.0,4.23,7.21,11.43
1997,Darrell Russell,Southern California,DT,76.6,321,10.5,35.13,,,25.0,31.5,96.0,4.26,7.65,
1997,Matt Russell,Colorado,ILB,73.5,245,9.5,31.5,,4.91,13.0,28.0,104.0,4.19,7.39,11.56
1997,Twan Russell,Miami (FL),OLB,73.4,230,9.88,33.38,,4.83,13.0,34.0,,,,
1997,Tarek Saleh,Wisconsin,OLB,73.6,246,9.63,32.63,,4.85,26.0,34.0,109.0,4.19,7.36,12.08
1997,Scott Sanderson,Washington State,OT,78.1,290,9.75,33.0,,5.29,18.0,25.5,92.0,4.87,7.97,
1997,O J Santiago,Kent State (OH),TE,78.9,267,10.25,34.75,,4.72,22.0,38.5,125.0,4.38,7.55,11.91
1997,Bob Sapp,Washington,OG,76.4,303,9.88,35.88,,5.19,30.0,29.5,116.0,4.62,8.3,
1997,Steve Sarkisian,Brigham Young,QB,72.4,208,9.38,31.63,,4.96,,30.0,104.0,4.51,8.16,
1997,Nicky Savoie,Louisiana State,TE,77.8,253,9.75,33.5,,4.95,,29.5,112.0,4.1,7.54,11.9
1997,Tim Scharf,Northwestern,OLB,73.3,236,9.5,31.0,,4.61,25.0,34.0,112.0,4.15,7.31,11.25
1997,Steve Scifres,Wyoming,OG,75.9,294,9.75,34.25,,5.45,33.0,30.0,105.0,4.53,7.95,
1997,Chad Scott,Maryland,CB,73.1,203,9.25,33.25,,,20.0,,,,,
1997,Donald Sellers,New Mexico,WR,72.1,184,9.25,33.0,,4.65,,35.5,112.0,4.53,,
1997,Darren Sharper,William & Mary (VA),SS,73.8,206,9.25,31.88,,4.64,16.0,39.0,121.0,4.24,6.97,11.3
1997,Jamie Sharper,Virginia,OLB,74.9,240,9.25,32.88,,4.67,19.0,36.5,116.0,4.24,7.57,11.85
1997,Sedrick Shaw,Iowa,RB,72.0,214,9.25,33.0,,4.62,,32.0,112.0,4.39,7.76,12.12
1997,Geroy Simon,Maryland,WR,72.0,188,9.5,32.63,,4.61,,32.0,111.0,4.49,7.81,11.96
1997,Broderick Simpson,Oklahoma,OLB,72.4,220,8.5,33.13,,4.8,,34.0,110.0,4.49,7.83,11.83
1997,Alshermond Singleton,Temple,ILB,74.3,224,9.75,34.5,,4.77,20.0,39.5,122.0,4.2,7.57,11.69
1997,Alex Smith,Indiana,RB,71.4,208,9.25,31.88,,4.62,16.0,32.0,111.0,4.16,7.25,11.66
1997,Antowain Smith,Houston,RB,74.4,224,8.5,32.5,,4.48,15.0,36.5,117.0,,,
1997,Brent Smith,Mississippi State,OG,77.0,303,10.0,33.25,,5.09,24.0,29.0,,,,
1997,Emory Smith,Clemson,FB,71.9,251,9.25,33.38,,4.92,20.0,34.0,107.0,4.73,8.01,12.39
1997,Jermaine Smith,Georgia,DT,74.6,289,9.25,33.5,,5.04,8.0,31.5,114.0,4.51,7.94,
1997,Mark Smith,Arkansas,ILB,74.8,243,9.63,31.63,,4.84,15.0,32.0,112.0,4.11,7.29,11.55
1997,Mark Smith,Auburn,DE,75.6,293,9.88,33.5,,,19.0,,,,,
1997,Jerald Sowell,Tulane (LA),FB,72.4,246,10.88,32.88,,4.77,17.0,32.5,110.0,4.52,7.54,12.03
1997,Marcus Spriggs,Houston,OG,75.9,315,9.75,34.13,,5.45,29.0,26.0,,,,
1997,Shawn Springs,Ohio State,CB,71.9,197,9.63,31.63,,,17.0,,,,,
1997,Duce Staley,South Carolina,RB,71.1,220,8.88,31.0,,,,,,,,
1997,Dennis Stallings,Illinois,ILB,72.1,234,9.88,33.0,,4.71,23.0,32.0,109.0,4.36,7.53,11.93
1997,Dimitrious Stanley,Ohio State,WR,70.9,188,9.75,31.0,,4.73,,29.0,105.0,4.5,7.83,
1997,Todd Stewart,California,OT,77.1,294,10.0,34.75,,5.27,19.0,27.0,94.0,4.79,8.2,
1997,Eric Stokes,Nebraska,FS,71.1,192,9.5,31.25,,4.63,13.0,37.5,117.0,3.98,7.27,11.09
1997,Barron Tanner,Oklahoma,DT,75.3,313,9.63,35.13,,5.44,22.0,24.5,93.0,4.73,8.58,
1997,Robert Tate,Cincinnati,WR,70.4,187,9.25,31.0,,4.54,,30.0,108.0,4.3,7.36,11.75
1997,Kinnon Tatum,Notre Dame,ILB,71.9,222,10.0,33.25,,4.67,28.0,39.0,127.0,4.31,7.91,11.6
1997,Jason Taylor,Akron,DE,78.0,243,10.0,34.63,,4.67,18.0,32.0,111.0,4.07,7.27,
1997,Leland Taylor,Louisville,DT,75.0,303,10.0,33.5,,5.36,18.0,30.0,96.0,4.9,8.54,
1997,Daryl Terrell,Southern Mississippi,OG,76.5,307,10.88,33.63,,5.23,28.0,29.0,103.0,4.77,8.33,
1997,Rick Terry,North Carolina,DT,75.9,306,9.5,34.5,,5.09,22.0,26.0,104.0,4.67,8.16,
1997,Marvin Thomas,Memphis,DE,76.0,265,9.5,34.63,,4.87,20.0,30.0,109.0,4.6,8.3,
1997,Rod Thomas,Southern Mississippi,CB,72.4,192,9.5,32.25,,4.75,6.0,33.5,115.0,4.44,7.82,11.9
1997,David Thompson,Oklahoma State,RB,68.3,194,9.63,30.75,,4.69,14.0,34.5,124.0,4.24,7.39,11.41
1997,Buster Tillman,Ohio State,WR,72.8,186,9.5,32.0,,4.77,,32.5,99.0,4.1,7.58,11.56
1997,Jared Tomich,Nebraska,OLB,74.5,255,10.13,32.13,,,24.0,,,,,
1997,Adam Treu,Nebraska,OT,77.4,302,10.0,32.5,,5.24,17.0,28.0,90.0,4.63,8.06,
1997,Ryan Tucker,Texas Christian,C,77.9,285,10.88,33.63,,,,,,,,
1997,Van Tuinei,Arizona,DE,75.8,268,10.5,33.5,,4.98,24.0,29.5,102.0,4.46,7.68,
1997,Eric Vance,Vanderbilt,SS,74.0,215,9.88,32.0,,4.62,18.0,38.5,125.0,4.33,7.38,11.43
1997,Scott Von Der Ahe,Arizona State,ILB,71.4,251,9.13,30.75,,4.84,19.0,31.5,116.0,4.49,7.74,12.04
1997,Mike Vrabel,Ohio State,DE,76.1,270,9.63,34.25,,4.94,23.0,29.5,102.0,4.43,7.77,
1997,Corey Walker,Arizona State,RB,69.5,188,9.25,30.63,,4.46,16.0,35.5,121.0,4.23,7.12,11.35
1997,Denard Walker,Louisiana State,CB,72.9,186,9.88,32.25,,4.55,13.0,29.5,105.0,4.31,7.76,12.04
1997,Shawn Walters,Southern California,RB,70.9,251,9.5,31.63,,4.87,19.0,,,,,
1997,Chris Ward,Kentucky,DE,75.6,271,9.25,35.13,,5.05,23.0,30.5,107.0,4.58,8.12,
1997,Dedric Ward,Northern Iowa,WR,68.6,175,8.88,30.0,,4.56,,31.0,109.0,4.14,7.1,11.17
1997,Ronnie Ward,Kansas,ILB,72.4,233,9.75,32.0,,,17.0,,,,,
1997,Vann Washington,West Virginia,FS,72.1,212,9.5,32.0,,,14.0,34.0,115.0,4.21,7.53,
1997,Cyrill Weems,Wisconsin,SS,73.4,207,9.0,33.5,,4.71,12.0,34.5,117.0,4.19,7.43,11.48
1997,Bryant Westbrook,Texas,CB,71.8,199,9.63,33.25,,,,,,,,
1997,Kenny Wheaton,Oregon,CB,69.6,189,8.25,30.13,,4.76,8.0,32.0,108.0,4.23,7.45,11.5
1997,Scott Whittaker,Kansas,OT,78.6,302,9.5,34.88,,5.37,,26.0,106.0,4.41,7.91,
1997,Paul Wiggins,Oregon,OT,75.3,303,10.25,35.13,,,33.0,,,,,
1997,Josh Wilcox,Oregon,TE,74.6,256,9.5,32.13,,4.99,14.0,30.5,108.0,4.54,7.6,12.36
1997,Marcellus Wiley,Columbia (NY),DE,76.8,271,9.63,34.5,,4.91,28.0,35.5,122.0,4.5,7.48,
1997,Cj Williams,Georgia Tech,RB,72.1,205,9.5,33.0,,4.61,13.0,39.0,124.0,4.35,7.48,11.62
1997,Jamel Williams,Nebraska,SS,72.6,204,9.63,31.88,,4.6,11.0,38.0,123.0,4.15,7.25,11.47
1997,Pat Williams,Texas A&M,DT,75.1,288,9.63,34.0,,4.9,24.0,26.5,93.0,4.72,8.36,
1997,Tony Williams,Memphis,DT,73.3,292,10.0,33.0,,5.07,28.0,28.0,106.0,4.23,7.55,
1997,Abu Wilson,Utah State,RB,72.4,214,9.75,32.38,,4.73,15.0,31.5,117.0,4.5,7.75,12.53
1997,Reinard Wilson,Florida State,DE,74.0,259,10.88,35.63,,4.92,26.0,,,,,
1997,Robert Wilson,Florida A&M,WR,70.8,176,9.0,32.25,,4.82,,31.5,108.0,4.57,7.42,12.45
1997,Marcus Wimberly,Miami (FL),FS,71.5,204,9.63,31.88,,4.6,9.0,31.5,114.0,4.47,7.62,11.87
1997,Sean Woodson,Jackson State (MS),FS,72.6,214,10.0,32.25,,4.83,18.0,32.5,119.0,4.3,7.58,12.17
1997,Lawrence Wright,Florida,SS,72.8,214,9.38,32.88,,,20.0,,,,,
1997,Danny Wuerffel,Florida,QB,73.8,212,9.5,31.5,,4.9,,28.0,100.0,4.42,7.69,
1997,Jerry Wunsch,Wisconsin,OT,77.9,327,10.25,36.0,,,25.0,,,,,
1997,Antwuan Wyatt,Bethune-Cookman (FL),WR,70.0,199,9.75,31.88,,,,33.5,107.0,4.33,7.52,
1997,Renaldo Wynn,Notre Dame,DE,74.6,288,10.5,33.88,,4.83,28.0,33.0,115.0,4.29,7.72,
1997,Donnie Young,Florida,OG,75.8,315,9.0,33.25,,5.36,,26.0,101.0,4.67,8.25,
1996,Karim Abdul-Jabbar,UCLA,RB,70.0,194,9.75,31.13,,,,32.5,115.0,4.29,,11.54
1996,Joe Abdullah,Pacific (CA),RB,70.8,217,9.63,31.25,,4.81,14.0,32.0,116.0,4.54,,12.5
1996,Donnie Abraham,East Tennessee,CB,69.8,180,8.75,32.0,,4.61,13.0,32.0,119.0,4.05,,11.24
1996,Gene Adair,New Haven (CT),K,74.0,188,9.5,31.25,,,,,,,,
1996,Mike Alstott,Purdue,FB,72.4,240,9.88,31.5,,4.68,24.0,33.0,117.0,4.16,,11.85
1996,Brian Anderson,Mississippi State,C,74.6,287,10.0,31.5,,5.28,25.0,27.5,109.0,4.72,,
1996,Eric Anderson,Sam Houston State (TX),SS,70.8,192,9.5,30.88,,4.69,18.0,29.5,108.0,,,
1996,Willie Anderson,Auburn,OT,77.0,324,11.25,35.13,,5.28,20.0,23.0,97.0,,,
1996,Mike Archie,Penn State,RB,68.0,206,10.13,31.5,,,,,,,,
1996,Jay Arnold,Frenso State (CA),WR,72.3,176,9.13,32.75,,4.68,,30.0,116.0,4.2,,11.81
1996,Jeremy Asher,Oregon,ILB,72.6,235,9.25,32.13,,4.88,18.0,32.0,113.0,4.29,,11.95
1996,Eric Austin,Jackson State (MS),SS,70.3,203,9.75,31.75,,,,28.0,105.0,,,
1996,Gary Bandy,Baylor,OLB,75.9,237,9.0,33.63,,,18.0,,,,,
1996,Chris Banks,Kansas,OG,73.5,292,9.75,32.75,,5.02,20.0,24.5,106.0,4.7,,
1996,Shawn Banks,Texas Tech,ILB,73.0,228,10.5,33.63,,4.74,24.0,32.5,113.0,4.24,,11.91
1996,Tony Banks,Michigan State,QB,76.5,220,9.5,33.13,,4.93,,,,4.55,,
1996,Kantroy Barber,West Virginia,FB,72.8,244,9.38,32.75,,,26.0,,,,,
1996,Reggie Barlow,Alabama State,WR,71.3,187,8.75,33.13,,4.59,,32.5,115.0,4.2,,11.12
1996,David Barnard,Florida,DT,73.8,302,10.0,34.0,,5.29,,23.5,94.0,5.04,,
1996,Robert Barr,Rutgers,OT,76.5,307,10.13,33.75,,5.68,18.0,23.0,104.0,5.23,,
1996,Marco Battaglia,Rutgers,TE,74.0,254,9.63,31.25,,4.78,20.0,33.5,110.0,4.17,,11.38
1996,Aaron Beasley,West Virginia,CB,71.4,197,9.0,32.63,,4.74,10.0,33.5,119.0,4.09,,11.44
1996,Jamara Bell,Clinch Valley (VA),TE,76.6,238,10.0,34.13,,4.84,8.0,29.0,112.0,4.71,,12.1
1996,Ricky Bell,North Carolina State,CB,69.8,186,9.25,31.0,,,16.0,,,,,
1996,Grady Benton,West Texas A&M,QB,73.8,196,9.63,33.5,,4.88,,29.0,109.0,4.62,,
1996,Brook Berringer,Nebraska,QB,75.5,218,9.63,34.0,,4.69,,33.0,113.0,4.13,,
1996,Tim Biakabutuka,Michigan,RB,72.1,205,9.0,31.88,,,,,,,,
1996,Ken Blackman,Illinois,OG,77.1,314,9.88,32.5,,5.3,28.0,28.0,106.0,4.53,,
1996,Sean Boyd,North Carolina,SS,74.4,208,10.13,33.88,,4.6,,35.0,118.0,4.5,,11.6
1996,Dan Brandenberg,Indiana State,DE,74.6,254,9.25,31.25,,4.59,24.0,36.0,125.0,4.32,,
1996,Dorian Brew,Kansas,CB,70.0,182,9.13,31.13,,,,,,,,
1996,Curtis Brown,Alabama,WR,72.8,196,9.0,33.75,,4.85,,31.5,113.0,4.24,,11.81
1996,Reggie Brown,Frenso State (CA),FB,72.1,242,9.25,31.25,,4.86,,32.5,117.0,,,
1996,Reggie Brown,Texas A&M,OLB,74.0,241,9.0,32.25,,4.53,25.0,33.0,120.0,4.06,,11.73
1996,Shannon Brown,Alabama,DT,76.1,290,10.38,31.63,,4.99,31.0,29.5,112.0,4.4,,
1996,Willie Brown,Temple,OLB,72.5,208,9.38,33.13,,4.74,11.0,31.0,109.0,4.61,,12.38
1996,John Browning,West Virginia,DT,76.0,264,10.75,34.13,,5.05,21.0,29.5,112.0,4.65,,
1996,Jeff Buckey,Stanford,OT,76.1,299,10.38,32.75,,5.27,26.0,28.0,104.0,4.63,,
1996,Kendrick Burton,Alabama,DE,76.8,282,10.5,33.0,,5.08,18.0,27.5,107.0,4.65,,
1996,Shane Burton,Tennessee,DT,77.4,300,9.5,33.63,,5.28,19.0,27.0,96.0,4.61,,
1996,Mark Campbell,Florida,DT,73.4,290,10.25,32.13,,,24.0,,,,,
1996,Alan Campos,Louisville,OLB,75.3,236,9.75,32.38,,4.78,,37.0,117.0,4.41,,11.95
1996,Michael Cheever,Georgia Tech,C,75.5,296,10.13,32.5,,,30.0,30.5,112.0,,,
1996,Jerod Cherry,California,CB,72.5,197,10.0,32.13,,4.6,19.0,31.5,118.0,4.31,,11.78
1996,Antwan Chiles,Liberty (VA),QB,73.1,240,10.63,33.75,,4.94,,30.0,105.0,4.73,,
1996,Johnie Church,Florida,DE,74.8,259,10.0,35.75,,4.88,28.0,36.0,117.0,4.45,,
1996,Brian Clark,Hofstra (NY),FS,72.8,204,9.25,33.38,,4.74,16.0,33.0,105.0,4.36,,11.59
1996,Jon Clark,Temple,OT,78.5,354,10.13,33.0,,5.61,13.0,24.0,89.0,5.15,,
1996,Sedric Clark,Tulsa (OK),DE,73.5,248,10.5,33.63,,,24.0,31.0,,,,
1996,Duane Clemons,California,OLB,76.8,261,10.63,35.63,,,23.0,33.0,117.0,,,
1996,Jamie Coleman,Appalachian State (NC),CB,69.0,184,8.88,29.13,,4.87,8.0,33.5,112.0,4.38,,11.8
1996,Marcus Coleman,Texas Tech,SS,73.8,208,9.38,32.25,,4.67,,33.0,126.0,4.26,,11.45
1996,Shaston Coleman,Mississippi State,WR,73.5,209,9.0,33.75,,4.69,,29.5,117.0,4.52,,12.15
1996,Doug Colman,Nebraska,ILB,73.9,252,9.13,31.75,,4.79,21.0,29.0,110.0,4.26,,11.65
1996,Steven Conley,Arkansas,OLB,76.6,231,9.38,34.0,,4.55,21.0,38.0,134.0,4.39,,
1996,Forrest Conoly,Florida State,OT,78.5,371,10.75,34.25,,5.55,27.0,19.0,93.0,,,
1996,J R Conrad,Oklahoma,OT,75.3,322,9.25,31.5,,5.31,22.0,22.0,95.0,4.84,,
1996,Ernie Conwell,Washington,FB,72.9,253,10.0,31.25,,4.64,32.0,39.0,121.0,4.2,,11.57
1996,Chris Cooley,Rice (TX),OG,76.1,293,10.63,32.63,,5.36,34.0,28.5,104.0,4.62,,
1996,Preston Cunningham,Southwest Minnesota,WR,74.5,231,10.25,33.63,,4.9,,29.5,113.0,4.5,,12.15
1996,T J Cunningham,Colorado,FS,72.0,195,9.5,31.25,,4.69,14.0,30.5,117.0,4.13,,11.66
1996,Dexter Daniels,Florida,ILB,72.6,241,11.0,32.0,,4.8,22.0,34.0,112.0,4.58,,12.26
1996,Phillip Daniels,Georgia,DE,76.9,263,9.5,34.13,,4.86,20.0,36.5,124.0,4.37,,
1996,Chris Darkins,Minnesota,RB,72.0,211,9.38,33.5,,4.43,22.0,38.5,128.0,3.91,,11.31
1996,Norberto Davidds-Garrido,Southern California,OT,77.6,312,9.25,33.5,,5.3,29.0,23.5,101.0,4.7,,
1996,Wendell Davis,Oklahoma,CB,70.0,183,8.75,30.63,,4.63,11.0,31.5,118.0,4.34,,11.66
1996,Brian Dawkins,Clemson,SS,71.4,189,9.0,31.38,,4.63,19.0,35.0,120.0,4.39,,11.6
1996,Mark Delozier,Tulsa (OK),P,71.1,220,9.75,30.75,,,,,,,,
1996,James Dexter,South Carolina,OT,77.1,300,9.5,33.5,,,,,,,,
1996,Dave Dickenson,Montana,QB,70.4,185,9.0,29.38,,5.19,,29.0,108.0,4.51,,
1996,Chris Doering,Florida,WR,75.5,191,10.0,31.75,,4.87,,30.5,118.0,4.52,,11.94
1996,Anthony Dorsett,Pittsburgh,CB,70.9,201,9.75,31.88,,4.47,20.0,39.5,126.0,4.06,,11.37
1996,Rickey Dudley,Ohio State,TE,78.1,248,10.13,33.63,,,,,,,,
1996,Jason Dunn,Eastern Kentucky,TE,76.8,257,9.63,34.63,,4.74,29.0,40.0,127.0,4.25,,11.91
1996,Donnie Edwards,UCLA,OLB,73.9,224,9.63,33.25,,4.78,17.0,30.0,114.0,4.54,,11.91
1996,John Elmore,Texas,OG,75.4,293,9.63,32.13,,5.47,17.0,25.5,99.0,4.78,,
1996,Bobby Engram,Penn State,WR,69.6,187,9.13,30.25,,,,,,,,
1996,Leomont Evans,Clemson,SS,73.0,203,9.25,32.0,,4.63,,33.5,122.0,4.6,,11.83
1996,Ray Farmer,Duke,OLB,75.4,225,8.63,32.5,,,17.0,,,,,
1996,John Fisher,Missouri Western,SS,70.5,197,9.0,30.25,,4.69,13.0,30.5,116.0,4.22,,11.3
1996,Fredrick Ford,Mississippi Valley State,CB,75.4,196,10.75,35.0,,4.66,13.0,32.5,116.0,4.5,,12.16
1996,Tommie Frazier,Nebraska,RB,72.3,210,10.63,33.0,,4.75,,30.5,117.0,4.2,,
1996,Andy Fuller,Auburn,TE,73.5,258,9.75,33.0,,5.0,,28.5,105.0,4.71,,12.45
1996,Daryl Gardener,Baylor,DE,78.5,320,10.13,35.5,,4.96,30.0,31.5,104.0,4.54,,
1996,Jimmy Gary,West Virginia,RB,70.5,218,9.25,31.0,,4.68,17.0,32.5,106.0,4.22,,12.04
1996,Eddie George,Ohio State,RB,74.6,238,10.13,33.25,,,,,,,,
1996,Terry Glenn,Ohio State,WR,70.5,184,10.38,32.5,,,,,,,,
1996,La Roi Glover,San Diego State,DT,73.1,281,9.63,33.13,,5.31,32.0,28.5,103.0,4.59,,
1996,Randall Godfrey,Georgia,ILB,73.9,237,9.63,32.63,,,22.0,34.0,112.0,,,
1996,Jeff Gooch,Austin Peay (TN),OLB,71.0,215,10.25,33.0,,4.67,24.0,35.0,121.0,4.56,,12.0
1996,Hunter Goodwin,Texas A&M,OT,77.3,279,9.75,33.13,,4.97,22.0,31.0,115.0,4.44,,
1996,Brian Gragert,Wyoming,P,72.6,228,9.63,32.25,,,,,,,,
1996,Aaron Graham,Nebraska,C,75.4,284,9.38,32.63,,5.5,,23.0,95.0,4.66,,
1996,Paul Grasmanis,Notre Dame,DT,74.4,295,9.88,32.5,,5.09,22.0,26.5,101.0,4.7,,
1996,Reggie Green,Florida,OG,77.8,310,9.75,32.75,,5.62,20.0,23.0,7.0,5.32,,
1996,Scott Greene,Michigan State,FB,70.1,229,9.38,29.63,,4.85,,31.5,115.0,4.29,,12.0
1996,Mike Groh,Virginia,QB,74.8,204,9.0,31.63,,5.17,,31.0,117.0,4.41,,
1996,Terry Guess,Gardner-Webb (NC),WR,72.1,200,9.5,33.63,,4.6,,,,,,
1996,Steven Hall,Kentucky,CB,72.3,207,9.88,32.0,,,15.0,,,,,
1996,Conrad Hamilton,Eastern New Mexico,SS,69.5,184,8.63,33.25,,4.57,8.0,37.5,128.0,3.91,,11.06
1996,Ben Hanks,Florida,OLB,73.8,223,9.25,31.5,,4.72,26.0,32.0,106.0,4.62,,12.2
1996,Kevin Hardy,Illinois,OLB,76.4,245,9.88,32.63,,4.81,16.0,32.0,119.0,4.04,,11.39
1996,Anthony Harris,Auburn,OLB,73.4,224,10.13,32.63,,4.71,17.0,31.0,111.0,4.45,,11.75
1996,Mark Harris,Stanford,WR,75.3,195,9.0,31.5,,4.84,,31.0,110.0,4.23,,11.71
1996,Walt Harris,Mississippi State,FS,71.5,189,9.25,31.63,,,,33.5,122.0,4.1,,11.28
1996,Chris Harrison,Virginia,OT,75.0,290,9.88,34.0,,5.32,16.0,26.0,97.0,4.74,,
1996,Marvin Harrison,Syracuse,WR,71.9,181,9.75,30.75,,,,,,,,
1996,Jeff Hartings,Penn State,OG,75.0,288,9.38,32.0,,5.15,26.0,26.0,98.0,4.3,,
1996,Jarius Hayes,North Alabama,TE,74.5,255,10.0,35.0,,4.78,23.0,35.0,,,,
1996,Mercury Hayes,Michigan,WR,70.0,198,9.13,31.25,,4.68,,34.0,117.0,4.12,,11.26
1996,Jesus Hernandez,Florida State,OT,74.3,298,10.0,31.5,,5.42,,26.5,98.0,4.66,,
1996,Jimmy Herndon,Houston,OT,79.8,304,9.5,33.13,,5.29,29.0,24.5,97.0,4.78,,
1996,Errick Herrin,Southern California,ILB,73.1,235,9.5,32.0,,,,,,,,
1996,Michael Hicks,South Carolina State,RB,72.3,188,8.63,31.0,,4.59,18.0,32.5,122.0,4.26,,11.61
1996,Keno Hills,Southwestern Louisiana,OT,77.8,319,10.0,35.75,,,,,,,,
1996,Ed Hobbs,Albany State (GA),FB,72.0,240,9.13,32.0,,4.71,13.0,32.5,117.0,4.49,,11.72
1996,Earl Holmes,Florida A&M,OLB,73.5,238,10.25,33.13,,4.85,23.0,31.0,108.0,4.47,,11.89
1996,Mike Horacek,Iowa State,WR,72.8,201,10.13,31.5,,4.67,,30.5,124.0,4.14,,11.1
1996,Bobby Hoying,Ohio State,QB,75.3,221,9.63,33.25,,4.73,,31.0,108.0,4.16,,
1996,Leron Hudgins,Air Force,SS,73.3,195,9.63,32.38,,4.59,14.0,37.5,124.0,4.08,,11.54
1996,Brice Hunter,Georgia,WR,72.1,214,9.88,31.63,,,,,,,,
1996,Hugh Hunter,Hampton (VA),DE,74.1,256,9.75,32.13,,4.96,19.0,30.0,110.0,4.5,,
1996,Richard Huntley,Winston-Salem State (NC),RB,71.5,224,10.13,31.5,,,,,,,,
1996,Tony Hutson,Northeastern Oklahoma A&M,OG,74.4,304,10.5,34.75,,5.6,26.0,20.5,91.0,5.1,,
1996,Israel Ifeanyi,Southern California,DE,75.1,246,9.5,36.13,,4.79,,31.5,124.0,4.6,,
1996,Dou Innocent,Mississippi,RB,71.3,212,9.5,32.38,,,,,,,,
1996,Heath Irwin,Colorado,OG,76.3,296,9.75,33.0,,5.29,25.0,27.5,108.0,4.67,,
1996,Greg Ivy,Oklahoma State,P,71.6,203,8.63,30.75,,,,,,,,
1996,Raymond Jackson,Colorado State,CB,70.1,190,9.5,33.75,,4.66,13.0,36.5,120.0,4.41,,11.76
1996,Tory James,Louisiana State,CB,73.6,188,8.63,33.5,,4.66,18.0,32.0,121.0,4.41,,11.75
1996,Patrick Jeffers,Virginia,WR,75.1,221,10.0,31.63,,4.63,,35.0,121.0,4.21,,11.45
1996,Dietrich Jells,Pittsburgh,WR,70.3,184,8.38,31.5,,,,,,,,
1996,Deron Jenkins,Tennessee,CB,71.0,183,9.13,32.25,,4.59,,36.5,120.0,,,
1996,Andre Johnson,Penn State,OT,77.5,309,10.63,34.13,,,,,,,,
1996,Darius Johnson,Oklahoma,CB,69.0,177,9.13,33.25,,,,,,,,
1996,Eric Johnson,Texas Southern,DE,76.6,261,10.25,35.5,,5.05,18.0,31.5,108.0,4.63,,
1996,Keyshawn Johnson,Southern California,WR,75.3,220,10.88,33.5,,,,31.5,125.0,4.25,,11.65
1996,Tony Johnson,Alabama,TE,76.5,255,9.88,35.5,,4.93,,27.5,108.0,4.46,,12.64
1996,Lance Johnstone,Temple,DE,76.1,245,9.75,35.25,,4.57,24.0,33.0,133.0,4.39,,12.08
1996,Cedric Jones,Oklahoma,DE,75.5,275,10.38,33.63,,,,,,,,
1996,Charlie Jones,Frenso State (CA),WR,68.0,175,9.63,31.63,,4.59,,34.0,117.0,4.59,,11.76
1996,Clarence Jones,Tennessee State,WR,71.6,184,8.63,31.25,,4.59,,33.5,124.0,4.3,,11.53
1996,Lacurtis Jones,Baylor,ILB,71.3,213,9.38,32.25,,4.79,18.0,33.0,119.0,4.14,,11.74
1996,Marcus Jones,North Carolina,DT,77.6,283,10.63,34.13,,5.14,33.0,30.5,119.0,4.57,,
1996,Rod Jones,Kansas,OT,76.3,312,10.38,33.63,,5.08,21.0,27.5,108.0,4.74,,
1996,Kevin Jordan,UCLA,WR,74.0,193,8.25,31.0,,4.67,,,111.0,,,
1996,Danny Kanell,Florida State,QB,75.4,222,9.38,32.0,,,,,,,,
1996,Eddie Kennison,Louisiana State,WR,71.4,191,9.5,31.0,,4.5,,34.5,120.0,4.23,,11.46
1996,Marcus Keyes,North Alabama,DT,75.1,311,10.13,33.13,,5.33,,25.0,91.0,5.03,,
1996,Terry Killens,Penn State,OLB,72.9,232,9.0,32.5,,,,,,,,
1996,Vincent Landrum,McNeese State (LA),ILB,73.0,239,10.63,34.38,,4.9,21.0,33.5,113.0,4.7,,12.5
1996,Jevon Langford,Oklahoma State,DE,74.8,272,10.13,32.5,,4.95,23.0,31.0,117.0,4.59,,
1996,Josh Larocca,Rice (TX),QB,72.9,209,8.5,32.63,,,,,,,,
1996,Jason Layman,Tennessee,OT,76.6,306,10.38,32.75,,5.26,,28.5,98.0,4.85,,
1996,Robert Lee,North Carolina,CB,71.4,202,8.5,31.0,,,,,,,,
1996,Donnell Leomiti,Colorado,SS,71.5,213,9.38,31.88,,4.66,13.0,30.0,112.0,4.26,,11.6
1996,L T Levine,Kansas,RB,69.8,220,8.75,31.63,,,,,,,,
1996,Jeff Lewis,Northern Arizona,QB,73.8,215,9.25,31.0,,,,,,,,
1996,Jermaine Lewis,Maryland,WR,67.4,172,9.0,31.38,,4.47,,33.5,124.0,4.3,,11.08
1996,Ray Lewis,Miami (FL),ILB,72.4,235,9.38,34.13,,,,,,,,
1996,Seth Littleton,Colorado Mesa,OT,76.8,297,10.5,34.25,,5.42,26.0,28.0,105.0,4.77,,
1996,Ray Lucas,Rutgers,WR,74.3,202,9.5,31.5,,4.71,,33.0,132.0,4.34,,
1996,Ben Lynch,California,C,75.3,292,9.13,31.5,,5.22,25.0,25.0,100.0,4.82,,
1996,Markco Maddox,Albany State (GA),CB,73.6,213,9.75,33.38,,4.71,20.0,31.5,121.0,4.46,,11.48
1996,Toderick Malone,Alabama,WR,70.4,179,9.25,30.63,,4.69,,31.5,111.0,4.2,,12.04
1996,Jason Maniecki,Wisconsin,DT,75.6,295,10.63,32.75,,5.27,33.0,27.0,101.0,4.63,,
1996,James Manley,Vanderbilt,DT,74.6,314,9.63,33.5,,5.26,16.0,28.0,107.0,4.54,,
1996,Olindo Mare,Syracuse,K,70.1,180,9.75,29.25,,,,,,,,
1996,Dedric Mathis,Houston,CB,70.1,196,8.75,31.25,,4.48,18.0,37.0,132.0,4.2,,11.55
1996,Jermane Mayberry,Texas A&M-Kingsville,OT,75.9,321,10.75,35.5,,,30.0,,,,,
1996,Derrick Mayes,Notre Dame,WR,72.1,200,9.63,32.88,,4.67,,35.5,120.0,4.11,,11.27
1996,Kenneth Mcdaniel,Norfolk State (VA),OG,74.5,322,9.0,35.13,,5.42,29.0,23.0,93.0,4.94,,
1996,Leeland Mcelroy,Texas A&M,RB,68.6,198,9.25,32.25,,4.39,22.0,37.0,120.0,4.06,,11.07
1996,Dell Mcgee,Auburn,CB,68.0,180,8.25,29.13,,4.58,15.0,35.5,109.0,4.1,,11.33
1996,Keith Mckenzie,Ball State (IN),DE,74.5,241,10.13,32.63,,4.78,21.0,31.5,115.0,4.3,,
1996,Cristin Mclemore,Oregon,WR,70.8,189,9.0,30.63,,,,,,,,
1996,Jerris Mcphail,East Carolina (NC),RB,70.6,201,8.63,31.88,,4.49,14.0,38.5,122.0,4.32,,11.44
1996,Johnny Mcwilliams,Southern California,TE,75.8,261,9.75,33.75,,4.67,,34.5,112.0,4.24,,11.75
1996,John Michels,Southern California,OT,78.5,282,10.63,33.88,,5.12,25.0,26.5,108.0,4.66,,
1996,Ray Mickens,Texas A&M,CB,67.6,176,9.25,29.25,,4.47,12.0,37.5,,,,
1996,Scott Milanovich,Maryland,QB,74.5,218,9.25,30.25,,,,,,,,
1996,Bubba Miller,Tennessee,C,72.8,300,9.5,33.5,,5.44,18.0,28.0,98.0,4.85,,
1996,Fred Miller,Baylor,OT,78.8,305,9.75,34.5,,5.49,,24.5,98.0,4.88,,
1996,Lawyer Milloy,Washington,FS,72.0,210,9.13,30.5,,,,,,,,
1996,David Millwee,Tulsa (OK),C,74.8,277,9.63,32.13,,5.25,18.0,28.0,106.0,4.68,,
1996,Brian Milne,Penn State,FB,75.1,254,10.0,31.13,,,,,,,,
1996,Bryant Mix,Alcorn State (MS),DE,75.3,301,9.25,32.63,,5.0,,27.0,,,,
1996,John Mobley,Kutztown (PA),OLB,73.0,230,9.75,31.25,,4.59,,34.5,120.0,4.42,,11.7
1996,Alex Molden,Oregon,CB,69.5,186,9.63,32.13,,4.47,,40.0,123.0,3.98,,11.36
1996,Alfred Montez,Western New Mexico,QB,73.6,235,9.25,30.63,,5.07,,24.5,99.0,4.79,,
1996,Jerald Moore,Oklahoma,RB,68.9,229,9.75,29.13,,,24.0,,,,,
1996,Eric Moulds,Mississippi State,WR,72.9,204,9.25,32.0,,,,,,,,
1996,Mushsin Muhammad,Michigan State,WR,73.8,217,10.38,33.38,,4.53,,33.0,120.0,4.16,,11.31
1996,Greg Myers,Colorado State,FS,73.0,197,9.25,31.0,,,14.0,,,,,
1996,Bobby Neely,Virginia,TE,75.4,263,11.0,33.5,,5.01,27.0,30.0,109.0,4.39,,12.6
1996,Josh Nelson,Mississippi,QB,74.1,198,10.0,32.13,,5.05,,31.5,108.0,4.53,,
1996,Picasso Nelson,Jackson State (MS),SS,71.5,208,9.75,32.38,,,9.0,,,,,
1996,Jeff Nichols,Grambling State (LA),RB,72.0,209,8.75,32.13,,,,,,,,
1996,Kendrick Nord,Grambling State (LA),QB,74.5,207,10.13,33.13,,4.71,,36.5,120.0,4.32,,
1996,Gabe Northern,Louisiana State,DE,74.9,255,9.63,32.5,,4.79,23.0,30.5,116.0,4.42,,
1996,Roman Oben,Louisville,OT,76.1,301,10.13,36.0,,5.17,24.0,28.0,107.0,4.95,,
1996,Jason Odom,Florida,OT,76.5,290,9.5,33.0,,5.05,22.0,27.0,8.0,4.62,,
1996,Jonathan Ogden,UCLA,OT,80.0,318,10.63,34.13,,5.12,30.0,31.0,113.0,,,
1996,Ramon Okoli,Murray State (KY),DT,75.0,305,10.25,33.75,,5.31,24.0,23.5,102.0,4.91,,
1996,Winslow Oliver,New Mexico,RB,67.3,181,9.0,29.25,,4.49,25.0,35.0,123.0,4.14,,11.22
1996,Chuck Osborne,Arizona,DT,73.6,281,9.63,32.25,,,33.0,,,,,
1996,Buster Owens,Georgia,SS,71.1,197,9.0,31.38,,4.72,,38.0,118.0,4.3,,11.73
1996,Terrell Owens,Tennessee-Chattanooga,WR,74.9,213,10.5,34.5,,4.65,,33.0,120.0,4.26,,11.43
1996,Chris Parker,Marshall (WV),RB,70.0,199,9.88,31.63,,4.54,13.0,37.0,125.0,4.35,,11.57
1996,Christian Peter,Nebraska,DT,75.5,304,9.75,32.0,,,,,,,,
1996,Lawrence Phillips,Nebraska,RB,71.6,229,9.0,31.38,,,,,,,,
1996,Kavika Pittman,McNeese State (LA),DE,77.4,263,10.13,33.63,,4.8,,35.0,123.0,4.85,,
1996,Kirk Pointer,Austin Peay (TN),CB,71.6,178,9.25,31.13,,4.54,14.0,38.0,122.0,4.22,,11.53
1996,Bruce Presley,Rutgers,RB,69.8,218,9.5,30.63,,4.77,13.0,28.5,111.0,,,
1996,Daryl Price,Colorado,DE,75.9,274,9.63,33.63,,4.71,23.0,32.5,120.0,4.31,,
1996,J C Price,Virginia Tech,DT,74.0,278,9.63,32.25,,,,,,,,
1996,Stanley Pritchett,South Carolina,FB,73.0,232,8.5,31.75,,4.73,11.0,31.0,116.0,4.41,,11.98
1996,Lovett Purnell,West Virginia,TE,74.3,245,9.63,32.63,,4.83,18.0,29.0,,4.31,,11.95
1996,Stan Raass,Brigham Young,ILB,71.3,253,10.5,30.13,,5.12,19.0,29.5,101.0,4.7,,12.58
1996,Leslie Ratliffe,Tennessee,OT,79.1,296,8.25,34.75,,5.14,18.0,30.0,102.0,4.85,,
1996,Simeon Rice,Illinois,DE,77.0,259,10.25,36.25,,4.79,26.0,,,,,
1996,James Richey,Stephen F. Austin (TX),QB,73.8,211,9.63,30.75,,4.97,,25.5,107.0,,,
1996,Jay Riemersma,Michigan,TE,77.1,254,10.0,33.25,,,21.0,,,,,
1996,Phillip Riley,Florida State,WR,70.9,189,9.13,32.88,,4.5,,32.5,120.0,4.46,,11.66
1996,Adrian Robinson,Baylor,SS,73.5,215,10.38,32.13,,4.75,14.0,31.0,111.0,4.27,,11.92
1996,Brian Roche,San Jose State,TE,75.6,253,10.25,32.13,,4.67,16.0,28.0,,4.15,,11.76
1996,Mike Rockwood,Nevada Las Vegas,OT,82.4,341,10.5,36.5,,6.01,26.0,19.5,83.0,5.45,,
1996,James Roe,Norfolk State (VA),WR,72.6,187,9.38,33.88,,4.66,,38.5,132.0,4.34,,11.06
1996,Orpheus Roye,Florida State,DE,75.5,295,10.25,35.5,,5.01,24.0,29.5,108.0,4.73,,
1996,Mitch Running,Kansas State,WR,71.1,184,8.38,31.0,,4.74,,32.0,108.0,4.04,,11.17
1996,Jon Runyan,Michigan,OT,79.5,308,9.63,34.0,,5.34,25.0,24.5,103.0,4.73,,
1996,Reggie Rusk,Kentucky,FS,70.5,182,9.5,31.25,,4.58,11.0,33.0,119.0,4.16,,11.87
1996,Reynard Rutherford,California,RB,72.3,201,8.88,30.25,,,18.0,,,,,
1996,Brandon Sanders,Arizona,SS,69.1,176,9.75,29.63,,4.7,16.0,30.0,113.0,4.29,,11.58
1996,Patrick Sapp,Clemson,OLB,75.1,258,9.38,31.25,,4.9,20.0,29.0,110.0,4.59,,12.05
1996,Craig Sauer,Minnesota,ILB,73.5,226,9.25,32.38,,,,,,,,
1996,Lance Schwindt,Fort Hays State (KS),WR,74.8,210,8.75,31.5,,4.82,,31.0,120.0,4.56,,12.06
1996,Freddie Scott,Penn State,WR,70.5,189,9.38,31.75,,4.7,,30.0,108.0,,,
1996,Jason Shelley,Central State (OH),WR,72.4,189,9.88,32.88,,4.71,,31.0,108.0,4.47,,11.88
1996,Kendel Shello,Southern (LA),DE,74.8,296,9.25,34.25,,5.13,16.0,27.5,101.0,4.73,,
1996,Clay Shiver,Florida State,C,74.3,294,10.0,32.5,,,,,,,,
1996,Eric Simonson,Montana,OT,75.4,291,9.75,32.75,,5.68,25.0,25.5,107.0,4.85,,
1996,Toraino Singleton,Texas-El Paso,RB,74.6,235,9.25,33.13,,,19.0,,,,,
1996,Scott Slutzker,Iowa,TE,76.4,250,10.25,33.25,,,,27.5,110.0,,,
1996,Eric Smedley,Indiana,FS,71.8,204,8.88,30.0,,4.76,17.0,32.0,112.0,4.12,,11.65
1996,Brady Smith,Colorado State,DE,77.1,261,10.0,34.75,,,18.0,,,,,
1996,Detron Smith,Texas A&M,FB,70.3,234,9.25,30.25,,4.61,31.0,,,4.38,,12.1
1996,Jeff Smith,Tennessee,C,74.6,331,9.5,31.25,,5.62,,25.0,93.0,4.75,,
1996,Matt Soenksen,UCLA,OG,76.5,316,9.63,32.25,,5.37,36.0,23.5,92.0,5.0,,
1996,Aaron Sparrow,Norfolk State (VA),QB,72.5,211,9.75,32.63,,4.94,,29.5,108.0,4.21,,
1996,Harry Stamps,Oklahoma,OT,76.0,305,9.63,35.25,,5.58,19.0,24.5,100.0,5.09,,
1996,Jon Stark,Trinity International (IL),QB,75.8,222,9.25,31.63,,,,,,,,
1996,Steve Stark,Wisconsin,OG,74.8,304,9.38,32.5,,,,,,,,
1996,Jamain Stephens,North Carolina A&T,OT,77.9,337,10.13,35.13,,5.39,25.0,27.5,109.0,4.9,,
1996,Matt Stevens,Appalachian State (NC),CB,72.1,197,9.13,31.13,,,,,,,,
1996,Rayna Stewart,Northern Arizona,CB,69.9,197,9.13,30.63,,4.68,19.0,34.0,109.0,4.1,,11.39
1996,Ryan Stewart,Georgia Tech,FS,73.4,202,9.25,31.63,,4.63,21.0,31.0,115.0,4.2,,11.66
1996,Bryan Still,Virginia Tech,WR,71.1,176,9.25,32.0,,4.4,,37.5,120.0,4.06,,11.23
1996,Jason Stinson,Louisville,C,75.0,291,9.75,32.0,,5.5,,25.5,92.0,4.8,,
1996,Bryan Stoltenberg,Colorado,C,73.5,304,9.5,32.25,,5.42,31.0,26.5,94.0,4.85,,
1996,Chris Sullivan,Boston College,DE,76.5,271,10.0,34.25,,5.06,29.0,33.0,111.0,4.38,,
1996,Clarence Sutton,Appalachian State (NC),FS,72.5,209,8.88,32.13,,4.83,19.0,32.0,110.0,4.22,,11.78
1996,Steve Taneyhill,South Carolina,QB,74.4,220,8.88,33.0,,,,,,,,
1996,Fred Thomas,Tennessee-Martin,CB,69.5,172,8.88,30.63,,4.51,10.0,35.0,122.0,4.0,,11.75
1996,Zach Thomas,Texas Tech,ILB,71.0,233,9.25,30.63,,4.85,20.0,28.5,104.0,4.24,,11.91
1996,Reggie Tongue,Oregon State,FS,71.9,201,10.25,31.5,,4.52,12.0,34.0,115.0,4.08,,11.16
1996,Amani Toomer,Michigan,WR,74.9,197,9.0,32.5,,4.5,,40.0,132.0,4.14,,11.14
1996,Tom Tumulty,Pittsburgh,ILB,74.5,242,9.63,32.38,,4.97,18.0,28.0,,4.38,,12.22
1996,Mike Ulufale,Brigham Young,DE,76.0,282,10.25,32.75,,5.06,17.0,28.5,102.0,4.61,,
1996,Eric Unverzagt,Wisconsin,ILB,73.6,236,9.5,31.75,,4.83,22.0,30.0,112.0,4.4,,12.08
1996,Regan Upshaw,California,DE,75.4,249,9.5,34.0,,4.81,25.0,34.5,120.0,4.61,,
1996,Iheanyi Uwaezuoke,California,WR,72.0,192,9.13,32.88,,,,,,,,
1996,Alex Van Dyke,Nevada Las Vegas,WR,71.9,200,10.13,32.13,,4.57,,33.0,120.0,4.62,,11.86
1996,Tony Veland,Nebraska,FS,72.8,205,10.13,31.5,,4.64,,36.0,118.0,4.1,,11.25
1996,Chris Villarrial,Indiana (PA),OG,75.0,308,10.13,32.13,,5.35,36.0,22.0,99.0,4.85,,
1996,Kyle Wachholtz,Southern California,QB,76.3,233,9.25,32.13,,5.14,,25.0,96.0,4.65,,
1996,James Walker,North Carolina State,FS,73.0,198,8.38,32.5,,4.75,,28.5,105.0,4.39,,12.27
1996,Robert Walker,West Virginia,RB,70.8,205,9.38,31.38,,4.55,15.0,34.0,113.0,,,
1996,Marcus Wall,North Carolina,WR,68.8,162,9.0,30.25,,4.59,,31.5,120.0,4.2,,11.57
1996,Dan White,Arizona,QB,72.5,211,8.75,33.13,,,,,,,,
1996,Ervin Whitehead,William & Mary (VA),WR,72.1,171,9.25,30.5,,4.69,,31.5,120.0,4.3,,12.02
1996,Ricky Whittle,Oregon,RB,69.0,200,9.25,30.13,,,,,,,,
1996,Casey Wiegmann,Iowa,C,74.3,291,10.25,30.63,,,,,,,,
1996,Gerome Williams,Houston,FS,72.6,195,9.5,32.63,,4.77,18.0,34.5,123.0,,,
1996,Grant Williams,Louisiana Tech,OT,79.8,322,9.5,34.63,,5.6,,23.5,90.0,4.79,,
1996,Larry Williams,Mississippi State,DT,73.9,285,10.13,34.25,,5.5,23.0,26.5,99.0,5.25,,
1996,Moe Williams,Kentucky,RB,72.1,199,9.38,31.63,,4.76,13.0,37.5,122.0,4.27,,
1996,Stepfret Williams,Louisiana-Monroe,WR,71.9,170,8.25,31.75,,4.59,,31.0,120.0,4.44,,11.44
1996,Tyrone Williams,Nebraska,CB,70.8,190,9.0,30.63,,4.53,5.0,34.5,120.0,,,
1996,Terrell Willis,Rutgers,RB,69.9,196,9.25,31.75,,4.61,11.0,34.5,122.0,4.41,,11.56
1996,Sir Mawn Wilson,Syracuse,WR,73.0,209,9.63,32.0,,4.6,,35.0,132.0,4.24,,11.47
1996,Jon Witman,Penn State,FB,73.9,242,8.63,31.25,,,,,,,,
1996,Jerome Woods,Memphis,FS,74.0,202,9.25,33.0,,4.59,,33.5,,,,
1996,Cedric Zachery,Georgia Tech,WR,71.8,176,9.0,30.5,,4.63,,33.5,120.0,4.38,,11.35
1996,Dusty Zeigler,Notre Dame,C,77.5,298,10.38,33.25,,5.35,22.0,25.0,103.0,4.94,,
1996,Trent Zenkewicz,Michigan,DT,76.5,281,9.5,33.0,,5.26,18.0,23.5,,,,
1995,Clifton Abraham,Florida State,CB,68.6,184,8.88,29.25,,,,,,,,
1995,Derrick Alexander,Florida State,DE,76.1,276,10.25,34.0,,,,,,,,
1995,Patrice Alexander,Southwestern Louisiana,ILB,72.4,251,,,,4.93,24.0,30.5,114.0,4.41,,12.41
1995,Eric Alford,Nebraska,TE,72.6,232,9.5,33.25,,,,,,,,
1995,Kelvin Anderson,Southeast Missouri State,RB,67.6,198,10.13,29.38,,4.65,12.0,37.0,111.0,4.18,,11.5
1995,Justin Armour,Stanford,WR,76.6,221,10.5,32.0,,4.71,,32.5,116.0,4.04,,11.36
1995,Antonio Armstrong,Texas A&M,OLB,73.8,234,9.63,30.5,,,17.0,,,,,
1995,Jamie Asher,Louisville,TE,75.9,243,10.0,31.75,,4.97,20.0,31.5,113.0,4.16,,11.91
1995,Joe Aska,Central Oklahoma,RB,70.5,230,10.13,31.63,,4.43,14.0,34.5,120.0,4.31,,11.28
1995,Todd Baczek,Northwestern,OG,75.3,296,10.0,33.38,,5.35,33.0,26.0,98.0,5.09,,
1995,Henry Bailey,Nevada Las Vegas,WR,68.0,176,9.0,30.88,,4.48,,38.5,130.0,4.12,,11.56
1995,Robert Baldwin,Duke,RB,70.9,222,9.25,32.0,,4.75,17.0,31.5,108.0,4.6,,12.21
1995,Michael Barber,Clemson,OLB,72.8,247,10.75,32.0,,4.88,,30.0,111.0,4.57,,12.56
1995,Jay Barker,Alabama,QB,74.4,212,10.0,31.63,,4.94,,27.0,105.0,4.31,,
1995,Dave Barr,California,QB,74.9,210,9.75,31.38,,,,,,,,
1995,Thomas Baskin,Texas,DT,74.0,288,9.13,32.25,,,22.0,,,,,
1995,Wilky Bazile,Syracuse,DT,74.8,271,10.0,34.0,,5.26,20.0,29.5,106.0,4.66,,
1995,Jeff Beckley,Boston College,P,73.1,195,9.5,30.38,,,,,,,,
1995,John Becksvoort,Tennessee,K,72.1,176,9.0,31.0,,,,,,,,
1995,Lee Becton,Notre Dame,RB,71.0,195,9.38,31.13,,,,,,,,
1995,Brandon Bennett,South Carolina,RB,70.8,201,9.38,31.75,,,,,,,,
1995,Tony Berti,Colorado,OT,77.5,287,10.13,32.13,,4.99,31.0,26.5,108.0,4.59,,
1995,Mark Birchmeier,Michigan State,C,74.9,295,10.0,30.13,,5.28,32.0,23.5,94.0,4.78,,
1995,Eric Bjornson,Washington,TE,76.4,215,9.63,31.63,,,,,,,,
1995,Greg Black,North Carolina,DT,75.8,304,10.0,34.0,,5.62,16.0,,,,,
1995,Tony Boselli,Southern California,OT,78.9,323,10.0,33.5,,5.23,26.0,30.0,102.0,4.6,,
1995,Kevin Bouie,Mississippi State,RB,71.9,225,9.0,31.13,,4.73,17.0,30.0,113.0,4.41,,12.32
1995,Tony Bouie,Arizona,FS,69.6,187,9.38,30.5,,4.7,15.0,32.5,116.0,4.32,,11.94
1995,Stephen Boyd,Boston College,ILB,72.9,240,8.63,29.5,,4.88,26.0,32.0,113.0,4.12,,11.97
1995,Norman Bradford,Grambling State (LA),RB,73.5,203,9.75,32.0,,4.75,,32.0,118.0,4.31,,11.62
1995,Kyle Brady,Penn State,TE,78.4,258,9.5,33.5,,4.84,18.0,35.0,120.0,4.21,,11.81
1995,Brian Bravy,Georgia Tech,OG,75.6,332,9.5,32.25,,5.67,,23.5,94.0,4.91,,
1995,Alundis Brice,Mississippi,CB,70.0,161,9.25,31.88,,,,,,,,
1995,Anthony Bridges,North Texas,CB,69.0,181,8.63,30.0,,,,,,,,
1995,Blake Brockermeyer,Texas,OT,76.6,305,10.5,33.0,,,18.0,,,,,
1995,Barrett Brooks,Kansas State,OT,76.6,305,11.0,34.5,,5.24,20.0,,,,,
1995,Derrick Brooks,Florida State,OLB,72.3,229,10.75,32.5,,4.71,,,,,,
1995,Anthony Brown,Utah,OT,77.0,320,10.38,34.25,,5.57,26.0,28.5,98.0,5.13,,
1995,Jamie Brown,Florida A&M,OT,79.6,340,10.13,35.75,,5.64,25.0,24.5,101.0,5.21,,
1995,Ken Brown,Virginia Tech,OLB,73.5,235,9.88,34.13,,,13.0,34.5,115.0,,,
1995,Kendall Brown,Louisville,DE,75.1,267,9.75,33.25,,,19.0,,,,,
1995,Lance Brown,Indiana,CB,72.8,200,9.38,31.88,,,14.0,,,,,
1995,Reuben Brown,Pittsburgh,OT,75.1,304,9.25,34.5,,5.48,22.0,27.0,106.0,4.72,,
1995,Mark Bruener,Washington,TE,76.5,249,9.75,32.5,,4.89,22.0,34.0,116.0,4.19,,11.66
1995,Jeremy Burkett,Colorado State,TE,72.3,225,8.25,30.13,,4.63,,33.5,112.0,4.21,,11.29
1995,Devin Bush,Florida State,FS,71.4,208,9.63,31.38,,,13.0,,,,,
1995,Kevin Carter,Florida,DE,77.6,274,10.63,33.25,,,,,,,,
1995,Ki-Jana Carter,Penn State,RB,70.0,227,9.38,32.0,,,,,,,,
1995,Ontiwaun Carter,Arizona,RB,68.6,183,8.5,30.0,,4.63,19.0,32.0,114.0,4.44,,11.4
1995,Stoney Case,New Mexico,QB,74.5,206,9.63,31.38,,4.83,,30.5,111.0,4.25,,
1995,Ricky Ceasar,Northeastern Oklahoma A&M,DE,74.0,252,10.63,32.88,,4.92,25.0,30.0,109.0,,,
1995,Byron Chamberlain,Wayne State (NE),TE,73.3,225,9.5,32.0,,4.72,,33.5,110.0,4.18,,11.77
1995,Ronald Cherry,McNeese State (LA),OT,75.4,307,10.88,34.25,,5.43,22.0,28.0,104.0,5.35,,
1995,Ryan Christopherson,Wyoming,FB,70.8,243,9.63,30.5,,4.7,24.0,35.0,119.0,4.09,,11.35
1995,Shannon Clavelle,Colorado,DT,74.0,283,10.25,33.25,,,,,,,,
1995,Tony Cline,Stanford,TE,76.6,251,10.13,32.75,,4.84,25.0,36.5,121.0,4.25,,
1995,Mill Coleman,Michigan State,WR,68.0,171,10.5,30.13,,4.77,,,,,,
1995,Gerald Collins,Vanderbilt,ILB,73.6,252,10.75,32.88,,4.92,19.0,31.5,111.0,4.27,,11.6
1995,Kerry Collins,Penn State,QB,77.0,240,10.0,32.75,,,,,,,,
1995,Todd Collins,Michigan,QB,76.6,224,9.5,32.5,,5.07,,30.0,111.0,4.34,,
1995,Duane Conway,Eastern Illinois,C,74.5,288,10.13,31.75,,5.38,24.0,26.5,107.0,4.77,,
1995,Anthony Cook,South Carolina State,DT,74.8,293,8.25,34.25,,,25.0,,,,,
1995,Carlos Cosby,Jackson State (MS),OG,73.8,306,9.5,33.5,,,26.0,,,,,
1995,Frank Costa,Miami (FL),QB,75.3,215,10.25,30.88,,5.13,,25.0,101.0,4.66,,
1995,Damien Covington,North Carolina State,ILB,71.8,236,9.13,32.25,,4.96,,32.0,112.0,4.31,,12.0
1995,Jamal Cox,Georgia Tech,OLB,72.9,239,9.13,32.25,,4.9,20.0,29.0,109.0,,,
1995,Zack Crockett,Florida State,FB,73.6,244,10.88,31.88,,,20.0,,,,,
1995,Ken Dammann,Rutgers,OT,76.0,292,10.5,32.5,,5.43,,29.0,99.0,4.91,,
1995,Terry Daniel,Auburn,P,72.6,239,8.63,31.38,,,,,,,,
1995,Ed Daniels,Langston (OK),QB,74.1,203,10.0,33.13,,5.0,,27.0,110.0,4.47,,
1995,Cedric Davis,Tennessee State,CB,69.5,170,9.5,31.25,,4.44,,32.5,116.0,4.42,,11.47
1995,Michael Davis,Mississippi State,FB,71.5,230,10.0,32.13,,4.77,19.0,30.0,112.0,4.72,,12.09
1995,Ronald Davis,Tennessee,CB,70.0,200,9.5,31.5,,4.57,,38.0,123.0,4.0,,
1995,Terrell Davis,Georgia,RB,71.6,213,9.0,30.88,,4.72,,35.0,120.0,4.41,,11.65
1995,Tyrone Davis,Virginia,TE,76.0,234,9.0,32.75,,,,,,,,
1995,Terry Dean,Florida,QB,73.5,213,10.13,32.88,,4.91,,30.0,111.0,4.12,,
1995,Greg Delong,North Carolina,TE,74.5,249,9.88,31.25,,4.91,22.0,26.0,98.0,4.41,,12.41
1995,Brian Demarco,Michigan State,OT,77.5,314,11.0,33.25,,5.63,,26.5,103.0,4.77,,
1995,Silas Demary,Virginia State,ILB,73.5,247,9.25,32.63,,4.95,16.0,30.5,111.0,4.56,,12.41
1995,Lee Deramus,Wisconsin,WR,72.0,191,10.13,33.75,,,,,,,,
1995,Jim Diguilio,Indiana,P,71.1,187,9.63,30.25,,,,,,,,
1995,Ken Dilger,Illinois,TE,76.9,252,10.13,33.25,,,17.0,33.5,112.0,4.19,,11.5
1995,Hugh Douglas,Central State (OH),DE,73.6,265,9.88,33.0,,4.76,27.0,32.0,113.0,4.5,,
1995,Jamal Duff,San Diego State,DE,78.8,259,10.63,34.5,,4.91,20.0,34.5,123.0,4.56,,
1995,Troy Dumas,Nebraska,ILB,75.6,234,10.13,33.13,,4.92,14.0,35.5,118.0,4.13,,12.03
1995,David Dunn,Frenso State (CA),WR,73.6,209,10.75,32.63,,,,,,,,
1995,Chad Eaton,Washington State,DT,75.9,292,10.75,33.0,,5.23,24.0,25.5,98.0,4.78,,
1995,Shayne Edge,Florida,P,70.9,175,8.5,30.38,,,,,,,,
1995,Hicham El Mashtoub,Arizona,C,74.4,298,9.75,31.13,,,31.0,,,,,
1995,Jamal Ellis,Duke,CB,70.6,192,8.5,30.38,,4.66,9.0,32.0,,4.19,,
1995,Joey Ellis,Texas,CB,67.6,194,9.0,29.63,,,18.0,,,,,
1995,Omar Ellison,Florida State,WR,72.8,203,9.5,33.13,,4.64,,,111.0,,,
1995,Luther Elliss,Utah,DE,76.9,291,10.63,33.88,,,,,,,,
1995,Josh Evans,Alabama-Birmingham,DT,73.6,283,9.13,33.0,,5.24,19.0,26.0,106.0,,,
1995,Christian Fauria,Colorado,TE,76.0,238,10.0,32.63,,,,,,,,
1995,Fritz Fequiere,Iowa,OT,74.6,289,10.5,33.0,,5.32,27.0,,,,,
1995,Mark Fields,Washington State,ILB,73.9,244,9.5,31.88,,4.54,,38.0,125.0,4.41,,
1995,Stanley Flanders,Valdosta State (GA),WR,70.3,167,8.88,29.63,,4.86,,30.0,108.0,,,
1995,Terrell Fletcher,Wisconsin,RB,67.6,200,9.25,30.0,,,17.0,,,,,
1995,Lethon Flowers,Georgia Tech,CB,71.1,204,9.5,30.63,,4.81,14.0,36.0,124.0,4.25,,11.65
1995,Ray Forsythe,Central Florida,OT,74.8,314,9.88,32.5,,5.28,26.0,24.5,93.0,5.12,,
1995,Lamont Frazier,Missouri,TE,74.4,245,9.63,33.25,,5.04,5.0,29.0,102.0,4.66,,12.55
1995,Mike Fredrick,Virginia,DE,77.1,278,10.25,32.63,,5.09,23.0,29.0,106.0,4.53,,
1995,Antonio Freeman,Baltimore Polytechnic,WR,72.6,180,8.38,31.25,,,,,,,,
1995,Corey Fuller,Florida State,CB,70.4,197,9.5,31.25,,4.56,11.0,,,,,
1995,Kenny Gales,Wisconsin,CB,71.0,173,9.13,31.75,,4.68,19.0,34.0,113.0,3.99,,11.31
1995,Joey Galloway,Ohio State,WR,70.4,188,10.25,30.63,,,,,,,,
1995,Jerry Garrett,Wayne State (NE),WR,70.4,201,8.75,31.0,,4.71,,30.0,112.0,4.25,,11.62
1995,Shannon Garrett,Mississippi College,CB,69.4,185,10.5,32.25,,4.77,10.0,33.0,115.0,4.34,,11.75
1995,Oliver Gibson,Notre Dame,DT,74.5,283,10.13,32.63,,5.3,19.0,29.5,105.0,4.65,,
1995,Wesley Goggins,Jacksonville State (AL),CB,69.0,179,9.0,30.38,,4.98,12.0,32.5,107.0,4.41,,12.44
1995,Justin Goheen,Notre Dame,ILB,73.8,242,10.0,30.63,,5.01,,29.0,107.0,4.34,,
1995,Eddie Goines,North Carolina State,WR,71.9,183,9.5,31.38,,,,,,,,
1995,Ken Grace,Southern California,WR,68.9,167,8.63,29.5,,4.7,,31.0,114.0,4.15,,11.16
1995,Scott Gragg,Montana,OT,79.9,316,11.0,34.25,,5.52,23.0,25.5,104.0,5.0,,
1995,Hason Graham,Georgia,WR,69.8,176,9.25,29.75,,4.56,,28.0,111.0,,,
1995,Roger Graham,New Haven (CT),RB,69.9,213,9.88,30.38,,4.81,19.0,31.0,116.0,4.59,,12.43
1995,Paul Greeley,Penn State,C,74.0,276,9.25,30.25,,5.45,,24.5,97.0,4.69,,
1995,Andrew Greene,Indiana,OG,75.0,304,10.0,32.63,,,29.0,27.5,104.0,4.91,,
1995,Tirrell Greene,Miami (FL),OG,74.9,306,10.88,32.25,,5.43,,29.0,103.0,4.91,,
1995,Carl Greenwood,UCLA,CB,71.0,188,10.0,32.25,,,,,,,,
1995,Clifton Groce,Texas A&M,FB,69.9,238,9.5,31.88,,4.87,17.0,30.5,109.0,4.18,,11.84
1995,Travis Hall,Brigham Young,DE,77.1,275,10.0,33.5,,5.03,17.0,30.5,117.0,4.45,,
1995,Norman Hand,Mississippi,DT,75.4,329,9.75,32.75,,,27.0,,,,,
1995,Shane Hannah,Michigan State,OG,77.3,345,10.88,33.0,,,21.0,25.0,100.0,4.93,,
1995,Linc Harden,Oklahoma State,OLB,74.8,238,9.13,33.5,,4.75,15.0,34.5,119.0,4.4,,11.78
1995,Dwayne Harris,Nebraska,OLB,73.9,227,11.38,34.25,,4.88,15.0,29.5,114.0,4.45,,12.35
1995,Sean Harris,Arizona,ILB,75.0,244,10.5,32.13,,4.8,14.0,,,,,
1995,Preston Harrison,Ohio State,OLB,76.9,241,9.38,32.88,,4.73,,34.0,120.0,4.59,,12.31
1995,Mark Hatfield,Bishop (CN),OT,77.4,279,10.75,33.0,,5.22,14.0,33.0,114.0,4.94,,
1995,Aaron Hayden,Tennessee,RB,71.6,218,9.13,30.5,,,23.0,,,,,
1995,Kerry Hayes,Western Carolina,WR,67.0,163,8.88,29.38,,4.78,,30.5,112.0,4.25,,11.75
1995,Melvin Hayes,Mississippi State,OT,77.9,327,11.25,34.5,,5.36,,28.0,109.0,5.25,,
1995,John Herpin,Southern California,CB,70.9,192,9.13,31.25,,4.76,8.0,31.0,112.0,4.19,,12.15
1995,Edward Hervey,Southern California,WR,74.5,179,9.0,32.25,,,,,,,,
1995,Kevin Hickman,Navy,TE,76.1,258,9.0,31.38,,,24.0,,,,,
1995,Aubrey Hill,Florida,WR,71.3,169,9.5,31.0,,4.68,,31.0,112.0,4.15,,
1995,Marcus Hinton,Alcorn State (MS),TE,76.1,256,9.5,33.5,,4.76,,29.0,94.0,4.68,,12.78
1995,Jimmy Hitchcock,North Carolina,CB,70.4,194,8.88,31.38,,4.62,,,,,,
1995,Jim Hoffman,Arizona,DE,76.3,290,9.0,31.38,,5.14,19.0,25.0,102.0,4.66,,
1995,Kelly Holcomb,Middle Tennessee State,QB,74.4,202,9.5,30.75,,5.12,,28.0,107.0,4.44,,
1995,Germaine Holden,Notre Dame,DT,75.0,264,9.25,33.0,,4.83,28.0,33.5,119.0,4.48,,
1995,John Holecek,Illinois,ILB,74.1,238,9.88,31.88,,4.76,21.0,32.0,113.0,4.04,,11.31
1995,Darius Holland,Colorado,DT,76.6,310,9.75,33.75,,,26.0,,,,,
1995,Darick Holmes,Portland State (OR),RB,72.0,226,10.13,31.38,,,,,,,,
1995,Dana Howard,Illinois,ILB,72.4,244,8.63,30.88,,,16.0,,,,,
1995,Eddie Howard,Idaho,P,73.5,212,9.63,31.75,,,,,,,,
1995,Chris Hudson,Colorado,FS,69.4,195,9.13,30.38,,,,,,,,
1995,Torey Hunter,Washington State,CB,68.6,176,9.0,30.38,,4.62,,33.0,,4.48,,
1995,Steve Ingram,Maryland,OT,76.1,311,10.5,34.0,,5.65,,25.0,96.0,4.91,,
1995,Ken Irvin,Memphis,CB,70.1,182,9.25,30.88,,4.7,9.0,36.5,120.0,4.0,,11.1
1995,Jack Jackson,Florida,WR,68.4,171,9.38,29.5,,,,,,,,
1995,Jesse James,Mississippi State,OT,76.3,318,9.13,34.25,,5.23,20.0,26.5,107.0,4.81,,
1995,Greg Jefferson,Central Florida,DE,75.4,256,10.25,34.5,,4.72,30.0,36.5,127.0,,,
1995,Damien Jeffries,Alabama,DE,76.1,277,9.38,33.0,,,,,,,,
1995,Trezelle Jenkins,Michigan,OT,79.4,322,10.25,35.5,,5.31,25.0,28.0,101.0,4.85,,
1995,Curtis Johnson,North Carolina,RB,68.6,204,9.0,30.13,,4.6,20.0,31.5,112.0,,,
1995,Ellis Johnson,Florida,DT,74.3,290,11.0,32.75,,,25.0,,,,,
1995,Eric Johnson,Central Michigan,RB,70.5,200,8.63,30.88,,4.61,,30.5,113.0,4.03,,11.31
1995,Melvin Johnson,Kentucky,FS,71.9,195,8.88,33.5,,4.71,13.0,34.5,127.0,4.17,,11.4
1995,Rob Johnson,Southern California,QB,75.3,223,9.75,32.25,,,,,,,,
1995,Ron Johnson,Northeastern Oklahoma A&M,FS,72.1,177,9.0,32.38,,4.73,7.0,35.0,123.0,4.34,,11.77
1995,Ted Johnson,Colorado,ILB,75.4,248,9.25,32.5,,4.84,28.0,31.5,121.0,4.35,,11.85
1995,Tommy Johnson,Alabama,CB,70.0,180,8.88,30.5,,4.74,4.0,33.0,116.0,4.2,,11.68
1995,Chris Jones,Miami (FL),WR,75.8,210,9.63,32.0,,4.61,,33.0,116.0,4.46,,11.59
1995,Donta Jones,Nebraska,OLB,73.8,226,9.13,33.38,,4.71,20.0,37.0,130.0,4.02,,11.15
1995,Jeff Jones,Texas A&M,OT,78.0,308,9.25,34.25,,5.15,14.0,27.5,105.0,4.64,,
1995,Larry Jones,Miami (FL),FB,72.1,244,9.5,31.75,,,25.0,,,,,
1995,Tim Jones,Clemson,ILB,72.8,239,8.5,32.88,,5.01,19.0,27.5,,4.65,,12.47
1995,Tony Jones,Syracuse,FS,76.0,199,10.13,33.5,,4.7,13.0,34.0,124.0,4.3,,11.81
1995,Napoleon Kaufman,Washington,RB,68.5,182,8.5,29.5,,4.48,24.0,38.5,,,,
1995,Larry Kennedy,Florida,CB,69.8,190,9.13,30.25,,,,,,,,
1995,Marlon Kerner,Ohio State,FS,70.6,187,8.63,30.38,,4.63,11.0,33.0,114.0,4.16,,11.34
1995,Carl Kidd,Arkansas,FS,72.6,206,10.38,32.13,,4.58,14.0,33.0,117.0,4.4,,
1995,Shawn King,Louisiana-Monroe,DE,74.9,278,9.88,32.5,,4.83,,34.0,118.0,4.57,,
1995,Jeff Kopp,Southern California,ILB,75.0,243,10.5,31.0,,4.97,20.0,32.0,114.0,4.25,,11.73
1995,Jason Kyle,Arizona State,ILB,74.6,243,9.75,32.63,,4.72,23.0,39.0,128.0,4.19,,11.47
1995,Jeff Kysar,Arizona State,OT,78.8,322,9.63,32.38,,5.38,22.0,23.5,98.0,4.77,,
1995,Ty Law,Michigan,CB,71.3,196,9.25,30.63,,,21.0,,,,,
1995,Kareem Leary,Utah,CB,70.8,169,7.5,30.5,,4.95,8.0,,113.0,4.3,,11.66
1995,Wesley Leasy,Mississippi State,ILB,74.3,234,10.88,33.88,,4.83,24.0,33.5,127.0,4.45,,12.06
1995,Scotty Lewis,Baylor,DE,74.8,273,9.88,34.75,,5.08,,,,4.47,,
1995,Tarrant Lynch,Alabama,FB,71.0,213,8.88,31.75,,4.96,,27.5,105.0,,,
1995,Darryl Major,Missouri,ILB,72.8,243,9.63,32.88,,4.93,20.0,39.5,117.0,4.35,,12.0
1995,Mike Mamula,Boston College,DE,76.6,248,10.25,33.13,,4.62,26.0,38.0,125.0,4.03,,
1995,Curtis Marsh,Utah,WR,73.4,212,10.0,31.88,,4.68,,32.5,120.0,4.41,,11.94
1995,Curtis Martin,Pittsburgh,RB,71.3,203,9.25,31.88,,,16.0,41.5,131.0,4.1,,11.72
1995,Kevin Mason,Syracuse,QB,75.0,205,10.0,33.0,,4.7,,31.0,113.0,4.09,,
1995,Chad May,Kansas State,QB,73.4,226,10.63,31.75,,,,,,,,
1995,Kevin Mays,Tennessee,OG,75.6,299,10.0,33.13,,5.25,25.0,31.5,100.0,4.41,,
1995,Casey Mcbeth,Toledo,RB,69.9,206,8.75,30.88,,4.69,18.0,35.5,117.0,4.41,,11.56
1995,Oscar Mcbride,Notre Dame,TE,77.0,266,10.25,34.25,,5.13,19.0,29.5,104.0,4.54,,12.65
1995,Kez Mccorvey,Florida State,WR,72.0,180,10.13,32.5,,,,,,,,
1995,Clyde Mccoy,Arizona State,WR,72.0,171,8.38,31.63,,4.67,,34.5,123.0,,,
1995,Ray Mcelroy,Eastern Illinois,SS,71.8,196,8.88,32.0,,4.64,16.0,33.5,118.0,4.23,,11.39
1995,James Mckeehan,Texas A&M,TE,75.3,245,9.75,31.38,,5.13,14.0,29.0,107.0,4.31,,12.63
1995,Steve Mclaughlin,Arizona,K,72.3,167,9.13,29.5,,,,,,,,
1995,Henry Mcmillian,Florida,DT,74.8,275,10.13,34.25,,5.07,17.0,32.0,109.0,4.5,,
1995,Steve Mcnair,Alcorn State (MS),QB,73.6,224,10.5,32.25,,,,,115.0,,,
1995,Patrick Mcneil,Florida State,OG,74.3,289,10.88,33.25,,5.23,,26.0,,,,
1995,Barron Miles,Nebraska,CB,68.4,175,9.0,30.5,,4.77,8.0,32.5,115.0,4.08,,11.34
1995,Bronzell Miller,Utah,DE,75.1,247,10.13,33.38,,4.92,,29.0,108.0,4.88,,
1995,Jeff Miller,Mississippi,OT,75.0,303,10.0,34.75,,5.61,18.0,28.0,94.0,4.99,,
1995,Mike Miller,Notre Dame,WR,66.6,159,9.25,28.88,,4.57,,32.5,113.0,4.19,,11.37
1995,Aaron Mills,Stanford,P,71.6,175,9.0,30.63,,,,,,,,
1995,Billy Milner,Houston,OT,77.0,293,10.75,34.13,,5.13,,28.0,99.0,4.72,,
1995,Pete Mitchell,Boston College,TE,73.5,243,10.0,31.25,,4.96,21.0,29.0,112.0,4.19,,11.53
1995,Mike Morton,North Carolina,OLB,75.8,231,9.88,30.75,,4.74,16.0,34.5,113.0,4.25,,11.99
1995,Brent Moss,Wisconsin,RB,68.5,211,9.63,31.75,,4.74,19.0,29.0,108.0,4.35,,11.92
1995,Roderick Mullen,Grambling State (LA),CB,73.6,199,9.38,31.63,,4.62,15.0,36.0,123.0,4.06,,11.22
1995,Craig Newsome,Arizona State,CB,71.5,185,8.63,31.0,,4.74,9.0,32.0,115.0,4.56,,12.05
1995,Herman O'Berry,Oregon,CB,69.4,184,9.13,30.0,,,15.0,,,,,
1995,Matt O'Dwyer,Northwestern,OT,76.4,298,10.5,32.63,,5.19,35.0,30.5,101.0,4.61,,
1995,Chris O'Neal,Northern Illinois,C,73.3,277,9.5,31.13,,,23.0,22.5,,,,
1995,Riddick Parker,North Carolina,DT,75.0,274,10.38,33.75,,5.13,20.0,30.5,,,,
1995,Bobby Phillips,Virginia Union,RB,68.9,195,9.63,30.88,,4.55,23.0,32.5,123.0,4.0,,11.05
1995,Dino Philyaw,Oregon,RB,70.5,192,9.25,29.5,,4.57,18.0,36.5,115.0,4.25,,11.68
1995,Evan Pilgrim,Brigham Young,OG,76.3,298,10.25,33.25,,5.31,24.0,27.5,103.0,4.78,,
1995,Lovell Pinkney,Texas,WR,76.4,248,9.88,33.38,,,,,,,,
1995,Joe Planansky,Chadron State (NE),TE,75.8,250,9.38,32.88,,5.1,8.0,31.0,116.0,4.28,,11.99
1995,Kris Pollack,Southern California,OG,77.1,299,9.88,31.38,,,27.0,,,,,
1995,Tyrone Poole,Fort Valley State (GA),CB,68.5,185,9.63,30.5,,4.53,18.0,35.0,123.0,3.9,,11.4
1995,Kyle Pooler,Missouri,K,71.5,202,9.25,29.75,,,,,,,,
1995,Darryl Pounds,Nicholls State (LA),FS,70.0,175,9.25,30.25,,4.51,10.0,34.0,116.0,4.21,,11.59
1995,Craig Powell,Ohio State,OLB,75.9,227,10.25,33.63,,,,,,,,
1995,Andre President,Angelo State (TX),TE,75.4,253,9.38,32.25,,4.95,18.0,28.5,103.0,4.45,,12.34
1995,Roell Preston,Mississippi,WR,69.6,187,9.5,30.0,,4.55,,31.5,115.0,,,
1995,Marcus Price,Louisiana State,OT,77.0,303,9.5,33.5,,5.54,21.0,25.5,94.0,4.87,,
1995,Bryan Proby,Arizona State,DT,76.5,279,10.38,33.5,,5.21,21.0,30.0,109.0,4.84,,
1995,Brian Pruitt,Central Michigan,RB,68.9,207,9.13,31.63,,,15.0,37.0,,,,
1995,Roge Purgason,North Carolina,OT,76.8,286,10.13,32.5,,5.54,18.0,26.0,98.0,5.06,,
1995,Cory Raymer,Wisconsin,C,74.9,293,9.88,31.25,,5.24,26.0,24.5,103.0,4.58,,
1995,David Rhodes,Central Florida,WR,72.9,203,9.63,31.5,,4.78,,30.0,118.0,4.52,,12.16
1995,C J Richardson,Miami (FL),SS,70.5,206,9.38,31.25,,4.75,,31.5,115.0,4.43,,
1995,Kenneth Riley,Florida A&M,CB,70.8,181,9.88,30.38,,4.88,11.0,29.5,113.0,4.41,,11.75
1995,Patrick Riley,Miami (FL),DE,76.9,277,10.38,34.25,,,,,,,,
1995,Michael Roan,Wisconsin,FB,75.4,259,10.63,32.38,,5.1,21.0,27.5,106.0,4.63,,12.77
1995,Barret Robbins,Texas Christian,OG,74.9,310,9.25,31.25,,5.4,,24.5,106.0,4.62,,
1995,James Roberson,Florida State,DE,75.0,242,9.88,33.0,,4.95,17.0,,,,,
1995,Brian Robinson,Auburn,FS,74.4,200,9.5,31.75,,4.92,13.0,,,,,
1995,Wardell Rouse,Clemson,OLB,73.8,231,9.25,31.0,,4.92,,34.0,119.0,4.75,,12.41
1995,J J Rowlett,Texas-El Paso,WR,74.9,211,9.88,33.0,,4.72,,28.5,109.0,4.28,,11.47
1995,Steve Russ,Air Force,ILB,76.6,237,9.5,32.75,,4.67,18.0,36.5,117.0,4.31,,11.65
1995,John Sacca,Eastern Kentucky,QB,74.4,206,10.13,32.0,,5.07,,27.5,107.0,4.38,,
1995,Rashaan Salaam,Colorado,RB,72.9,228,9.0,32.13,,,21.0,,,,,
1995,Chris Sanders,Ohio State,WR,72.3,184,8.75,32.88,,4.54,,38.0,121.0,4.09,,11.09
1995,Frank Sanders,Auburn,WR,73.8,202,9.38,32.38,,,,,,,,
1995,Warren Sapp,Miami (FL),DT,73.0,281,9.5,32.75,,,,,,,,
1995,Don Sasa,Washington State,DE,74.5,286,9.13,31.25,,5.3,19.0,29.0,98.0,4.84,,
1995,Todd Sauerbrun,West Virginia,P,69.8,206,9.0,29.38,,,,,,,,
1995,Bryan Schwartz,Augustana (SD),ILB,75.1,256,9.5,32.0,,4.84,21.0,33.5,116.0,4.28,,11.7
1995,Mike Scurlock,Arizona,CB,70.3,197,9.75,30.88,,4.59,18.0,35.5,117.0,4.15,,11.31
1995,Sam Shade,Alabama,SS,72.3,194,9.63,32.5,,4.7,15.0,33.0,,,,
1995,Terrance Shaw,Stephen F. Austin (TX),CB,71.1,188,9.75,31.88,,4.54,14.0,34.5,122.0,4.06,,11.28
1995,Chris Shelling,Auburn,SS,69.6,183,10.0,29.5,,4.64,12.0,,,,,
1995,Anthony Shelman,Louisville,RB,74.9,209,9.25,33.75,,4.72,17.0,35.5,127.0,4.55,,12.92
1995,Damon Simon,Missouri,DE,77.3,249,9.63,33.0,,,,,,,,
1995,David Sloan,New Mexico,TE,78.0,254,10.63,33.5,,4.91,20.0,31.0,115.0,4.29,,11.77
1995,J J Smith,Kansas State,RB,69.6,202,9.13,32.0,,,,33.5,,,,
1995,Willie Smith,Penn State,OLB,72.8,227,9.63,32.13,,4.82,21.0,30.5,111.0,4.45,,12.16
1995,Freddie Solomon,South Carolina State,WR,69.8,180,8.63,31.0,,4.69,,32.5,120.0,4.29,,11.38
1995,Brenden Stai,Nebraska,OG,76.3,305,9.13,31.38,,5.13,37.0,29.5,109.0,4.52,,
1995,Steve Stenstrom,Stanford,QB,73.9,199,9.0,31.5,,5.08,,28.0,100.0,4.03,,
1995,Darnell Stephens,Clemson,OLB,71.3,253,10.0,31.88,,4.98,18.0,31.5,107.0,4.68,,12.27
1995,James Stewart,Miami (FL),FB,74.1,245,10.38,32.63,,,,,,,,
1995,James Stewart,Tennessee,RB,73.4,222,8.88,32.75,,,26.0,38.0,123.0,4.09,,
1995,Kordell Stewart,Colorado,QB,73.5,212,9.5,31.5,,4.52,,36.0,125.0,4.13,,
1995,Robert Stinson,Kentucky,DT,76.0,284,9.0,31.5,,5.27,18.0,27.5,110.0,4.56,,
1995,J J Stokes,UCLA,WR,76.5,217,9.75,34.13,,,,,,,,
1995,Steve Strahan,Baylor,DT,73.1,283,10.13,34.0,,,20.0,,,,,
1995,Korey Stringer,Ohio State,OT,76.3,345,11.25,33.25,,,,,,,,
1995,William Strong,North Carolina State,CB,69.8,191,8.75,31.75,,4.54,14.0,32.5,124.0,4.28,,11.62
1995,Oscar Sturgis,North Carolina,DT,76.8,280,10.38,35.13,,5.14,17.0,31.0,115.0,,,
1995,Corey Swinson,Hampton (VA),DE,76.8,334,10.38,34.5,,5.63,23.0,25.5,91.0,,,
1995,Ben Talley,Tennessee,DE,75.0,240,10.38,33.38,,4.87,20.0,35.5,118.0,4.65,,
1995,Bobby Taylor,Notre Dame,CB,75.0,208,10.0,33.0,,,,,,,,
1995,Johnny Thomas,Arizona State,WR,70.9,173,9.13,30.0,,4.6,,33.0,115.0,,,
1995,Orlanda Thomas,Southwestern Louisiana,FS,73.6,209,9.13,31.88,,4.55,,33.5,123.0,4.25,,
1995,Rodney Thomas,Texas A&M,RB,70.3,213,9.13,31.88,,4.54,,33.0,116.0,,,
1995,Mike Thompson,Wisconsin,DT,75.1,276,9.88,31.5,,5.07,36.0,26.5,103.0,4.56,,
1995,Burt Thornton,Purdue,WR,73.4,202,9.38,33.0,,4.71,,32.5,119.0,4.28,,11.59
1995,Michael Tobias,Southern Mississippi,DT,73.1,282,9.88,32.13,,5.21,,25.0,102.0,,,
1995,Melvin Tuten,Syracuse,OT,78.6,305,9.75,35.5,,5.08,19.0,30.5,109.0,4.63,,
1995,Arnold Vaitai,Texas-El Paso,OT,73.6,287,10.0,33.63,,5.35,21.0,27.0,,,,
1995,Mike Verstegen,Wisconsin,OG,77.6,311,9.75,33.88,,,18.0,,,,,
1995,Gary Walker,Auburn,DT,73.8,286,11.0,33.13,,5.1,25.0,27.0,101.0,4.72,,
1995,Gerrick Walker,Missouri Southern,FS,72.1,196,9.13,32.5,,4.59,14.0,33.5,122.0,4.27,,11.71
1995,John Walsh,Brigham Young,QB,75.0,214,9.75,32.38,,,,,,,,
1995,Keith Washington,Nevada Las Vegas,DE,75.3,253,10.25,33.5,,4.96,14.0,31.0,113.0,4.28,,
1995,Kendall Watkins,Mississippi State,TE,73.4,305,10.13,32.13,,5.36,,25.5,98.0,4.82,,
1995,Tony Watkins,South Carolina,SS,70.3,205,8.63,30.5,,,,,,,,
1995,Derek West,Colorado,OT,79.6,298,10.25,33.63,,5.45,13.0,28.5,108.0,4.64,,
1995,Michael Westbrook,Colorado,WR,75.4,215,9.88,33.5,,4.51,,,124.0,4.09,,11.13
1995,Tyrone Wheatley,Michigan,RB,72.0,232,9.13,32.88,,4.53,,35.5,122.0,4.27,,11.88
1995,Zach Wiegert,Nebraska,OG,76.5,311,9.5,32.0,,,23.0,28.5,,,,
1995,Billy Williams,Tennessee,WR,71.0,175,9.5,30.0,,4.58,,,117.0,,,
1995,Brian Williams,Southern California,OLB,73.4,238,10.0,32.13,,4.79,17.0,33.5,118.0,4.3,,11.65
1995,Robert Williams,Valdosta State (GA),WR,75.5,237,9.5,31.63,,4.86,,27.5,113.0,,,
1995,Sherman Williams,Alabama,RB,67.8,196,9.88,31.25,,,15.0,,,,,
1995,Jamal Willis,Brigham Young,RB,74.0,218,10.0,33.0,,4.61,18.0,34.0,122.0,4.31,,11.9
1995,Jerry Wilson,Southern (LA),CB,70.0,180,9.5,31.13,,4.63,9.0,32.5,117.0,4.06,,11.32
1995,Dave Wohlabaugh,Syracuse,C,75.5,304,10.25,33.0,,5.19,31.0,27.0,108.0,4.63,,
1995,Manley Woods,New Mexico,WR,73.5,171,9.63,30.13,,4.65,,32.5,114.0,4.41,,11.75
1995,Claudius Wright,Arizona,CB,70.5,183,9.0,31.0,,4.59,10.0,39.0,129.0,4.19,,11.84
1995,Phil Yeboah-Kodie,Penn State,OLB,73.9,224,9.88,32.25,,4.71,18.0,33.0,116.0,4.56,,11.91
1995,Julius Young,Oregon State,RB,70.0,194,9.63,30.88,,4.58,,32.5,115.0,4.09,,11.31
1995,Rodney Young,Louisiana State,SS,73.6,209,10.25,32.13,,4.61,19.0,30.5,111.0,,,
1995,Rob Zatechka,Nebraska,OG,76.3,307,10.38,34.0,,5.22,36.0,29.0,112.0,4.59,,
1995,Eric Zeier,Georgia,QB,72.5,208,9.13,32.25,,,,,,,,
1995,Ray Zellars,Notre Dame,FB,71.0,236,9.88,30.75,,,,,,,,
1994,Anthony Abrams,Clemson,DE,75.8,298,9.75,33.88,,5.12,26.0,24.5,105.0,4.87,,
1994,Brice Abrams,Michigan State,FB,72.3,258,9.88,32.0,,5.07,20.0,26.0,98.0,,,
1994,Sam Adams,Texas A&M,DT,74.3,292,8.5,33.25,,,,29.5,103.0,4.57,,
1994,Trev Alberts,Nebraska,OLB,76.0,243,9.25,32.75,,,,,,,,
1994,Ethan Albright,North Carolina,OG,77.0,274,10.25,31.63,,5.23,18.0,26.0,106.0,4.78,,
1994,Allen Aldridge,Houston,ILB,73.3,245,10.25,31.75,,4.61,28.0,36.5,121.0,4.35,,12.5
1994,Brent Alexander,Tennessee State,FS,70.8,184,10.5,31.63,,4.59,9.0,35.0,118.0,4.18,,11.52
1994,Derrick Alexander,Michigan,WR,73.1,196,8.75,31.5,,4.5,,36.0,127.0,4.19,,11.44
1994,Ken Alexander,Florida State,OLB,74.6,254,11.0,33.0,,4.94,24.0,31.5,111.0,4.53,,12.62
1994,Larry Allen,Sonoma (CA),OG,74.8,325,9.75,34.0,,5.21,,25.5,103.0,5.11,,
1994,Joe Allison,Memphis,K,71.6,198,8.25,27.5,,,,,,,,
1994,Jamal Anderson,Utah,FB,70.5,246,9.38,30.63,,4.8,24.0,30.5,109.0,,,
1994,Tyler Anderson,Brigham Young,WR,72.1,175,8.0,31.0,,4.65,,27.5,112.0,4.37,,12.04
1994,Aaron Bailey,Louisville,WR,70.0,179,8.75,31.88,,4.76,,30.5,114.0,4.25,,11.53
1994,Jim Ballard,Mount Union (OH),QB,74.9,223,9.88,31.0,,5.08,,26.5,108.0,4.25,,
1994,Romeo Bandison,Oregon,DT,75.5,289,8.88,33.38,,5.08,17.0,28.5,105.0,4.38,,
1994,Bradford Banta,Southern California,TE,77.6,253,9.25,32.13,,4.97,14.0,30.0,107.0,4.53,,12.66
1994,Rudy Barber,Miami (FL),OG,74.6,286,8.5,32.75,,5.17,,28.0,106.0,4.77,,
1994,Mario Bates,Arizona State,RB,72.6,217,9.5,33.25,,4.43,15.0,36.0,128.0,4.12,,11.33
1994,Michael Batiste,Tulane (LA),OG,75.0,301,9.63,34.0,,5.32,23.0,29.0,107.0,4.69,,
1994,Charles Beauchamp,Indiana,OLB,73.4,225,9.0,33.88,,4.82,20.0,37.5,125.0,,,
1994,Aubrey Beavers,Oklahoma,OLB,74.6,233,9.5,34.0,,,,,,,,
1994,Terry Belden,Northern Arizona,P,70.3,194,9.0,30.75,,,,,,,,
1994,Myron Bell,Michigan State,SS,71.0,203,9.5,31.0,,,15.0,,,,,
1994,William Bell,Georgia Tech,RB,70.1,208,9.38,30.88,,4.59,17.0,31.0,120.0,4.2,,11.43
1994,Jay Bellamy,Rutgers,CB,70.4,186,8.75,31.0,,4.74,12.0,31.0,117.0,4.22,,11.53
1994,Lou Benfatti,Penn State,DT,75.5,277,8.75,32.0,,5.15,20.0,28.5,103.0,4.5,,
1994,Donnell Bennett,Miami (FL),FB,71.9,247,9.5,31.5,,,17.0,,,,,
1994,Pete Bercich,Notre Dame,ILB,73.4,240,9.13,31.5,,4.96,19.0,29.0,108.0,4.04,,11.79
1994,Mitch Berger,Colorado,P,74.8,231,8.5,31.63,,,,,,,,
1994,Elbert Betts,Illinois State,OG,74.0,301,9.5,32.25,,,,,,,,
1994,Harold Bishop,Louisiana State,TE,76.5,255,9.63,34.0,,4.96,18.0,33.0,113.0,4.59,,12.46
1994,Larry Blue,Iowa,OLB,73.0,237,8.63,31.25,,4.96,,31.0,106.0,4.38,,11.81
1994,Shane Bonham,Tennessee,DT,74.6,276,9.25,33.88,,4.95,23.0,29.5,108.0,4.21,,
1994,Jocelyn Borgella,Cincinnati,CB,69.8,180,8.0,31.0,,4.62,13.0,32.0,110.0,4.27,,11.47
1994,James Bostic,Auburn,RB,71.1,222,9.63,32.0,,4.62,20.0,34.5,118.0,4.31,,11.56
1994,Rickey Brady,Oklahoma,TE,76.0,246,10.38,34.0,,4.96,21.0,34.0,115.0,4.39,,12.18
1994,Rich Braham,West Virginia,OG,75.6,290,9.25,31.0,,5.33,21.0,26.0,104.0,4.78,,
1994,Chris Brantley,Rutgers,WR,69.9,177,10.0,31.0,,4.53,,32.0,120.0,4.0,,11.03
1994,Chad Bratzke,Eastern Kentucky,DE,76.3,260,9.88,33.75,,4.96,23.0,31.0,118.0,4.5,,
1994,Doug Brien,California,K,71.3,177,8.0,27.88,,,,,,,,
1994,Jeff Brohm,Louisville,QB,72.8,208,9.5,30.0,,,,34.5,113.0,4.23,,
1994,Bucky Brooks,North Carolina,CB,71.6,189,8.75,32.25,,4.57,,35.5,122.0,4.43,,11.87
1994,Ernie Brown,Syracuse,DT,74.1,283,8.5,33.0,,5.35,16.0,24.0,93.0,4.81,,
1994,Phil Brown,Texas,RB,70.3,210,9.0,31.0,,4.8,13.0,34.0,113.0,4.56,,12.19
1994,Isaac Bruce,Memphis,WR,71.5,173,8.75,33.13,,4.55,,36.5,121.0,4.15,,11.5
1994,Beno Bryant,Washington,RB,68.6,184,8.63,29.5,,4.55,19.0,33.5,118.0,4.15,,11.93
1994,Vaughn Bryant,Stanford,CB,69.1,187,9.5,29.75,,,,,,,,
1994,Brentson Buckner,Clemson,DT,74.0,300,9.63,33.5,,5.21,26.0,27.0,108.0,4.88,,
1994,Alfie Burch,Michigan,SS,72.1,196,9.25,31.13,,4.75,15.0,32.5,117.0,4.71,,11.85
1994,Joe Burch,Texas Southern,C,74.0,286,10.25,32.25,,5.17,21.0,27.5,104.0,4.66,,
1994,John Burke,Virginia Tech,TE,74.9,258,9.25,31.5,,5.17,23.0,26.5,105.0,4.59,,12.53
1994,Paul Burmeister,Iowa,QB,74.4,215,9.0,29.38,,5.1,,29.5,108.0,4.36,,
1994,Keith Burns,Oklahoma State,ILB,73.3,233,9.25,32.5,,4.88,13.0,30.0,113.0,4.65,,12.21
1994,Jeff Burris,Notre Dame,CB,71.0,194,9.63,31.0,,4.59,12.0,34.0,119.0,4.16,,11.7
1994,James Burton,Frenso State (CA),CB,68.6,185,8.5,29.5,,4.57,13.0,30.5,113.0,4.27,,11.75
1994,Butler Bynote,Ohio State,CB,69.6,190,8.88,31.0,,4.47,9.0,33.5,120.0,4.06,,10.88
1994,Darnell Campbell,Boston College,FB,73.9,238,9.88,34.0,,4.77,,28.5,106.0,,,
1994,Matthew Campbell,South Carolina,OT,76.5,257,10.5,32.63,,5.15,16.0,30.5,104.0,4.69,,12.46
1994,Brett Carolan,Washington State,TE,75.3,241,9.5,31.25,,,,,,,,
1994,Herman Carroll,Mississippi State,DE,75.9,267,9.13,33.5,,5.05,15.0,30.0,112.0,4.51,,
1994,Dwayne Carswell,Liberty (VA),TE,75.9,264,9.38,33.0,,5.16,17.0,26.5,102.0,4.5,,12.78
1994,Bernard Carter,East Carolina (NC),ILB,74.3,239,10.63,32.75,,4.79,22.0,33.5,118.0,4.13,,12.0
1994,Perry Carter,Southern Mississippi,CB,71.4,194,8.88,30.75,,4.44,11.0,32.5,119.0,4.17,,12.06
1994,Shante Carver,Arizona State,OLB,76.9,239,9.13,35.5,,5.05,,30.0,112.0,4.59,,
1994,Glen Cavanaugh,Stanford,C,76.9,291,9.13,32.5,,5.29,25.0,27.5,104.0,4.79,,
1994,Dwayne Chandler,Kansas,TE,74.4,244,9.38,32.88,,4.81,22.0,28.5,119.0,,,
1994,Lindsey Chapman,California,RB,68.0,197,9.25,30.25,,4.6,,38.0,120.0,4.43,,11.81
1994,Derrick Clark,Evangel (MO),FB,73.5,235,10.13,33.25,,4.83,13.0,33.5,116.0,4.62,,12.34
1994,Willie Clark,Notre Dame,CB,70.3,183,8.0,31.5,,4.44,,,113.0,4.35,,
1994,Robert Cobb,Louisiana-Monroe,QB,74.5,217,10.13,32.13,,,,26.0,104.0,4.76,,
1994,Andre Coleman,Kansas State,WR,68.8,165,8.63,30.0,,4.41,,,,,,
1994,Ervin Collier,Florida A&M,DT,74.8,287,8.88,32.88,,5.14,21.0,26.0,98.0,4.65,,
1994,Jeff Cothran,Ohio State,FB,72.6,249,9.5,33.0,,5.01,22.0,29.0,113.0,4.29,,
1994,Marvin Courtney,Mississippi,RB,71.4,207,9.0,32.25,,4.68,8.0,32.0,119.0,4.5,,11.56
1994,John Covington,Notre Dame,SS,72.9,198,8.63,31.5,,4.55,14.0,35.5,124.0,4.25,,11.5
1994,Joel Crisman,Southern California,OG,75.9,295,8.88,33.13,,5.73,16.0,23.0,96.0,5.04,,
1994,Sean Crocker,North Carolina,CB,69.8,191,9.13,32.0,,4.59,,33.5,122.0,4.14,,11.35
1994,Carlester Crumpler,East Carolina (NC),TE,77.5,253,10.13,34.5,,,,,,,,
1994,Richard Cruz,Portland State (OR),OLB,74.8,245,8.75,32.5,,5.04,14.0,27.0,103.0,4.5,,12.21
1994,Chris Dausin,Texas A&M,C,77.3,279,10.0,32.5,,5.46,13.0,27.0,96.0,4.57,,
1994,Dwayne Davis,Colorado,SS,72.6,203,9.63,32.38,,4.67,,32.0,115.0,4.43,,12.37
1994,Isaac Davis,Arkansas,OG,74.4,325,9.5,32.5,,5.28,23.0,26.0,104.0,4.66,,
1994,Michael Davis,Cincinnati,SS,72.5,188,9.63,30.0,,4.54,16.0,35.0,122.0,4.06,,11.19
1994,Mitch Davis,Georgia,ILB,73.3,238,9.63,32.88,,4.81,15.0,27.0,103.0,4.44,,12.09
1994,Lake Dawson,Notre Dame,WR,72.3,203,9.5,33.0,,4.73,,34.0,118.0,4.12,,11.22
1994,Jed Devries,Utah State,OT,77.5,292,8.88,31.5,,5.28,30.0,29.0,107.0,4.89,,
1994,Troy Dickey,Arizona,WR,74.3,217,10.0,33.5,,,,,,,,
1994,Trent Dilfer,Frenso State (CA),QB,75.3,228,9.63,32.25,,,,,,,,
1994,Corey Dixon,Nebraska,WR,67.3,157,8.63,28.0,,4.51,,32.0,109.0,4.2,,11.22
1994,Ernest Dixon,South Carolina,OLB,73.1,257,8.63,32.0,,4.86,20.0,29.0,99.0,4.53,,12.28
1994,Johnny Dixon,Mississippi,SS,71.4,204,8.5,31.0,,4.79,,32.0,112.0,4.43,,11.82
1994,Mark Dixon,Virginia,OG,75.3,289,9.63,33.0,,5.57,23.0,25.5,92.0,4.79,,
1994,Todd Dixon,Wake Forest,WR,70.0,175,9.0,30.38,,4.53,,33.0,117.0,4.53,,11.65
1994,Clint Dolezel,East Texas Baptist,QB,76.4,189,8.5,31.88,,5.01,,26.5,112.0,4.38,,
1994,Dewayne Dotson,Mississippi,ILB,72.6,245,9.5,31.88,,,,,,,,
1994,Donald Douglas,Houston,FS,73.6,201,9.13,32.0,,4.78,9.0,30.5,118.0,4.15,,11.59
1994,Gary Downs,North Carolina State,RB,71.9,212,9.38,31.25,,4.61,,33.0,116.0,4.28,,11.53
1994,Eric Drage,Brigham Young,WR,71.3,188,8.25,29.5,,4.65,,30.0,110.0,4.21,,11.35
1994,Tyronne Drakeford,Virginia Tech,CB,69.6,185,9.0,30.88,,4.59,18.0,33.5,115.0,,,
1994,Josh Dunning,Washington State,OG,74.6,302,9.88,31.88,,5.26,37.0,29.5,106.0,4.87,,
1994,Marcus Durgin,Samford (AL),CB,71.4,191,9.38,32.0,,4.66,,33.5,120.0,,,
1994,Ronald Edwards,North Carolina A&T,OT,77.0,311,9.88,35.5,,5.53,17.0,25.0,102.0,4.98,,
1994,Dan Eichloff,Kansas,K,72.3,223,9.0,30.38,,,,,,,,
1994,Keith Elias,Princeton,RB,69.0,191,9.0,28.75,,4.62,15.0,33.5,122.0,4.2,,11.16
1994,Bert Emanuel,Rice (TX),WR,70.4,171,8.25,30.63,,4.59,,37.0,117.0,3.98,,10.85
1994,Mike Empey,Brigham Young,OG,77.6,308,9.63,33.0,,5.52,29.0,25.5,102.0,5.03,,
1994,Eric England,Texas A&M,DE,74.3,283,9.38,33.0,,,19.0,,,,,
1994,Willie English,Central Florida,FB,71.3,231,10.13,31.5,,4.84,17.0,27.5,108.0,4.54,,12.71
1994,D'Marco Farr,Washington,DT,73.0,271,9.63,33.38,,5.16,,26.0,102.0,4.28,,
1994,Marshall Faulk,San Diego State,RB,70.1,206,9.13,31.75,,,,,,,,
1994,Craig Faulkner,Tennessee,WR,70.6,182,9.13,30.75,,4.8,,30.5,109.0,4.16,,11.5
1994,Taase Faumui,Hawaii,DE,75.5,271,9.13,32.25,,4.98,,31.5,112.0,4.37,,
1994,Jay Fiedler,Dartmouth (NH),QB,73.4,215,9.5,30.5,,4.81,,33.5,116.0,4.46,,
1994,Jim Flanigan,Notre Dame,DT,74.0,281,9.38,32.0,,4.9,28.0,30.5,109.0,4.25,,
1994,Cory Fleming,Tennessee,WR,73.1,207,8.13,32.5,,,,,,,,
1994,William Floyd,Florida State,FB,73.0,242,9.88,31.75,,4.73,22.0,30.5,119.0,,,
1994,Glenn Foley,Boston College,QB,72.8,212,9.38,30.75,,,,,,,,
1994,James Folston,Louisiana-Monroe,OLB,74.8,235,10.13,34.0,,4.62,25.0,34.5,115.0,4.34,,11.47
1994,Henry Ford,Arkansas,DE,74.9,284,8.63,33.88,,4.88,,34.5,116.0,4.5,,
1994,Carlos Fowler,Wisconsin,DT,74.0,271,9.0,32.25,,5.09,,27.0,105.0,4.43,,
1994,Dion Foxx,James Madison (VA),OLB,74.8,249,9.25,33.0,,4.92,20.0,32.0,114.0,4.6,,12.21
1994,Rob Fredrickson,Michigan State,OLB,75.5,242,10.0,32.0,,4.69,,35.0,118.0,3.93,,11.6
1994,Gus Frerotte,Tulsa (OK),QB,75.0,221,9.5,30.88,,5.04,,26.0,102.0,4.79,,
1994,Matt Frier,Florida State,WR,70.5,194,8.25,30.0,,,,,,,,
1994,Randy Fuller,Tennessee State,CB,69.8,173,8.5,30.5,,4.6,,34.0,118.0,4.14,,11.22
1994,Kevin Gaines,Louisville,CB,72.1,187,9.25,31.0,,4.74,9.0,33.5,125.0,4.23,,11.21
1994,William Gaines,Florida,DE,76.0,300,10.38,35.75,,5.12,15.0,29.0,,4.87,,
1994,Tom Gallagher,Washington,OT,77.1,308,9.63,34.13,,5.2,30.0,,,,,
1994,Wayne Gandy,Auburn,OT,76.4,289,9.75,34.5,,,,,,,,
1994,Eric Gant,Grambling State (LA),FB,72.0,254,9.25,32.5,,5.1,,24.0,105.0,,,
1994,Charlie Garner,Tennessee,RB,69.1,182,9.75,31.5,,,,,,,,
1994,Jason Gildon,Oklahoma State,OLB,75.3,235,9.5,33.5,,4.9,18.0,36.0,116.0,4.4,,
1994,Aaron Glenn,Texas A&M,CB,68.5,184,8.88,30.0,,,9.0,,,,,
1994,Marvin Goodwin,UCLA,SS,72.5,199,9.63,32.0,,,,,,,,
1994,Marvin Graves,Syracuse,QB,72.8,201,9.63,31.88,,5.14,,27.5,105.0,4.54,,
1994,Tracy Greene,Grambling State (LA),TE,76.6,275,10.0,34.5,,5.18,13.0,22.5,105.0,4.87,,12.78
1994,James Gregory,Alabama,DT,75.0,302,9.38,34.5,,5.26,,,,,,
1994,Ross Hales,Indiana,TE,77.8,257,10.0,33.0,,4.95,8.0,28.5,117.0,4.5,,11.91
1994,Lemanski Hall,Alabama,OLB,72.1,229,9.13,31.5,,,,,,,,
1994,Shelly Hammonds,Penn State,CB,69.9,187,8.5,30.75,,4.69,9.0,32.0,119.0,4.5,,12.08
1994,Jim Hanna,Louisville,DE,75.5,279,9.5,32.63,,,28.0,,,,,
1994,Bernardo Harris,North Carolina,OLB,74.1,238,9.25,32.25,,4.78,18.0,32.5,113.0,4.38,,11.68
1994,Raymont Harris,Ohio State,RB,72.0,225,9.25,32.0,,4.61,22.0,37.0,116.0,4.4,,11.59
1994,Steve Hawkins,Western Michigan,FS,77.4,207,9.63,34.13,,4.46,13.0,36.0,123.0,4.25,,11.68
1994,Kurt Haws,Utah,TE,76.5,248,10.5,31.25,,4.88,16.0,31.5,113.0,4.37,,12.31
1994,George Hegamin,North Carolina State,OT,78.3,359,9.25,34.0,,5.64,14.0,25.0,93.0,5.2,,
1994,Mario Henry,Rutgers,WR,72.6,184,9.5,31.75,,4.56,,38.5,125.0,4.37,,11.84
1994,Greg Hill,Texas A&M,RB,70.6,207,8.5,30.5,,4.5,14.0,33.5,115.0,3.97,,11.15
1994,Lloyd Hill,Texas Tech,WR,72.8,190,8.75,32.5,,,,,,,,
1994,Shelby Hill,Syracuse,WR,71.4,207,9.5,30.75,,,,,,,,
1994,Corey Holliday,North Carolina,WR,74.0,208,10.25,32.88,,4.75,,27.5,112.0,4.34,,11.9
1994,Harrison Houston,Florida,WR,69.3,173,8.5,29.5,,4.63,,32.5,106.0,4.1,,11.1
1994,Malik Jackson,Rutgers,SS,71.8,238,9.38,32.25,,4.98,18.0,28.0,110.0,4.37,,12.38
1994,Sean Jackson,Florida State,RB,73.4,219,8.88,30.75,,4.69,,35.5,112.0,4.48,,11.94
1994,Tyoka Jackson,Penn State,DT,74.1,263,8.5,32.0,,5.11,,29.5,108.0,4.57,,
1994,Willie Jackson,Florida,WR,73.0,205,9.0,33.0,,4.62,,38.0,125.0,4.15,,11.0
1994,Ray Jacobs,North Carolina,DE,74.1,244,9.25,32.0,,4.72,23.0,31.5,117.0,4.69,,
1994,Charles Johnson,Colorado,WR,72.3,188,9.25,32.0,,,,,,,,
1994,Joe Johnson,Louisville,DE,75.6,285,9.25,34.38,,5.11,23.0,33.5,122.0,4.34,,
1994,Leshon Johnson,Northern Illinois,RB,70.9,206,8.5,31.63,,,,,,,,
1994,Lonnie Johnson,Florida State,TE,74.9,239,10.13,32.5,,4.89,21.0,35.0,114.0,4.41,,12.75
1994,Tre Johnson,Temple,OT,74.9,315,9.25,33.0,,5.23,,25.0,105.0,4.51,,
1994,Calvin Jones,Nebraska,RB,71.1,212,10.0,32.75,,4.58,,30.5,115.0,4.09,,11.28
1994,Ernest Jones,Oregon,DE,74.1,239,9.25,32.38,,4.73,23.0,29.5,110.0,4.35,,12.31
1994,Jason Jones,Hampton (VA),OG,75.8,282,8.25,33.88,,5.41,21.0,25.0,101.0,4.87,,
1994,Andrew Jordan,Western Carolina,TE,76.0,262,9.63,33.5,,5.1,22.0,28.0,106.0,4.69,,12.81
1994,Todd Jordan,Mississippi State,P,74.6,235,10.0,32.0,,5.11,,28.0,97.0,4.46,,
1994,Dwayne Joseph,Syracuse,CB,69.4,188,10.0,31.0,,4.74,15.0,34.5,120.0,4.35,,11.81
1994,Jay Kearney,West Virginia,WR,72.9,190,9.88,30.88,,4.61,,36.0,115.0,,,
1994,Jake Kelchner,West Virginia,QB,73.0,218,9.25,31.25,,5.12,,27.0,99.0,4.47,,
1994,Perry Klein,LIU-CW Post (NY),QB,74.4,214,9.0,31.88,,4.84,,32.5,115.0,4.2,,
1994,Alan Kline,Ohio State,OT,77.9,289,9.0,32.5,,5.34,6.0,26.0,101.0,4.85,,
1994,Jimmy Klingler,Houston,QB,74.5,218,9.0,32.0,,5.03,,29.5,111.0,4.45,,
1994,Kelvin Knight,Mississippi State,FS,72.6,204,9.38,32.5,,,12.0,,,,,
1994,Kevin Knox,Florida State,WR,74.5,199,10.13,33.0,,4.64,,34.5,119.0,4.35,,11.5
1994,Darren Krein,Miami (FL),DE,75.1,264,9.25,32.0,,4.88,22.0,31.5,107.0,4.44,,
1994,Aaron Laing,New Mexico State,TE,74.4,262,9.25,32.0,,4.91,20.0,30.5,112.0,4.55,,12.46
1994,Antonio Langham,Alabama,CB,71.0,180,8.88,32.0,,,,,,,,
1994,Tyler Lawrence,North Carolina State,OLB,74.0,252,9.0,32.0,,5.0,16.0,27.5,106.0,4.47,,12.25
1994,Kevin Lee,Alabama,WR,72.3,194,8.5,32.5,,4.55,,32.0,121.0,,,
1994,Fred Lester,Alabama A&M,FB,72.9,235,10.13,32.88,,4.57,24.0,34.5,120.0,4.62,,11.65
1994,Dorsey Levens,Georgia Tech,RB,72.9,228,10.63,32.88,,4.6,18.0,37.5,118.0,4.42,,11.62
1994,Charles Levy,Arizona,RB,71.8,197,9.0,31.75,,4.52,,34.5,114.0,4.41,,11.56
1994,Roderick Lewis,Arizona,TE,76.8,254,10.25,34.25,,4.72,,33.5,119.0,4.56,,12.34
1994,Thomas Lewis,Indiana,WR,72.6,185,9.25,31.0,,4.61,,34.5,116.0,4.15,,11.63
1994,Juan Long,Mississippi State,ILB,74.3,243,9.88,33.0,,5.04,15.0,28.0,112.0,4.81,,
1994,Kenny Lopez,Miami (FL),DT,74.0,275,10.5,33.63,,5.11,22.0,24.0,100.0,4.64,,
1994,Corey Louchiey,South Carolina,OT,78.6,311,9.25,34.0,,5.38,,,,,,
1994,Keith Lyle,Virginia,FS,73.6,205,8.88,30.5,,4.61,17.0,35.0,118.0,4.25,,11.7
1994,Eric Mahlum,California,C,76.4,285,9.88,32.5,,4.95,24.0,30.0,110.0,4.38,,
1994,Van Malone,Texas,FS,71.1,186,9.63,32.0,,,,,,,,
1994,Jason Mathews,Texas A&M,OT,77.9,274,9.5,32.25,,5.1,22.0,26.0,102.0,4.47,,
1994,Steve Matthews,Memphis,QB,74.9,208,8.88,31.5,,,,,,,,
1994,Chris Maumalanga,Kansas,DT,74.3,288,10.0,33.0,,5.2,21.0,31.0,106.0,4.42,,
1994,Kevin Mawae,Louisiana State,C,75.6,385,10.25,31.0,,5.35,22.0,29.0,108.0,4.57,,
1994,Hurvin Mccormack,Indiana,DT,76.6,271,9.13,34.75,,5.15,23.0,25.5,105.0,,,
1994,Ryan Mccoy,Houston,ILB,74.3,237,10.0,33.0,,5.09,18.0,30.5,106.0,4.58,,12.22
1994,Dwight Mcfadden,Southern California,RB,71.1,179,9.0,30.38,,4.6,11.0,30.0,108.0,,,
1994,Willie Mcginest,Southern California,DE,76.5,255,10.13,34.38,,4.72,22.0,34.5,126.0,4.19,,
1994,Toddrick Mcintosh,Florida State,DE,74.6,277,10.0,32.88,,5.06,17.0,30.5,108.0,4.7,,
1994,Jaime Mendez,Kansas State,FS,70.9,194,9.75,31.5,,4.62,17.0,33.0,114.0,3.97,,11.09
1994,Terry Mickens,Florida A&M,WR,72.1,200,10.0,32.5,,4.63,,31.0,117.0,4.39,,11.75
1994,Jamir Miller,UCLA,OLB,76.0,226,9.5,34.0,,,,,,,,
1994,Jim Miller,Michigan State,QB,74.3,227,9.38,31.5,,5.13,,24.5,100.0,4.39,,
1994,Lamar Mills,Indiana,DT,76.1,284,10.13,34.38,,5.26,15.0,26.5,100.0,4.75,,
1994,Kevin Mitchell,Syracuse,ILB,73.5,260,8.25,32.0,,,16.0,,,,,
1994,Shannon Mitchell,Georgia,TE,73.6,247,9.88,31.0,,5.13,,28.0,101.0,4.43,,12.16
1994,Mark Montgomery,Wisconsin,RB,71.9,220,8.63,32.25,,,24.0,,,,,
1994,Marty Moore,Kentucky,ILB,72.6,243,8.13,32.0,,4.81,19.0,29.5,107.0,4.48,,12.12
1994,Bam Morris,Texas Tech,RB,72.5,241,9.25,30.75,,,15.0,,,,,
1994,Cree Morris,Saint Mary's (CA),QB,79.0,239,10.25,33.5,,5.36,,26.5,99.0,4.73,,
1994,Horace Morris,Tennessee,DE,74.1,230,10.25,33.0,,4.69,26.0,33.5,117.0,4.4,,
1994,Johnnie Morton,Southern California,WR,71.9,189,10.0,32.0,,,,,,,,
1994,Aaron Mundy,Virginia,TE,77.3,252,9.75,33.75,,5.03,9.0,30.5,115.0,4.63,,12.03
1994,Tom Nalen,Boston College,C,74.9,280,9.0,33.13,,5.14,20.0,28.0,102.0,4.59,,
1994,Willie Nelson,Ohio State,FS,71.8,200,8.38,31.5,,4.67,17.0,,117.0,,,
1994,Mike Nesbitt,New Mexico,P,73.8,180,9.0,30.5,,,,,,,,
1994,Quentin Neujahr,Kansas State,C,74.8,285,9.13,32.0,,5.24,21.0,25.0,102.0,4.47,,
1994,Todd Norman,Notre Dame,OG,76.9,307,9.5,32.5,,5.71,19.0,26.0,98.0,4.81,,
1994,Craig Novitsky,UCLA,OG,77.4,299,10.75,34.25,,5.28,20.0,27.5,103.0,4.72,,
1994,Jeremy Nunley,Alabama,DE,76.8,265,9.38,33.38,,5.03,,31.0,114.0,4.42,,
1994,Doug Nussmeier,Idaho,QB,74.9,211,9.63,31.25,,4.88,,33.0,113.0,4.13,,
1994,Turhon O'Bannon,New Mexico,WR,72.3,196,8.63,33.13,,4.52,,35.0,120.0,4.34,,11.76
1994,Brian O'Neal,Penn State,FB,72.0,233,10.25,31.38,,4.83,17.0,32.0,115.0,4.12,,11.69
1994,Pat O'Neill,Syracuse,K,72.8,200,9.0,31.63,,,,,,,,
1994,Brad Ottis,Wayne State (NE),DE,75.8,271,9.88,34.0,,4.96,18.0,29.0,118.0,4.25,,
1994,David Palmer,Alabama,WR,67.9,167,8.5,29.63,,,,,,,,
1994,Joe Panos,Wisconsin,OG,74.9,296,9.75,32.0,,,28.0,,,,,
1994,Orlando Parker,Troy (AL),WR,70.6,183,9.25,32.75,,4.53,,,,,,
1994,Vaughn Parker,UCLA,OG,74.5,305,10.13,33.88,,5.34,26.0,26.5,101.0,4.88,,
1994,Kevin Patrick,Miami (FL),DE,74.8,253,9.13,32.0,,5.05,,28.5,105.0,4.34,,
1994,Roosevelt Patterson,Alabama,OT,75.1,313,10.25,33.38,,,,,,,,
1994,Joseph Patton,Alabama A&M,OG,75.8,288,10.13,34.75,,,,,,,,
1994,Chris Penn,Tulsa (OK),WR,72.1,196,10.38,31.88,,4.79,,35.5,118.0,4.06,,11.31
1994,Marlo Perry,Jackson State (MS),OLB,75.0,254,9.38,34.5,,4.88,19.0,30.0,112.0,4.35,,11.88
1994,Anthony Phillips,Texas A&M-Kingsville,CB,74.0,217,8.75,31.5,,4.5,,37.0,127.0,4.25,,11.61
1994,Pete Pierson,Washington,OT,77.3,286,8.63,31.88,,5.33,19.0,26.5,101.0,4.64,,
1994,Trent Pollard,Eastern Washington,OT,75.6,338,10.25,33.0,,5.6,22.0,23.5,94.0,4.82,,
1994,Jim Pyne,Virginia Tech,C,74.1,277,9.63,31.0,,5.44,29.0,29.0,104.0,4.63,,
1994,Thomas Randolph,Kansas State,CB,69.3,176,8.88,29.5,,4.43,13.0,41.5,125.0,4.26,,11.67
1994,Walter Rasby,Wake Forest,TE,75.1,242,9.13,34.0,,5.17,16.0,32.5,118.0,4.62,,12.68
1994,Eric Ravotti,Penn State,ILB,73.9,246,9.25,31.5,,4.85,30.0,30.0,110.0,4.5,,11.94
1994,Jim Ray,Utah State,WR,74.1,202,8.5,32.0,,,,,,,,
1994,Leonard Ray,Louisville,DT,75.5,288,9.88,33.5,,5.21,25.0,28.0,103.0,4.62,,
1994,Anthony Redmon,Auburn,OG,76.1,308,9.88,33.25,,5.37,22.0,25.5,98.0,4.96,,
1994,John Reece,Nebraska,CB,71.6,203,8.5,32.0,,4.5,16.0,33.0,116.0,4.18,,11.9
1994,Jim Reid,Virginia,OT,77.4,301,10.13,34.25,,,,,,,,
1994,Jerry Reynolds,Nevada Las Vegas,OT,77.4,324,10.13,32.88,,5.44,23.0,27.0,100.0,5.06,,
1994,Errict Rhett,Florida,RB,70.8,211,10.0,30.0,,,28.0,32.5,113.0,,,
1994,Terry Richardson,Syracuse,RB,72.6,210,9.13,31.0,,4.61,20.0,35.0,120.0,4.31,,11.95
1994,Ron Rivers,Frenso State (CA),RB,67.9,203,9.5,27.88,,4.68,20.0,29.5,105.0,4.2,,12.11
1994,Austin Robbins,North Carolina,DE,77.6,292,10.63,34.0,,5.09,29.0,27.0,109.0,4.78,,
1994,Sam Rogers,Colorado,OLB,74.3,249,8.88,33.88,,,16.0,,,,,
1994,Bryan Rowley,Utah,WR,69.8,181,9.25,29.0,,,,,,,,
1994,Tim Ruddy,Notre Dame,C,74.6,270,9.25,31.88,,,,,,,,
1994,Corey Sawyer,Florida State,CB,69.8,170,8.13,31.0,,,,,,,,
1994,Scott Schulte,Hillsdale (MI),RB,70.1,199,9.0,29.13,,4.52,20.0,31.0,115.0,4.06,,11.31
1994,Darnay Scott,San Diego State,WR,73.0,180,8.5,32.5,,4.55,,,,,,
1994,Patrick Scott,South Carolina State,OLB,76.0,232,10.0,35.5,,4.79,21.0,36.5,118.0,4.66,,12.48
1994,Malcolm Seabron,Frenso State (CA),WR,71.0,192,8.75,30.88,,4.56,,34.0,107.0,4.53,,11.56
1994,Stacy Seegars,Clemson,OG,75.4,324,9.0,33.0,,5.49,20.0,28.5,98.0,4.9,,
1994,Jason Sehorn,Southern California,FS,73.8,218,9.63,31.0,,4.6,,35.0,120.0,4.25,,11.28
1994,Dexter Seigler,Miami (FL),CB,69.1,182,9.13,29.88,,4.72,,,109.0,4.36,,11.94
1994,Tony Semple,Memphis,OT,76.5,286,9.5,32.25,,,24.0,,,,,
1994,Steve Shine,Northwestern,OLB,76.6,233,9.38,31.5,,4.76,18.0,34.0,120.0,4.12,,11.37
1994,Heath Shuler,Tennessee,QB,74.0,221,10.63,31.5,,,,,,,,
1994,Jason Simmons,Ohio State,DE,76.6,245,11.0,33.88,,4.94,15.0,30.0,112.0,4.34,,
1994,Eddie Small,Mississippi,WR,71.6,188,8.75,32.13,,4.67,,30.0,108.0,4.25,,11.46
1994,Fernando Smith,Jackson State (MS),DE,77.4,283,9.38,34.5,,5.14,23.0,27.5,108.0,4.6,,
1994,Lamar Smith,Houston,FB,70.5,225,10.63,31.88,,4.67,,35.5,118.0,4.37,,11.75
1994,Rod Smith,Ohio State,OG,75.5,309,9.0,33.0,,5.4,,25.5,96.0,5.05,,
1994,Shawn Smith,San Diego State,OLB,74.1,236,9.0,32.0,,4.58,22.0,32.5,112.0,,,
1994,Terry Smith,Clemson,WR,72.6,195,9.0,31.88,,4.78,,33.0,117.0,4.25,,11.47
1994,Marcus Spears,Northwestern State (LA),OT,76.3,302,9.38,33.0,,5.27,,25.0,110.0,4.68,,
1994,Irving Spikes,Louisiana-Monroe,RB,67.6,212,8.75,29.0,,4.69,17.0,30.0,112.0,4.28,,11.88
1994,Glenn Starks,Central Oklahoma,RB,71.9,194,9.0,31.25,,4.65,16.0,33.0,115.0,4.52,,12.25
1994,Matt Steeple,Morgan State (MD),DT,74.6,306,10.0,33.88,,5.25,26.0,25.5,95.0,5.34,,
1994,Todd Steussie,California,OT,77.8,315,10.0,33.75,,,30.0,,,,,
1994,Donald Stowers,New Mexico State,CB,73.1,201,9.38,33.25,,4.64,17.0,37.0,128.0,4.28,,11.81
1994,Willie Stubbins,Texas Southern,TE,77.0,289,10.38,34.5,,5.09,20.0,28.5,109.0,5.12,,13.91
1994,Scott Szeredy,Texas,K,73.1,224,9.0,31.0,,,,,,,,
1994,Aaron Taylor,Notre Dame,OG,75.6,303,10.0,33.38,,,,,,,,
1994,Lance Teichelman,Texas A&M,DE,76.1,281,9.88,33.0,,5.27,25.0,26.5,102.0,4.45,,
1994,John Thierry,Alcorn State (MS),DE,75.9,248,9.88,33.0,,4.58,25.0,35.5,126.0,4.38,,11.63
1994,Craig Thomas,Michigan State,RB,70.6,198,9.0,31.0,,4.7,14.0,35.5,108.0,4.54,,12.34
1994,Aubrey Thompson,Utah State,TE,73.0,224,9.13,32.38,,4.74,15.0,27.5,114.0,4.58,,12.25
1994,Tommy Thompson,Oregon,P,69.6,192,9.0,29.0,,,,,,,,
1994,Winfred Tubbs,Texas,ILB,75.9,250,8.0,33.5,,,,,,,,
1994,Tony Vinson,Towson (MD),RB,73.4,229,8.75,31.0,,4.61,,32.5,,,,
1994,David Wafle,Duke,DT,76.6,278,10.25,34.5,,5.08,,30.0,105.0,4.56,,
1994,Rob Waldrop,Arizona,DT,75.3,326,9.13,31.38,,5.32,29.0,26.0,94.0,4.84,,
1994,Bracey Walker,North Carolina,SS,71.0,190,9.5,30.25,,4.71,,34.0,116.0,,,
1994,Bruce Walker,UCLA,DE,75.3,326,9.88,34.0,,5.32,29.0,26.0,94.0,4.84,,
1994,Cedric Walker,Stephen F. Austin (TX),FS,70.6,210,9.0,31.0,,4.65,13.0,31.0,114.0,4.19,,11.71
1994,Jewel Walker,Howard (DC),QB,75.1,235,9.13,31.0,,5.02,,30.0,106.0,4.66,,
1994,Lamont Warren,Colorado,RB,71.8,194,9.25,32.0,,4.6,13.0,34.0,121.0,4.16,,11.19
1994,Dewayne Washington,North Carolina State,CB,71.3,191,9.13,32.5,,4.45,12.0,36.0,118.0,4.16,,11.22
1994,Mike Wells,Iowa,DT,73.4,281,9.63,33.0,,4.99,26.0,30.5,99.0,4.4,,
1994,Matt Werner,UCLA,DE,75.4,264,9.88,32.75,,,24.0,31.0,110.0,4.37,,
1994,Dexter Wesley,Texas A&M,OT,75.1,300,10.0,34.75,,5.55,18.0,25.5,91.0,4.93,,
1994,Larry Whigham,Louisiana-Monroe,SS,73.9,202,9.63,32.75,,4.64,12.0,37.0,117.0,4.25,,11.26
1994,Paul White,Miami (FL),CB,68.6,177,8.5,30.5,,4.61,12.0,38.5,124.0,4.07,,11.21
1994,Darrick Wiley,West Virginia,OLB,75.9,238,9.88,33.25,,4.89,10.0,28.5,108.0,4.78,,13.0
1994,Gabe Wilkins,Gardner-Webb (NC),DE,76.5,292,10.5,34.0,,4.97,17.0,32.0,113.0,4.69,,
1994,Dan Wilkinson,Ohio State,DT,75.6,327,10.25,33.75,,,32.0,,,,,
1994,Bernard Williams,Georgia,OT,80.3,317,10.38,36.13,,5.38,17.0,26.0,103.0,4.68,,
1994,Tydus Winans,Frenso State (CA),WR,69.8,175,8.63,31.0,,4.56,,35.0,122.0,4.15,,11.5
1994,Jason Winrow,Ohio State,OG,76.4,321,9.5,35.0,,5.68,21.0,25.0,100.0,5.19,,
1994,Ron Woolfork,Colorado,OLB,74.5,254,9.63,33.0,,,15.0,,,,,
1994,Toby Wright,Nebraska,SS,71.0,203,9.5,30.75,,4.66,,33.5,116.0,4.07,,11.46
1994,Ryan Yarborough,Wyoming,WR,72.9,194,9.5,31.75,,4.59,,34.5,116.0,,,
1994,Bryant Young,Notre Dame,DT,74.8,276,9.25,32.0,,4.96,25.0,28.0,109.0,4.4,,
1994,Jermaine Younger,Utah State,ILB,71.4,262,8.63,31.75,,4.85,26.0,27.0,102.0,4.56,,11.91
1994,Eric Zomalt,California,SS,71.5,197,9.5,30.0,,4.62,18.0,33.0,120.0,4.41,,11.69
1993,Daron Alcorn,Akron,K,74.3,241,8.38,31.63,,,,,,,,
1993,Arnold Ale,UCLA,OLB,74.4,228,8.63,32.38,,,17.0,,,,,
1993,Harold Alexander,Appalachian State (NC),P,74.1,224,8.38,31.88,,,,,,,,
1993,Charmyst Amie,Stephen F. Austin (TX),FS,69.0,193,9.13,29.88,,4.6,,34.0,121.0,4.06,,11.35
1993,Richie Anderson,Penn State,RB,73.8,220,9.0,32.25,,4.56,16.0,35.5,121.0,4.27,,11.6
1993,Stevie Anderson,Grambling State (LA),WR,76.3,207,8.88,32.63,,4.57,,35.0,115.0,4.15,,11.38
1993,Jesse Armstead,Miami (FL),OLB,73.5,228,9.5,32.38,,4.64,25.0,37.0,122.0,4.01,,11.86
1993,Herman Arvie,Grambling State (LA),OT,75.9,324,9.5,33.25,,5.57,14.0,26.0,100.0,4.91,,
1993,James Atkins,Southwestern Louisiana,OT,77.6,297,9.88,34.63,,,18.0,,,,,
1993,Hassan Bailey,Kansas,CB,71.6,200,9.38,33.5,,4.48,16.0,33.0,122.0,4.13,,11.31
1993,Victor Bailey,Missouri,WR,74.3,196,10.5,32.0,,4.57,,35.0,114.0,4.16,,11.94
1993,Walter Bailey,Washington,CB,70.0,191,8.88,33.13,,4.61,,,,4.41,,11.64
1993,Myron Baker,Louisiana Tech,ILB,74.6,221,9.25,30.25,,4.7,26.0,34.0,120.0,4.29,,12.14
1993,Shannon Baker,Florida State,WR,69.5,185,9.25,32.88,,4.49,,35.0,114.0,4.4,,11.96
1993,Wolf Barber,California,CB,70.0,192,10.0,31.63,,4.59,15.0,33.0,120.0,4.1,,11.31
1993,Reggie Barnes,Oklahoma,OLB,72.5,234,9.5,32.63,,4.91,13.0,30.5,111.0,4.46,,12.45
1993,Michael Barrow,Miami (FL),OLB,73.5,236,10.25,33.5,,4.71,19.0,31.5,118.0,4.19,,12.03
1993,Patrick Bates,Texas A&M,SS,75.4,224,9.0,32.25,,,11.0,38.0,,,,
1993,Keith Battle,North Carolina State,DE,73.0,262,9.38,32.5,,5.12,,31.0,,,,
1993,Fred Baxter,Auburn,TE,75.0,252,9.5,33.88,,4.93,18.0,29.5,109.0,4.49,,12.0
1993,Charles Belin,Wisconsin,OG,73.9,312,9.75,34.75,,5.22,34.0,28.5,107.0,4.59,,
1993,Coleman Bell,Miami (FL),TE,73.8,232,8.88,30.88,,4.87,21.0,30.0,109.0,4.52,,12.39
1993,Ryan Benjamin,Pacific (CA),RB,67.3,186,9.75,28.63,,4.72,19.0,,,,,
1993,Jimmy Bethea,Tennessee State,WR,74.4,198,9.38,33.0,,4.73,12.0,,,,,
1993,Jerome Bettis,Notre Dame,FB,71.0,248,10.13,33.75,,,,,,,,
1993,Greg Biekert,Colorado,ILB,74.5,231,10.25,31.13,,4.89,20.0,30.5,109.0,4.29,,11.99
1993,Blaine Bishop,Ball State (IN),SS,68.6,194,8.13,31.13,,4.61,20.0,41.5,120.0,4.0,,11.58
1993,Greg Bishop,Pacific (CA),OT,77.6,298,9.5,34.75,,5.44,19.0,27.5,99.0,4.65,,
1993,John Biskup,Syracuse,K,69.0,193,7.63,29.5,,,,,,,,
1993,Drew Bledsoe,Washington State,QB,77.0,233,9.63,33.25,,,,32.5,111.0,4.54,,
1993,Eric Blount,Houston,OLB,71.4,234,8.88,32.13,,4.83,19.0,31.0,,,,
1993,Phillip Bobo,Washington State,WR,70.6,186,9.88,32.25,,4.59,,27.0,111.0,4.26,,11.83
1993,John Bonds,Northern Arizona,QB,76.4,230,10.13,33.63,,5.02,,28.5,106.0,4.27,,
1993,Scott Bonnell,Indiana,K,69.9,165,8.63,31.75,,,,,,,,
1993,Melvin Bonner,Baylor,WR,74.6,207,8.88,32.88,,4.63,,36.0,129.0,4.42,,11.99
1993,Daniel Boyd,Mississippi State,OLB,72.4,232,9.13,30.25,,4.85,18.0,32.0,113.0,4.17,,11.64
1993,Deral Boykin,Louisville,SS,70.5,196,8.13,30.25,,4.63,16.0,34.0,120.0,4.13,,11.25
1993,Ronnie Bradford,Colorado,FS,70.3,188,8.13,31.5,,4.61,12.0,31.5,124.0,4.2,,
1993,Chuck Bradley,Kentucky,OT,77.4,296,9.75,35.38,,5.33,24.0,31.0,112.0,4.58,,
1993,Vincent Brisby,Louisiana-Monroe,WR,73.0,186,10.25,32.38,,4.49,,36.0,128.0,4.04,,11.44
1993,Anthony Brooks,East Texas Baptist,WR,71.0,179,8.5,32.0,,4.5,,29.0,115.0,4.3,,11.84
1993,Reggie Brooks,Notre Dame,RB,67.5,209,8.13,30.0,,,18.0,,,,,
1993,Chad Brown,Colorado,OLB,74.5,236,10.5,32.88,,4.85,,33.0,117.0,4.15,,11.26
1993,Chad Brown,Mississippi,DE,78.3,268,9.5,34.25,,5.13,19.0,29.5,111.0,4.62,,
1993,Corwin Brown,Michigan,CB,72.4,196,8.5,31.75,,4.56,,31.5,115.0,4.13,,11.3
1993,Derek Brown,Nebraska,RB,69.0,180,9.25,30.88,,4.63,13.0,38.0,127.0,3.91,,11.02
1993,Gilbert Brown,Kansas,DT,74.8,330,9.38,32.75,,5.12,24.0,23.0,104.0,4.84,,
1993,Jerome Brown,Mississippi State,DE,75.3,292,9.0,35.13,,,,,,,,
1993,Mark Brunell,Washington,QB,73.0,206,9.13,32.25,,4.7,,30.5,112.0,4.19,,
1993,Ray Buchanan,Louisville,CB,69.3,193,8.63,32.88,,4.5,10.0,36.0,127.0,4.0,,11.04
1993,Marcus Buckley,Texas A&M,OLB,75.1,235,10.38,31.13,,,15.0,,,,,
1993,Andrew Buggs,Iowa State,CB,72.0,190,9.88,33.63,,4.7,8.0,36.0,122.0,4.38,,11.11
1993,Ed Bunn,Texas-El Paso,P,73.8,186,8.38,31.13,,,,,,,,
1993,Lewis Bush,Washington State,OLB,74.3,235,9.13,32.25,,4.77,14.0,29.5,,,,
1993,Mark Caesar,Miami (FL),DT,73.9,295,8.75,31.88,,5.15,,35.5,104.0,4.66,,
1993,Mike Caldwell,Middle Tennessee State,OLB,73.6,226,8.38,34.25,,4.66,19.0,39.0,122.0,3.95,,11.16
1993,Ron Carpenter,Miami (OH),FS,72.9,189,9.0,32.13,,4.68,12.0,33.0,112.0,4.29,,11.91
1993,Tom Carter,Notre Dame,CB,70.9,187,8.75,32.13,,4.45,17.0,43.0,135.0,4.18,,11.16
1993,Eric Castle,Oregon,FS,74.9,212,9.5,30.38,,4.64,10.0,35.0,123.0,4.02,,11.06
1993,Grady Cavness,Texas,CB,69.4,191,7.75,32.75,,4.81,6.0,29.5,110.0,3.97,,11.73
1993,Mike Chalenski,UCLA,DE,77.0,267,9.88,33.25,,5.11,20.0,32.0,111.0,4.56,,
1993,Don Chaney,South Carolina,TE,76.6,235,9.0,33.88,,4.75,,33.0,117.0,4.24,,11.82
1993,John Charles,Portland State (OR),QB,71.4,211,10.13,31.38,,,,,,,,
1993,James Clifford,Washington,OLB,72.0,234,9.0,31.88,,4.8,22.0,36.0,106.0,4.37,,12.04
1993,Gregory Clifton,Virginia Military Inst (VA),WR,71.3,178,9.0,30.0,,4.58,,33.5,122.0,4.14,,11.39
1993,Trevor Cobb,Rice (TX),RB,68.9,194,9.0,29.75,,4.68,11.0,30.0,103.0,4.41,,11.8
1993,Joe Cocozzo,Michigan,OG,75.9,300,10.63,32.5,,5.3,26.0,22.0,96.0,4.63,,
1993,Ben Coleman,Wake Forest,OG,76.6,331,9.38,36.25,,5.33,22.0,27.5,100.0,4.99,,
1993,Mike Compton,West Virginia,C,78.5,297,10.13,34.0,,5.35,16.0,21.5,100.0,4.77,,
1993,Curtis Conway,Southern California,WR,72.3,185,8.75,31.5,,,,,,,,
1993,Rob Coons,Pittsburgh,TE,77.0,239,10.0,32.25,,5.0,10.0,29.0,119.0,4.34,,11.77
1993,Horace Copeland,Miami (FL),WR,74.4,194,9.75,33.25,,4.63,,43.5,130.0,,,
1993,John Copeland,Alabama,DE,75.0,286,10.0,33.88,,,,,,,,
1993,Russell Copeland,Memphis,WR,72.4,196,8.38,31.38,,,,34.5,112.0,,,
1993,Estrus Crayton,Southern California,RB,74.0,186,8.5,32.75,,4.81,8.0,29.5,111.0,4.2,,11.83
1993,Alan Cross,Iowa,TE,74.5,236,9.13,32.63,,4.99,,30.0,109.0,4.47,,12.16
1993,Eric Curry,Alabama,DE,77.9,265,9.13,33.63,,,,,,,,
1993,Randy Cuthbert,Duke,RB,74.4,223,9.25,31.0,,4.82,17.0,30.0,110.0,4.22,,11.73
1993,Steve Dark,Middle Tennessee State,TE,73.4,231,9.38,32.25,,4.77,28.0,34.0,118.0,4.21,,11.66
1993,David Davis,Texas A&M,P,74.3,219,9.25,31.13,,,,,,,,
1993,Martin Davis,Michigan,OLB,73.3,249,8.5,33.13,,4.9,,29.0,,,,
1993,Scott Davis,Iowa,OG,74.9,282,9.38,33.0,,5.12,28.0,28.5,106.0,4.34,,
1993,Sean Dawkins,California,WR,75.9,213,10.0,32.25,,4.61,,32.0,119.0,4.0,,11.21
1993,Mike Dehoog,Utah,OT,75.6,296,9.63,33.5,,5.46,20.0,26.5,98.0,4.8,,
1993,Mike Devlin,Iowa,C,73.1,293,9.88,30.5,,5.65,22.0,21.0,94.0,4.82,,
1993,Ron Dickerson,Arkansas,WR,72.5,206,8.88,33.0,,4.55,,33.5,123.0,4.2,,11.69
1993,Jerry Dillon,East Carolina (NC),OLB,75.8,221,10.13,32.5,,4.82,15.0,34.5,114.0,4.44,,12.24
1993,Ronnie Dixon,Cincinnati,DT,74.5,305,9.38,33.75,,5.34,34.0,26.5,102.0,4.67,,
1993,Earl Dotson,Texas A&M-Kingsville,OT,75.3,318,9.38,33.88,,5.49,21.0,26.0,109.0,4.74,,
1993,Troy Drayton,Penn State,TE,74.3,253,10.25,34.13,,4.66,28.0,31.5,108.0,4.36,,11.84
1993,Demetrius Dubose,Notre Dame,ILB,73.6,232,9.0,33.75,,4.73,,30.0,116.0,4.34,,12.07
1993,Tico Duckett,Michigan State,RB,69.4,198,9.25,30.88,,,,,,,,
1993,William Duckett,Nevada Las Vegas,CB,75.3,194,10.0,33.13,,4.52,17.0,38.0,120.0,4.06,,11.4
1993,Chuckie Dukes,Boston College,RB,69.1,189,8.13,30.5,,4.66,14.0,31.5,111.0,3.97,,11.3
1993,Walt Dunson,Middle Tennessee State,RB,67.9,170,8.13,31.25,,,5.0,,,,,
1993,Ernest Dye,South Carolina,OT,76.8,337,9.88,34.38,,5.71,24.0,22.0,89.0,5.1,,
1993,Guy Earle,Chadron State (NE),OT,76.1,294,10.13,32.88,,5.22,24.0,29.0,104.0,4.78,,
1993,Antonio Edwards,Valdosta State (GA),DT,74.3,264,9.25,33.25,,,22.0,,,,,
1993,Jason Elam,Hawaii,K,71.1,192,8.5,28.63,,,,,,,,
1993,Steve Everitt,Michigan,C,76.6,290,10.0,32.88,,5.03,25.0,25.0,108.0,4.33,,
1993,Brad Fichtel,Eastern Illinois,C,74.0,284,10.38,31.88,,5.22,29.0,27.0,107.0,4.35,,
1993,Jaime Fields,Washington,OLB,71.6,236,9.0,31.63,,4.57,17.0,34.0,114.0,4.33,,
1993,Deon Figures,Colorado,CB,71.6,192,8.88,32.0,,4.62,13.0,34.5,121.0,4.2,,11.52
1993,Albert Fontenot,Baylor,DE,76.3,260,9.0,33.75,,4.95,19.0,33.0,119.0,4.43,,
1993,Dan Footman,Florida State,DE,76.9,288,10.13,33.0,,4.77,,31.5,112.0,4.61,,
1993,Derrick Frazier,Texas A&M,CB,70.4,178,8.13,31.88,,4.52,,,,,,
1993,Reggie Freeman,Florida State,OLB,73.6,235,8.88,32.0,,4.82,24.0,34.0,113.0,4.43,,11.85
1993,David Frisch,Colorado State,TE,77.5,256,10.5,33.13,,5.0,16.0,31.0,122.0,4.56,,11.87
1993,Erick Fry,Georgia Tech,ILB,74.8,215,9.13,31.38,,4.91,10.0,27.5,111.0,4.18,,11.86
1993,Eric Gallon,Kansas State,RB,71.6,199,9.63,32.5,,4.72,15.0,37.5,122.0,4.1,,11.74
1993,Bob Garman,Washington State,OT,75.5,290,9.25,32.88,,5.27,35.0,27.0,103.0,4.74,,
1993,Chris Gedney,Syracuse,TE,77.3,254,9.38,33.63,,4.83,18.0,30.5,110.0,4.39,,11.6
1993,Ron George,Stanford,OLB,73.8,222,8.75,32.0,,4.65,28.0,37.0,129.0,4.38,,11.6
1993,John Gerak,Penn State,OG,75.9,292,9.75,32.0,,,28.0,,,,,
1993,Eric Geter,Clemson,CB,70.4,198,9.13,31.38,,4.69,16.0,31.5,112.0,4.25,,11.32
1993,Reggie Givens,Penn State,OLB,71.6,217,8.75,31.38,,,15.0,,,,,
1993,Malcolm Goodwin,Iowa State,OLB,72.6,223,9.0,32.5,,4.72,16.0,33.5,116.0,4.33,,11.69
1993,Darrien Gordon,Stanford,CB,71.0,182,8.63,30.88,,4.42,12.0,37.5,127.0,,,
1993,Carlton Gray,UCLA,CB,72.1,182,10.13,31.38,,4.51,10.0,35.0,122.0,4.34,,11.56
1993,Chris Gray,Auburn,OG,75.6,286,10.25,31.75,,4.97,27.0,30.5,116.0,4.34,,
1993,Elvis Grbac,Michigan,QB,77.1,232,9.13,33.25,,4.81,,31.5,112.0,4.5,,
1993,Trent Green,Indiana,QB,74.5,211,9.63,33.13,,4.92,,32.5,116.0,4.2,,
1993,Victor Green,Akron,SS,69.1,195,9.13,31.88,,4.53,17.0,33.0,118.0,4.36,,12.4
1993,Casey Greer,Miami (FL),CB,73.4,204,8.88,32.0,,4.8,9.0,32.5,107.0,4.22,,11.51
1993,Lance Gunn,Texas,SS,75.3,217,9.25,33.13,,4.55,9.0,33.5,120.0,4.19,,11.29
1993,Justin Hall,Notre Dame,C,75.6,291,10.5,33.25,,5.52,23.0,26.5,95.0,4.71,,
1993,Les Hall,Clemson,OT,78.8,312,9.5,33.25,,5.44,17.0,22.0,97.0,4.79,,
1993,Ty Hallock,Michigan State,FB,74.1,251,9.25,31.63,,4.89,24.0,30.0,111.0,4.06,,11.7
1993,Rick Hamilton,Central Florida,ILB,73.3,242,10.0,31.88,,4.76,,32.0,114.0,4.26,,11.63
1993,Travis Hannah,Southern California,WR,67.0,161,8.0,29.0,,4.43,,32.0,114.0,4.1,,11.57
1993,Jesse Hardwick,Frenso State (CA),OT,76.8,288,10.13,32.63,,5.71,26.0,23.5,91.0,5.23,,
1993,Adrian Hardy,Northwestern State (LA),CB,71.8,194,9.5,32.38,,4.59,10.0,,,,,
1993,Roger Harper,Ohio State,SS,74.4,223,9.75,34.5,,4.59,12.0,33.5,120.0,4.13,,11.44
1993,Rudy Harris,Clemson,FB,73.5,253,8.63,32.13,,,18.0,,,,,
1993,Willie Harris,Mississippi State,WR,73.4,193,8.88,32.13,,4.63,,33.5,114.0,4.24,,11.52
1993,Andre Hastings,Georgia,WR,72.3,185,9.88,31.5,,,,,,,,
1993,Garland Hawkins,Syracuse,OLB,75.3,232,10.25,33.5,,4.75,18.0,33.5,121.0,4.4,,12.02
1993,Garrison Hearst,Georgia,RB,69.0,204,9.5,31.13,,,,,,,,
1993,Toby Heaton,Michigan State,OG,77.4,302,10.0,33.38,,5.42,31.0,21.5,96.0,4.89,,
1993,Vaughn Hebron,Virginia Tech,RB,68.5,194,9.38,30.63,,4.79,11.0,31.5,105.0,4.3,,11.56
1993,Kerry Henderson,Texas Southern,RB,65.9,167,8.88,27.88,,4.49,18.0,34.5,118.0,4.0,,11.04
1993,Othello Henderson,UCLA,FS,71.9,207,9.38,32.88,,4.72,19.0,36.0,116.0,4.5,,11.83
1993,Kevin Henry,Mississippi State,DE,75.9,274,8.63,33.25,,5.19,,28.0,104.0,4.86,,
1993,Craig Hentrich,Notre Dame,P,72.8,200,8.38,29.75,,,,,,,,
1993,Travis Hill,Nebraska,OLB,73.6,231,8.88,33.0,,,,,,,,
1993,Billy Joe Hobert,Washington,QB,74.6,234,9.75,29.0,,4.89,,30.5,109.0,4.29,,
1993,Dave Hoffmann,Washington,ILB,73.6,229,8.38,31.25,,4.99,24.0,28.5,108.0,4.43,,12.45
1993,Lamont Hollinquest,Southern California,OLB,74.8,240,9.5,32.75,,4.87,9.0,34.0,116.0,4.32,,11.77
1993,Lester Holmes,Jackson State (MS),OG,75.6,301,10.5,34.38,,5.26,26.0,28.5,109.0,4.78,,
1993,Brad Hopkins,Illinois,OT,75.4,306,9.5,33.63,,5.19,18.0,27.0,106.0,4.63,,
1993,Danan Hughes,Iowa,WR,73.3,206,9.75,31.25,,,,,,,,
1993,Tyrone Hughes,Nebraska,CB,69.0,189,8.0,31.5,,4.57,,34.0,116.0,,,
1993,Eric Hunter,Purdue,QB,75.5,212,8.5,33.88,,4.72,,36.5,122.0,4.39,,
1993,Greg Huntington,Penn State,OT,75.5,278,9.13,31.75,,5.21,18.0,24.0,108.0,4.53,,
1993,Paul Hutchins,Western Michigan,OT,76.4,347,10.0,34.13,,5.28,24.0,23.5,99.0,4.51,,
1993,Chris Hutchinson,Michigan,DE,74.0,247,9.0,30.88,,4.81,26.0,31.5,108.0,4.24,,11.59
1993,Qadry Ismail,Syracuse,WR,72.5,192,9.75,31.63,,4.49,,35.0,119.0,,,
1993,John James,Mississippi State,OT,74.5,290,9.5,34.0,,5.5,,23.0,91.0,4.84,,
1993,Tony James,Mississippi State,WR,68.9,190,8.25,30.38,,4.79,,31.0,106.0,4.13,,12.66
1993,Greg Jeffries,Virginia,CB,68.1,187,8.25,31.5,,,10.0,,,,,
1993,James Jett,West Virginia,WR,69.4,167,8.88,30.75,,4.49,,33.0,117.0,3.89,,11.3
1993,Antonio Johnson,Syracuse,WR,67.6,195,8.88,31.5,,4.51,,40.5,124.0,4.29,,11.49
1993,Keshon Johnson,Arizona,CB,69.9,177,8.5,30.38,,4.51,8.0,38.0,121.0,3.93,,11.11
1993,Kevin Johnson,Texas Southern,DT,73.3,306,10.25,33.63,,5.07,33.0,26.5,109.0,4.75,,
1993,Raylee Johnson,Arkansas,DE,75.0,241,10.25,34.13,,4.93,13.0,36.5,128.0,4.23,,12.24
1993,Marvin Jones,Florida State,ILB,73.1,237,9.38,33.0,,,,,,,,
1993,Mike Jones,Georgia,FS,74.4,223,10.0,31.88,,4.64,14.0,33.5,122.0,4.3,,11.49
1993,Rondell Jones,North Carolina,FS,73.8,210,10.25,33.75,,4.66,,38.5,126.0,4.29,,11.65
1993,Shawn Jones,Georgia Tech,CB,71.5,197,9.75,31.63,,4.63,,34.5,119.0,4.09,,
1993,Randy Jordan,North Carolina,RB,70.0,208,8.25,30.38,,4.46,15.0,35.0,119.0,4.2,,
1993,Yonel Jourdain,Southern Illinois,FB,71.4,206,9.75,32.0,,4.62,15.0,34.0,117.0,4.2,,11.36
1993,Todd Kelly,Tennessee,DE,72.0,259,9.75,33.13,,4.83,20.0,,,,,
1993,Lincoln Kennedy,Washington,OT,78.0,358,10.0,36.13,,,,,,,,
1993,Antonious Kimbrough,Jackson State (MS),WR,74.3,195,8.63,33.88,,4.63,,32.0,116.0,4.2,,11.41
1993,Terry Kirby,Virginia,RB,73.3,221,9.5,33.0,,4.64,18.0,38.0,120.0,4.14,,11.49
1993,Jon Kirksey,Cal State Sacramento,DT,75.4,368,9.13,32.13,,5.3,24.0,27.5,106.0,4.65,,
1993,David Klawitter,"Minnesota State, Mankatao",FS,73.4,201,8.63,31.75,,4.66,7.0,33.0,120.0,4.05,,11.34
1993,Lindsay Knapp,Notre Dame,C,77.4,286,9.88,33.0,,5.28,16.0,28.5,109.0,4.39,,
1993,Troy Kopp,Pacific (CA),QB,73.3,212,8.5,31.5,,5.12,,26.5,103.0,4.46,,
1993,Sean Lachapelle,UCLA,WR,75.5,205,9.0,30.88,,4.66,,35.0,123.0,4.12,,11.52
1993,Corbin Lacina,Augustana (SD),OT,75.0,302,11.75,34.38,,5.38,22.0,27.5,98.0,4.59,,
1993,Derrick Lassic,Alabama,RB,69.6,192,9.13,29.63,,,10.0,,,,,
1993,Toby Lawrence,Kansas State,OT,75.6,298,9.13,32.25,,5.36,22.0,26.0,102.0,4.8,,
1993,Brad Lebo,Montana,QB,75.1,228,10.75,33.13,,5.17,,27.5,103.0,4.62,,
1993,Burnie Legette,Michigan,FB,72.8,243,9.25,30.63,,4.93,24.0,28.5,109.0,4.4,,11.59
1993,Lance Lewis,Nebraska,FB,71.0,224,9.38,29.75,,4.62,14.0,34.5,111.0,4.0,,11.23
1993,Vernon Lewis,Pittsburgh,CB,70.5,193,9.5,31.38,,,14.0,37.0,132.0,,,
1993,Everett Lindsay,Mississippi,OG,76.0,296,9.0,32.25,,5.22,29.0,26.5,105.0,4.51,,
1993,Antonio London,Alabama,OLB,74.3,234,10.13,32.88,,,22.0,,,,,
1993,Keith Loneker,Kansas,OG,75.1,336,9.88,31.75,,5.43,30.0,25.5,97.0,4.83,,
1993,Paul Long,Ohio State,C,75.4,276,9.88,35.13,,5.28,20.0,27.5,110.0,4.51,,
1993,Jeff Loots,Southwest Minnesota,QB,73.0,192,9.63,31.13,,4.96,,27.5,104.0,4.28,,
1993,Chris Luneberg,West Chester (PA),OT,76.6,290,10.13,34.0,,5.24,26.0,26.5,102.0,4.63,,
1993,John Lynch,Stanford,SS,73.1,219,9.13,31.75,,,,,,,,
1993,Mitch Lyons,Michigan State,TE,76.3,251,10.63,31.38,,5.25,20.0,26.0,103.0,4.56,,12.95
1993,Rico Mack,Appalachian State (NC),OLB,75.8,237,9.5,32.88,,4.79,12.0,30.5,108.0,4.49,,12.37
1993,Jamie Martin,Weber State (UT),QB,74.4,210,9.88,32.25,,4.83,,31.0,115.0,4.3,,
1993,Shane Matthews,Florida,QB,74.6,196,8.88,31.63,,4.89,,32.0,105.0,4.37,,
1993,Devon Mcdonald,Notre Dame,OLB,75.8,240,9.0,34.75,,4.79,20.0,33.5,120.0,4.48,,11.76
1993,O.J. Mcduffie,Penn State,WR,70.1,191,10.13,31.75,,,,,,,,
1993,Tony Mcgee,Michigan,TE,75.9,246,10.63,32.63,,4.73,28.0,33.5,120.0,4.2,,11.65
1993,Karmeeley Mcgill,Notre Dame,OLB,74.3,235,9.5,33.5,,4.83,18.0,32.5,112.0,4.29,,11.85
1993,Stephen Mcguire,Miami (FL),RB,70.9,216,9.0,31.63,,4.89,13.0,30.5,108.0,4.63,,12.84
1993,Everette Mciver,East Carolina (NC),DE,77.3,345,11.25,33.25,,,,,,,,
1993,Richard Mckenzie,Penn State,OLB,74.3,227,10.25,33.75,,,22.0,,,,,
1993,Curt Mcmillian,Miami (OH),ILB,72.4,219,8.75,30.75,,4.83,16.0,28.5,106.0,4.32,,11.52
1993,Ryan Mcneil,Miami (FL),CB,72.4,185,10.25,32.75,,,,,,,,
1993,Natrone Means,North Carolina,RB,70.4,255,9.13,31.88,,,18.0,,,,,
1993,Joey Mickey,Oklahoma,TE,77.1,288,10.25,34.0,,,,,,,,
1993,Mike Middleton,Indiana,CB,70.1,210,9.38,30.63,,4.67,12.0,36.5,125.0,4.14,,
1993,Glyn Milburn,Stanford,RB,68.3,177,8.63,29.13,,,16.0,,,,,
1993,Carlton Miles,Florida,ILB,73.4,243,8.38,32.38,,,24.0,,,,,
1993,Alec Millen,Georgia,OT,78.8,280,10.25,34.0,,5.19,20.0,23.5,102.0,4.68,,
1993,Doug Miller,South Dakota State,OLB,75.6,227,9.13,32.75,,4.63,25.0,38.5,124.0,4.07,,11.46
1993,Maurice Miller,Wake Forest,OLB,74.6,223,9.38,32.38,,4.77,12.0,33.0,113.0,4.27,,12.14
1993,John Mills,Wake Forest,OLB,72.0,222,9.5,31.88,,4.76,22.0,30.0,114.0,4.34,,11.69
1993,Kevin Miniefield,Arizona State,CB,68.6,178,9.38,31.13,,4.65,8.0,34.5,120.0,4.28,,11.9
1993,Barry Minter,Tulsa (OK),OLB,74.3,236,10.5,33.88,,4.62,14.0,34.5,118.0,4.15,,11.75
1993,Rick Mirer,Notre Dame,QB,74.0,216,9.25,32.25,,,,,,,,
1993,Craig Mitter,Rutgers,RB,68.3,207,8.63,29.25,,4.76,22.0,,,,,
1993,Ron Moore,Pittsburgh State (KS),RB,70.1,226,9.75,32.63,,4.67,13.0,35.5,116.0,4.5,,11.49
1993,Darryl Morrison,Arizona,CB,70.9,185,9.38,30.88,,4.7,18.0,38.0,122.0,4.14,,11.81
1993,John Morton,Western Michigan,WR,71.9,186,9.75,31.25,,4.39,,36.5,130.0,4.3,,11.09
1993,Henderson Mosely,Central State (OH),QB,72.6,241,9.88,34.25,,4.87,,31.5,105.0,4.76,,
1993,Adrian Murrell,West Virginia,RB,70.3,206,8.75,31.5,,4.59,12.0,33.5,117.0,4.17,,11.4
1993,Lorenzo Neal,Frenso State (CA),FB,70.4,236,10.25,30.25,,4.84,27.0,30.5,104.0,4.38,,12.8
1993,Eric Nelson,Memphis,FS,74.6,211,10.0,32.88,,,13.0,,,,,
1993,Royce Nelson,Nicholls State (LA),OT,75.8,315,11.5,35.0,,,,,,,,
1993,Tony Nichols,San Diego State,OT,75.6,295,10.13,32.75,,5.69,16.0,23.0,95.0,5.05,,
1993,Derrick Oden,Alabama,OLB,71.0,230,8.25,32.13,,,24.0,,,,,
1993,Robert Oneal,Clemson,FS,72.9,194,9.13,33.0,,4.68,13.0,35.5,123.0,,,
1993,Shane Pahukoa,Washington,FS,74.6,198,9.0,32.5,,4.73,10.0,31.5,116.0,4.19,,11.22
1993,Lonnie Palelei,Nevada Las Vegas,OG,75.3,324,10.25,32.75,,5.27,28.0,30.0,109.0,4.85,,
1993,Sterling Palmer,Florida State,DE,77.9,268,10.13,34.75,,,,,,,,
1993,Vince Parks,Middle Tennessee State,WR,68.5,149,9.38,32.0,,,,,,,,
1993,John Parrella,Nebraska,DT,75.3,296,9.38,32.5,,5.0,29.0,29.0,102.0,4.44,,
1993,Randall Parsons,North Carolina,C,74.9,274,10.13,32.88,,5.03,26.0,28.5,109.0,4.6,,
1993,Ty Parten,Arizona,DT,76.8,272,9.75,31.25,,5.08,22.0,33.0,112.0,4.3,,
1993,Chris Patterson,Kansas State,OLB,74.8,236,9.38,32.25,,4.93,16.0,34.5,116.0,4.41,,12.42
1993,Martin Patton,Texas A&M-Kingsville,RB,71.9,195,9.13,31.63,,4.8,12.0,38.0,116.0,4.31,,12.09
1993,Doug Pelfrey,Kentucky,K,71.0,185,8.88,30.5,,,,,,,,
1993,Todd Perry,Kentucky,OG,76.9,291,9.5,33.88,,5.24,26.0,26.5,108.0,4.53,,
1993,Roosevelt Potts,Louisiana-Monroe,FB,72.5,257,9.38,32.25,,4.84,15.0,30.5,112.0,4.59,,12.09
1993,Greg Primus,Colorado State,WR,70.6,186,8.88,31.63,,4.74,,34.5,123.0,4.09,,11.31
1993,William Prince,Mississippi State,FB,74.3,222,,,,4.75,11.0,30.0,112.0,4.31,,11.69
1993,Charles Puleri,New Mexico State,QB,72.1,208,9.5,31.75,,5.1,,24.5,99.0,4.53,,
1993,Kenyon Rasheed,Oklahoma,FB,70.3,243,9.25,31.0,,5.05,20.0,30.0,105.0,4.69,,12.99
1993,Jamie Redmond,Middle Tennessee State,CB,68.6,179,8.75,30.75,,4.66,16.0,36.5,122.0,4.37,,11.74
1993,Mike Reid,North Carolina State,SS,73.6,218,9.13,32.88,,,12.0,,,,,
1993,Leonard Renfro,Colorado,DT,74.3,291,9.88,32.75,,5.09,22.0,25.0,106.0,4.71,,
1993,Zack Rix,Frenso State (CA),DT,72.9,263,9.5,30.5,,5.12,24.0,26.5,106.0,4.42,,
1993,Willie Roaf,Louisiana Tech,OT,76.5,308,10.75,34.88,,5.03,25.0,24.0,112.0,4.82,,
1993,Dave Roberts,Youngstown State (OH),CB,70.1,202,9.75,30.38,,4.73,10.0,32.0,116.0,4.11,,11.67
1993,Kenny Roberts,Mississippi State,RB,68.0,171,7.75,29.38,,4.55,,33.5,115.0,4.52,,11.93
1993,Gregory Robinson,Louisiana-Monroe,RB,70.8,208,9.13,30.88,,4.68,6.0,33.5,111.0,4.33,,
1993,Jeff Robinson,Idaho,DE,76.4,259,11.25,31.63,,4.94,20.0,32.0,116.0,4.2,,
1993,Baron Rollins,Louisiana Tech,OT,76.1,337,9.88,33.75,,,25.0,,,,,
1993,Todd Rucci,Penn State,OT,77.1,285,9.5,32.63,,5.29,23.0,23.5,104.0,4.6,,
1993,Coleman Rudolph,Georgia Tech,DE,75.9,268,9.88,32.13,,4.9,32.0,29.5,113.0,4.1,,
1993,Larry Ryans,Clemson,WR,71.0,182,8.0,32.0,,4.56,,35.0,118.0,4.07,,11.17
1993,Sebastian Savage,North Carolina State,CB,70.9,187,9.13,32.5,,4.69,10.0,32.5,117.0,,,
1993,Tom Scott,East Carolina (NC),OT,78.0,364,11.13,33.88,,5.5,19.0,23.5,89.0,5.27,,
1993,Kenny Shedd,Northern Iowa,WR,69.0,168,8.88,29.63,,4.42,,37.5,125.0,4.03,,11.33
1993,Ashley Sheppard,Clemson,OLB,75.1,258,8.88,34.13,,4.89,19.0,33.5,119.0,4.21,,11.99
1993,Will Shields,Nebraska,OG,74.3,304,10.38,34.38,,5.21,18.0,26.0,103.0,4.6,,
1993,Pete Shufelt,Texas-El Paso,OLB,74.4,241,9.0,33.0,,4.74,20.0,30.0,115.0,4.17,,11.73
1993,Marcello Simmons,Southern Methodist (TX),CB,71.1,184,8.13,33.0,,4.58,2.0,39.5,133.0,4.36,,11.76
1993,Wayne Simmons,Clemson,OLB,73.9,236,9.75,33.5,,4.65,22.0,34.0,115.0,4.16,,11.61
1993,Carl Simpson,Florida State,DT,74.3,278,10.38,33.5,,4.96,17.0,28.0,106.0,4.63,,
1993,Kenny Sims,James Madison (VA),RB,70.8,188,10.25,30.88,,4.67,12.0,34.5,117.0,4.22,,11.9
1993,Rob Sims,Pennsylvania,P,72.0,220,8.75,30.63,,,,,,,,
1993,William Sims,Southwestern Louisiana,OLB,74.6,260,10.13,33.25,,4.88,17.0,31.0,119.0,4.46,,
1993,Scott Sisson,Georgia Tech,K,72.4,197,9.13,30.25,,,,,,,,
1993,Doug Skene,Michigan,OT,77.0,306,9.5,33.25,,5.55,23.0,21.5,92.0,4.95,,
1993,Chris Slade,Virginia,OLB,76.0,234,9.0,33.25,,4.74,19.0,30.5,121.0,4.6,,
1993,Artie Smith,Louisiana Tech,DE,76.8,303,10.25,34.13,,,,,,,,
1993,Darrin Smith,Miami (FL),OLB,72.5,228,9.75,32.13,,4.55,22.0,39.0,125.0,4.26,,11.57
1993,Eddie Smith,Texas Southern,DT,72.4,356,10.13,33.25,,5.5,35.0,24.0,101.0,4.92,,
1993,Irv Smith,Notre Dame,TE,75.1,255,9.5,33.38,,4.81,16.0,31.5,118.0,4.46,,12.16
1993,Robert Smith,Ohio State,RB,72.3,195,10.13,32.38,,4.47,16.0,39.0,134.0,4.03,,10.85
1993,Steve Smith,Bowie State (MD),CB,70.3,180,9.88,32.0,,,12.0,,,,,
1993,Steve Smith,Western State Colorado,QB,76.3,223,9.75,32.25,,,,,,,,
1993,Thomas Smith,North Carolina,CB,71.4,190,9.25,32.25,,4.59,,41.5,134.0,4.09,,11.3
1993,Tommie Smith,Washington,SS,72.4,217,9.38,33.13,,4.79,14.0,33.0,114.0,,,
1993,Gene Snisky,Missouri,OT,76.9,285,8.75,32.75,,5.54,15.0,24.5,99.0,5.04,,
1993,Sean Snyder,Kansas State,P,72.0,287,9.38,30.13,,,,,,,,
1993,Del Speer,Florida,CB,71.6,196,10.0,31.5,,4.67,,33.5,119.0,4.16,,11.59
1993,Darryl Spencer,Miami (FL),WR,68.0,174,9.13,29.5,,4.8,,29.5,113.0,4.09,,11.6
1993,Brian Stablein,Ohio State,WR,73.1,190,8.38,31.13,,4.61,,38.5,126.0,3.8,,10.7
1993,Robert Stevenson,Florida State,OG,73.9,281,9.38,34.75,,5.37,,24.0,102.0,4.71,,
1993,Mike Stigge,Nebraska,P,72.8,195,8.75,31.5,,,,,,,,
1993,Darren Stohlmann,Wayne State (NE),TE,74.6,213,8.88,31.25,,4.6,,35.5,122.0,4.02,,11.44
1993,Ron Stone,Boston College,OT,76.9,306,10.13,34.88,,5.32,24.0,22.5,101.0,4.71,,
1993,Michael Strahan,Texas Southern,DE,76.3,252,10.13,34.5,,4.94,25.0,32.5,120.0,4.47,,
1993,Dana Stubblefield,Kansas,DT,74.3,302,9.63,31.75,,4.99,22.0,29.5,109.0,4.74,,
1993,Mark Szlachcic,Bowling Green (OH),WR,75.9,200,8.88,33.0,,4.96,,26.0,106.0,4.47,,12.27
1993,Maa Tanuvasa,Hawaii,DT,74.4,277,10.0,33.63,,5.07,40.0,33.0,117.0,4.3,,
1993,George Teague,Alabama,FS,72.3,185,8.25,31.63,,,11.0,30.5,115.0,,,
1993,Quenton Tezeno,New Mexico State,SS,71.6,197,9.75,30.88,,,10.0,,,,,
1993,Chris Theiss,Princeton,OG,75.0,264,9.5,32.75,,5.36,20.0,24.5,109.0,4.54,,
1993,Tommy Thigpen,North Carolina,OLB,73.8,242,9.5,32.38,,4.81,21.0,31.5,117.0,4.35,,11.45
1993,Lamar Thomas,Miami (FL),WR,73.3,163,9.13,31.88,,4.58,,34.0,117.0,,,
1993,Markus Thomas,Eastern Kentucky,RB,70.0,194,8.88,32.0,,4.62,15.0,36.5,116.0,4.16,,11.43
1993,Marquise Thomas,Mississippi,OLB,75.0,251,10.38,34.0,,4.85,24.0,34.0,112.0,4.53,,13.05
1993,Charles Thompson,Central State (OH),WR,69.0,182,8.75,29.25,,4.69,6.0,,,,,
1993,Marty Thompson,Frenso State (CA),TE,75.8,243,10.38,32.13,,5.06,8.0,29.0,112.0,,,
1993,Gino Torretta,Miami (FL),QB,74.0,219,9.38,29.38,,,,31.0,106.0,,,
1993,Steve Tovar,Ohio State,ILB,75.4,244,10.38,34.0,,4.68,22.0,33.5,123.0,4.18,,11.49
1993,James Trapp,Clemson,CB,71.9,178,8.38,32.88,,4.4,10.0,36.5,120.0,4.3,,11.6
1993,Olanda Truitt,Mississippi State,WR,72.4,189,9.5,31.75,,4.62,,33.0,115.0,4.3,,11.6
1993,Aaron Turner,Pacific (CA),WR,71.6,182,9.38,31.88,,4.56,,32.0,113.0,4.2,,11.77
1993,Alex Van Pelt,Pittsburgh,QB,72.0,212,9.75,31.88,,4.97,,30.5,,,,
1993,Kipp Vickers,Miami (FL),OG,73.9,286,9.38,34.0,,5.21,,24.0,101.0,4.79,,
1993,Adrian Walker,Texas,RB,70.3,196,9.5,32.5,,,16.0,,,,,
1993,Darnell Walker,Oklahoma,CB,68.0,164,8.25,31.5,,4.64,11.0,31.0,113.0,4.17,,11.06
1993,David Walker,Syracuse,RB,68.9,216,8.5,30.25,,4.93,19.0,30.0,104.0,4.19,,11.66
1993,David Ware,Virginia,OT,77.0,290,10.25,34.5,,5.4,24.0,,,,,
1993,Terrence Warren,Hampton (VA),WR,72.9,199,9.63,32.0,,4.55,,34.0,123.0,4.14,,11.99
1993,Dean Wells,Kentucky,OLB,74.4,238,9.88,32.38,,4.61,20.0,39.0,126.0,4.01,,11.05
1993,David White,Nebraska,OLB,73.4,229,8.88,32.5,,5.02,,32.0,109.0,4.27,,12.33
1993,Erik White,Bowling Green (OH),QB,76.5,206,9.75,32.63,,4.89,,28.5,106.0,4.59,,
1993,Russell White,California,RB,70.6,216,8.63,32.25,,4.61,,36.0,113.0,4.28,,11.99
1993,Will White,Florida,CB,72.4,202,8.75,32.5,,4.63,14.0,32.5,115.0,,,
1993,Kenny Wilhite,Nebraska,CB,67.5,176,8.5,30.13,,,4.0,,,,,
1993,Clarence Williams,Washington State,TE,74.0,240,9.5,33.75,,4.6,20.0,35.0,114.0,4.34,,11.73
1993,Dan Williams,Toledo,DE,75.6,290,9.75,34.0,,4.89,21.0,33.5,114.0,4.62,,
1993,Kevin Williams,Miami (FL),WR,69.0,190,9.0,31.5,,4.49,,35.5,123.0,4.61,,11.35
1993,Kevin Williams,UCLA,RB,72.5,212,8.88,32.88,,4.44,17.0,41.5,137.0,4.11,,11.59
1993,Shawn Williams,Rutgers,DE,73.4,229,9.38,32.5,,,,,,,,
1993,Willie Williams,Western Carolina,CB,68.5,180,8.38,31.63,,4.49,16.0,34.5,121.0,4.2,,11.24
1993,Greg Willig,Rice (TX),QB,78.0,234,10.5,32.5,,5.31,,23.0,90.0,4.66,,
1993,James Willis,Auburn,ILB,73.6,230,9.63,31.88,,4.75,22.0,34.5,120.0,4.63,,12.36
1993,Troy Wilson,Pittsburgh State (KS),DE,75.6,232,8.88,33.63,,4.66,,37.0,123.0,4.17,,11.64
1993,Marc Woodard,Mississippi State,OLB,72.4,228,10.13,31.5,,4.63,17.0,35.5,108.0,4.06,,11.5
1993,Shaumbe Wright-Fair,Washington State,RB,71.3,214,9.25,32.0,,4.8,19.0,33.5,125.0,4.49,,12.33
1993,Frank Wycheck,Maryland,FB,74.6,232,10.13,30.5,,4.94,18.0,32.5,111.0,4.52,,12.04
1993,Glen Young,Syracuse,ILB,75.3,238,10.0,31.25,,4.9,21.0,34.0,121.0,4.14,,11.39
1993,Jeff Zgonina,Purdue,DT,72.8,285,9.13,33.63,,4.94,30.0,32.0,109.0,4.4,,
1992,Scott Adell,North Carolina State,OT,76.3,302,9.0,33.25,,5.37,22.0,26.0,98.0,5.09,,
1992,Keith Alex,Texas A&M,OT,75.9,313,9.63,35.25,,5.3,18.0,30.5,110.0,4.77,,
1992,Elijah Alexander,Kansas State,OLB,73.8,228,9.5,33.75,,4.69,18.0,42.0,130.0,,,
1992,Ashley Ambrose,Mississippi Valley State,CB,70.0,177,9.13,31.0,,4.51,7.0,34.0,120.0,4.16,,11.52
1992,Darren Anderson,Toledo,CB,70.5,185,9.75,30.5,,,16.0,,,,,
1992,Erick Anderson,Michigan,OLB,73.1,241,8.75,31.0,,4.92,15.0,28.5,113.0,4.39,,11.6
1992,Roman Anderson,Houston,K,68.9,194,,,,,,,,,,
1992,Tyji Armstrong,Mississippi,TE,76.4,257,7.88,33.63,,4.93,20.0,29.5,107.0,4.54,,12.16
1992,Tyrone Ashley,Mississippi,RB,72.8,198,8.5,31.5,,4.74,2.0,33.5,115.0,4.29,,11.95
1992,Darryl Ashmore,Northwestern,OT,78.6,300,9.13,35.75,,5.74,20.0,28.5,99.0,4.8,,
1992,Troy Auzenne,California,OT,79.3,282,10.38,33.38,,5.21,17.0,29.5,109.0,4.72,,
1992,Mario Bailey,Washington,WR,69.0,162,8.75,29.75,,4.62,,35.0,123.0,4.18,,11.77
1992,Mike Bankston,Sam Houston State (TX),DE,73.8,284,9.5,33.5,,5.35,22.0,28.0,102.0,4.74,,
1992,Kurt Barber,Southern California,DE,75.5,243,9.5,33.25,,,12.0,,,,,
1992,Roy Barker,North Carolina,DT,76.5,292,9.63,33.5,,5.21,18.0,22.5,109.0,4.74,,
1992,Corey Barlow,Auburn,CB,69.3,182,8.63,29.75,,4.72,11.0,34.0,120.0,4.13,,11.38
1992,Sebastian Barrie,Liberty (VA),DT,74.5,273,10.25,35.13,,5.08,17.0,32.0,110.0,4.86,,
1992,Mark Barsotti,Frenso State (CA),QB,73.5,207,10.0,31.75,,4.92,,28.5,108.0,4.5,,
1992,Ephesians Bartley,Florida,OLB,74.5,213,9.5,33.25,,4.83,13.0,34.5,117.0,4.33,,11.99
1992,Michael Bates,Arizona,WR,69.8,187,9.0,31.88,,4.48,,34.5,124.0,,,
1992,Turner Baur,Stanford,TE,76.1,247,9.88,32.13,,5.11,22.0,30.5,111.0,4.3,,11.88
1992,Rob Baxley,Iowa,OG,76.8,286,10.13,33.63,,5.62,20.0,24.0,99.0,4.83,,
1992,Kameno Bell,Illinois,FB,70.8,221,8.63,31.38,,4.73,23.0,37.0,119.0,4.24,,12.1
1992,Jason Belser,Oklahoma,CB,68.6,182,8.5,30.63,,4.74,9.0,37.0,119.0,4.41,,11.63
1992,Jeff Bender,Central Michigan,QB,73.1,212,8.88,32.0,,5.06,,29.5,110.0,4.58,,
1992,Edgar Bennett,Florida State,RB,71.8,208,9.25,31.5,,4.75,,35.5,122.0,4.37,,11.96
1992,Mark Berry,Texas,CB,71.0,180,8.5,30.88,,4.69,3.0,33.0,116.0,4.25,,11.86
1992,Johnnie Black,Sam Houston State (TX),DT,73.3,278,9.0,33.75,,5.3,24.0,28.0,94.0,4.84,,
1992,Rodney Blackshear,Texas Tech,WR,71.4,178,9.5,32.0,,4.63,,30.5,117.0,4.34,,11.62
1992,Kelly Blackwell,Texas Christian,TE,73.0,255,10.0,31.38,,5.03,14.0,30.5,108.0,4.73,,12.99
1992,Eddie Blake,Auburn,OG,75.5,321,10.25,33.63,,5.19,20.0,,106.0,,,
1992,Jeff Blake,East Carolina (NC),QB,71.8,202,8.5,32.88,,4.86,,30.5,115.0,4.6,,
1992,Robert Blake,Wisconsin-Steven's Point,DT,74.6,296,9.25,33.38,,5.19,19.0,25.5,94.0,4.91,,
1992,Matt Blundin,Virginia,QB,78.0,228,9.0,33.5,,4.99,,25.5,103.0,4.53,,
1992,William Boatwright,Virginia Tech,OG,74.0,307,8.75,31.5,,,21.0,,,,,
1992,Eric Boles,Central Washington,WR,75.3,205,9.88,34.63,,4.68,,35.5,121.0,4.27,,11.65
1992,Brian Bollinger,North Carolina,OG,77.0,285,10.0,33.5,,5.19,25.0,27.5,99.0,4.76,,
1992,Alan Boschma,Portland State (OR),WR,72.3,183,9.13,30.38,,4.98,,26.0,103.0,4.3,,12.27
1992,Jon Bostick,Nebraska,WR,72.9,191,8.88,30.75,,4.71,,33.5,114.0,4.06,,11.37
1992,Mark Bounds,Texas Tech,K,69.6,186,,,,,,,,,,
1992,Marc Boutte,Louisiana State,DE,75.0,298,8.38,32.63,,5.14,16.0,29.5,96.0,4.81,,
1992,Joe Bowden,Oklahoma,OLB,71.5,227,8.13,31.0,,,19.0,,,,,
1992,Tracy Boyd,East Carolina (NC),OG,76.1,296,9.0,33.25,,5.04,13.0,24.5,107.0,4.61,,
1992,Shazzon Bradley,Tennessee,DT,73.1,272,9.88,34.0,,5.13,25.0,30.5,115.0,4.57,,
1992,Mike Brandon,Florida,DE,76.0,290,10.0,36.13,,5.24,21.0,32.0,106.0,4.82,,
1992,Brian Brauninger,Oklahoma,OT,76.6,284,9.75,32.75,,5.2,15.0,25.0,100.0,4.61,,
1992,Emery Braxton,Frenso State (CA),CB,69.6,168,7.75,32.38,,4.6,10.0,29.5,115.0,4.24,,11.7
1992,Greg Briggs,Texas Southern,OLB,74.5,209,9.0,32.25,,4.58,15.0,35.5,121.0,4.29,,12.35
1992,Robert Brooks,South Carolina,WR,72.0,175,9.63,31.38,,4.64,,37.0,126.0,4.18,,11.31
1992,Tony Brooks,Notre Dame,RB,72.4,230,9.5,33.25,,4.77,19.0,35.0,119.0,4.23,,11.89
1992,Derek Brown,Notre Dame,TE,77.6,252,10.5,34.0,,4.98,16.0,31.0,114.0,4.36,,11.95
1992,James Brown,Virginia State,OT,78.4,331,9.38,36.0,,5.34,21.0,28.5,102.0,5.11,,
1992,John Brown,Houston,WR,73.3,199,9.5,34.5,,4.59,,35.0,127.0,4.18,,11.1
1992,Tony Brown,Frenso State (CA),CB,69.5,183,8.88,31.75,,4.67,9.0,34.0,117.0,4.17,,11.63
1992,Verlond Brown,Houston,WR,72.0,178,8.0,32.0,,4.62,,33.0,118.0,4.3,,11.68
1992,Vincent Brownlee,Mississippi,WR,71.1,188,8.38,31.38,,4.67,,32.5,118.0,4.08,,11.28
1992,Eric Bruun,Purdue,P,73.9,214,,,,,,,,,,
1992,Eric Buckley,Central Florida,SS,70.9,221,9.63,30.5,,4.74,20.0,31.0,113.0,4.37,,
1992,Terrell Buckley,Florida State,CB,69.1,174,8.0,29.75,,,,,,,,
1992,Charles Bullough,Michigan State,ILB,73.1,226,8.25,30.5,,4.93,,29.0,115.0,4.16,,11.92
1992,Curtis Bunch,East Stroudsburg (PA),CB,71.9,216,9.25,32.5,,4.86,7.0,30.5,112.0,4.3,,12.27
1992,Swift Burch,Temple,DE,75.5,269,9.13,33.0,,5.27,19.0,29.0,108.0,4.63,,
1992,Chris Burns,Middle Tennessee State,DE,76.1,281,9.25,33.38,,5.23,13.0,27.0,106.0,4.73,,
1992,Josh Butland,Michigan State,P,76.6,251,,,,,,,,,,
1992,Joe Campbell,Middle Tennessee State,RB,68.5,174,8.38,31.0,,4.77,11.0,37.5,120.0,4.56,,11.76
1992,Russ Campbell,Kansas State,TE,77.4,252,9.38,32.0,,5.11,20.0,29.5,107.0,4.34,,12.14
1992,Rusty Carlsen,Utah State,P,73.1,211,,,,,,,,,,
1992,Kevin Carroll,King (TN),OLB,74.5,259,8.88,32.38,,4.92,16.0,29.5,106.0,4.67,,12.66
1992,Dale Carter,Tennessee,CB,72.5,188,8.0,32.63,,,7.0,,,,,
1992,Herbert Casey,Auburn,WR,71.5,192,8.13,32.25,,4.7,,34.5,124.0,4.15,,11.7
1992,Jason Childs,North Dakota,OT,75.8,280,10.13,34.38,,5.18,34.0,33.5,118.0,4.54,,
1992,Mark Chmura,Boston College,TE,77.0,235,8.5,32.88,,5.03,13.0,30.5,105.0,4.16,,12.01
1992,Jeff Christy,Pittsburgh,OG,75.0,294,9.63,31.63,,5.38,,25.5,95.0,4.63,,
1992,Eugene Chung,Virginia Tech,OG,76.6,295,10.5,32.5,,5.22,23.0,32.0,114.0,4.9,,
1992,John Clark,Akron,OLB,73.6,229,9.75,31.75,,4.93,19.0,30.0,110.0,4.52,,12.36
1992,Mike Clark,Oklahoma State,CB,69.5,200,10.13,30.5,,4.73,12.0,34.0,112.0,4.08,,11.33
1992,Willie Clay,Georgia Tech,CB,69.9,184,7.63,29.63,,4.78,9.0,34.5,119.0,4.13,,11.55
1992,Hesh Colar,San Jose State,FS,69.9,199,9.38,32.5,,4.73,17.0,35.0,115.0,4.13,,12.15
1992,Keo Coleman,Mississippi State,OLB,72.6,249,8.25,33.13,,4.86,14.0,28.0,101.0,4.44,,12.27
1992,Marco Coleman,Georgia Tech,DE,74.8,259,10.38,33.88,,5.18,18.0,29.0,116.0,4.44,,12.49
1992,Rod Coleman,Indiana,TE,75.0,255,8.38,32.38,,,15.0,29.5,104.0,,,
1992,Roosevelt Collins,Texas Christian,DE,75.9,235,10.38,32.75,,4.94,20.0,31.0,110.0,4.4,,
1992,Shane Collins,Arizona State,DE,74.9,269,9.75,32.75,,4.87,25.0,34.5,113.0,4.38,,
1992,Todd Collins,Carson-Newman (TN),OLB,74.0,242,9.38,31.75,,4.66,19.0,39.0,127.0,4.07,,11.01
1992,Quentin Coryatt,Texas A&M,ILB,75.1,237,9.38,31.0,,4.7,24.0,,,,,
1992,Curtis Cotton,Nebraska,CB,71.9,209,8.0,31.63,,4.55,17.0,41.0,127.0,3.9,,11.49
1992,Bruce Covernton,Weber State (UT),OT,76.1,292,9.38,31.5,,5.47,24.0,25.0,97.0,4.77,,
1992,Darrell Crawford,Auburn,OLB,73.0,239,9.88,33.13,,4.9,20.0,,,,,
1992,Chris Crooms,Texas A&M,SS,74.1,199,8.0,31.13,,4.56,11.0,34.0,121.0,4.06,,11.4
1992,Rodney Culver,Notre Dame,FB,69.5,221,9.38,31.25,,4.64,22.0,32.0,115.0,4.16,,11.34
1992,Ed Cunningham,Washington,C,75.0,289,9.0,32.25,,5.12,28.0,31.0,109.0,4.67,,
1992,Mark D'Onofrio,Penn State,ILB,74.0,236,8.88,31.63,,,,,,,,
1992,Bernard Dafney,Tennessee,OT,77.3,317,9.0,34.88,,,13.0,,,,,
1992,Gary Dandridge,Appalachian State (NC),FS,72.6,213,9.13,31.38,,4.69,,37.5,122.0,4.23,,11.66
1992,Pat Danko,Youngstown State (OH),DT,73.5,291,9.0,31.88,,5.26,29.0,27.0,98.0,4.61,,
1992,Matt Darby,UCLA,SS,73.4,200,8.5,30.5,,4.64,20.0,36.0,,4.02,,11.72
1992,Charles Davenport,North Carolina State,WR,75.4,206,9.88,34.0,,4.62,,33.0,109.0,4.34,,11.8
1992,Anthony Davis,Utah,OLB,72.4,231,9.88,32.25,,4.7,,35.5,121.0,4.4,,11.77
1992,Mark Dawkins,Army,TE,76.3,235,10.25,33.13,,4.92,11.0,28.5,108.0,4.46,,12.67
1992,Dan De Armas,Maryland,P,70.0,192,,,,,,,,,,
1992,Andrew Dees,Syracuse,TE,78.1,266,9.0,35.25,,5.31,6.0,25.0,106.0,4.66,,
1992,Derrick Deese,Southern California,OG,74.8,269,9.88,34.38,,5.26,,27.5,108.0,4.66,,
1992,John Derby,Iowa,OLB,72.9,232,9.75,30.25,,4.97,15.0,27.0,102.0,4.46,,11.93
1992,Ty Detmer,Brigham Young,QB,71.8,179,8.13,31.75,,,,,,,,
1992,George Deveney,Temple,TE,75.8,245,9.13,32.63,,5.19,,27.5,106.0,4.63,,12.3
1992,Darnell Dickerson,Pittsburgh,WR,74.8,232,8.5,32.13,,4.95,,29.0,109.0,,,
1992,Stacey Dillard,Oklahoma,DT,76.9,289,9.38,34.5,,5.15,19.0,30.0,110.0,4.69,,
1992,Howard Dinkins,Florida State,OLB,73.0,221,9.25,31.0,,4.77,,31.5,121.0,,,
1992,Cal Dixon,Florida,C,75.9,276,9.88,33.13,,5.17,17.0,24.5,106.0,4.7,,
1992,Gerald Dixon,South Carolina,OLB,74.3,250,9.25,32.38,,4.82,27.0,31.5,114.0,4.57,,
1992,Santana Dotson,Baylor,DE,76.3,267,9.63,33.75,,5.03,17.0,28.5,109.0,4.62,,
1992,Marcus Dowdell,Tennessee State,WR,70.3,187,8.0,30.25,,4.74,,33.0,123.0,4.08,,11.29
1992,Brian Dowler,Marshall (WV),WR,71.5,181,9.25,29.75,,4.74,,27.0,103.0,4.24,,11.55
1992,Bob Dressel,Purdue,C,75.8,303,9.63,32.25,,5.27,,26.5,100.0,4.68,,
1992,Shane Dronett,Texas,DT,77.1,273,9.75,34.0,,5.21,14.0,31.5,113.0,4.6,,
1992,Vaughn Dunbar,Indiana,RB,69.6,204,9.38,31.0,,4.55,17.0,35.0,120.0,4.19,,11.2
1992,Kasey Dunn,Idaho,WR,72.9,198,9.5,30.25,,4.89,,33.0,116.0,4.27,,11.98
1992,Reggie Dwight,Troy (AL),TE,74.8,264,9.25,33.88,,5.28,17.0,31.0,112.0,4.47,,12.6
1992,Ken Ealy,Central Michigan,WR,70.6,177,8.25,29.0,,4.63,,34.0,111.0,4.13,,11.32
1992,Nickey Edmondson,Jacksonville State (AL),WR,69.1,184,8.13,30.0,,4.8,,28.0,104.0,4.37,,12.66
1992,Bernard Edwards,Ohio State,WR,76.4,201,9.13,32.0,,4.82,,30.5,102.0,4.28,,11.88
1992,Matt Elliott,Michigan,OG,74.5,272,9.88,32.0,,,19.0,,,,,
1992,Jeff Ellis,Ohio State,TE,75.4,252,10.25,33.38,,5.12,14.0,28.5,103.0,4.36,,12.36
1992,Charles Esty,Saint Lawrence (NY),C,76.0,273,10.13,32.38,,5.36,19.0,27.5,105.0,4.69,,
1992,Ray Ethridge,Pasedena City College,WR,70.5,180,7.38,31.13,,4.43,,37.5,130.0,,,
1992,Mike Evans,Michigan,DT,75.4,266,9.38,33.5,,5.16,21.0,30.0,110.0,4.66,,
1992,Patt Evans,Minnesota,TE,77.1,265,9.88,32.38,,5.36,5.0,27.0,100.0,4.74,,12.85
1992,Keith Ewell,Duke,WR,72.5,182,10.13,33.5,,,,,,,,
1992,John Fina,Arizona,OG,76.8,282,9.75,34.25,,5.02,22.0,31.0,109.0,4.46,,
1992,Nick Fineanganofo,Arizona,OG,76.8,333,9.88,34.25,,5.61,28.0,27.0,101.0,5.05,,
1992,John Fisher,Tennessee,C,75.6,279,9.38,31.5,,5.39,20.0,27.5,99.0,4.85,,
1992,Kelvin Fisher,Arizona State,FB,70.3,213,8.75,32.88,,4.67,17.0,33.5,115.0,4.41,,11.81
1992,Luke Fisher,East Carolina (NC),TE,73.8,235,10.0,32.0,,,,,,,,
1992,Nikki Fisher,Virginia,RB,70.4,227,9.0,30.13,,4.66,15.0,32.0,115.0,4.26,,11.63
1992,Jeb Flesch,Clemson,C,75.3,289,9.38,31.75,,5.49,24.0,26.5,99.0,4.73,,
1992,Leodis Flowers,Nebraska,RB,70.8,204,8.88,29.63,,4.71,12.0,34.0,121.0,4.2,,11.6
1992,Gilbert Floyd,Washington and Jefferson (PA),CB,72.0,198,9.75,32.75,,4.82,4.0,31.0,115.0,4.38,,11.91
1992,Derrick Franklin,Indiana State,RB,69.1,187,9.88,30.88,,4.65,15.0,31.5,116.0,4.18,,11.94
1992,Charles Franks,Oklahoma,CB,68.9,185,9.38,31.0,,4.71,5.0,34.5,114.0,4.49,,11.77
1992,Russell Freeman,Georgia Tech,OT,78.0,281,9.0,35.75,,5.18,15.0,28.0,106.0,4.74,,
1992,James Fuller,Portland State (OR),SS,71.4,208,9.38,32.5,,4.77,11.0,34.5,116.0,4.04,,11.2
1992,Will Furrer,Virginia Tech,QB,74.6,208,9.63,31.88,,4.88,,32.0,106.0,4.46,,
1992,Mike Gaddis,Oklahoma,RB,72.0,217,8.38,33.0,,,,,,,,
1992,Kendall Gammon,Pittsburgh State (KS),OG,76.0,273,9.88,33.38,,5.31,21.0,27.5,104.0,4.45,,
1992,Sam Gash,Penn State,RB,71.6,224,9.13,30.25,,4.79,16.0,33.5,113.0,4.16,,11.75
1992,Ron Geater,Iowa,DE,77.6,278,10.13,33.13,,5.25,18.0,26.0,105.0,4.56,,
1992,Sean Gilbert,Pittsburgh,DT,76.3,315,9.75,35.25,,,22.0,,,,,
1992,Mike Gisler,Houston,C,75.8,297,9.0,34.5,,5.63,28.0,25.0,90.0,5.18,,
1992,Keith Goganious,Penn State,OLB,74.4,237,9.25,32.38,,4.92,,,,,,
1992,Donald Goodman,Cal State Northridge,OT,77.9,339,8.25,33.25,,5.86,,22.5,81.0,5.09,,
1992,Steve Gordon,California,C,75.1,279,9.38,32.25,,5.41,21.0,28.0,105.0,4.97,,
1992,Kent Graham,Ohio State,QB,76.9,232,9.5,31.38,,5.14,,27.5,103.0,4.21,,
1992,Scottie Graham,Ohio State,FB,68.4,222,8.63,30.63,,4.65,25.0,33.5,113.0,4.22,,11.56
1992,John Granby,Virginia Tech,CB,72.8,196,9.5,32.5,,,,,,,,
1992,Marcus Grant,Houston,WR,67.1,145,7.88,29.38,,4.66,,33.0,115.0,4.38,,12.18
1992,Steve Grant,West Virginia,ILB,72.6,227,9.13,33.63,,4.98,17.0,32.0,123.0,4.27,,11.73
1992,Jim Gray,West Virginia,DT,74.1,285,9.13,32.5,,5.09,27.0,29.0,101.0,4.73,,
1992,Rogerick Green,Kansas State,CB,70.3,181,9.88,31.38,,,8.0,38.5,127.0,,,
1992,Shoun Habersham,Tennessee-Chattanooga,WR,70.8,173,8.25,31.38,,4.42,,36.5,116.0,3.99,,11.28
1992,Darian Hagan,Colorado,RB,68.8,189,8.75,28.5,,,6.0,,,,,
1992,Chris Hakel,William & Mary (VA),QB,74.3,231,9.75,32.5,,5.17,,23.5,102.0,4.79,,
1992,Dana Hall,Washington,CB,74.3,206,10.0,33.75,,4.6,8.0,35.0,121.0,4.12,,11.45
1992,Victor Hall,Auburn,TE,74.3,241,10.0,33.63,,,,,,,,
1992,Alan Haller,Michigan State,CB,70.4,177,9.25,31.25,,4.53,11.0,34.5,116.0,4.21,,11.59
1992,Keith Hamilton,Pittsburgh,DT,77.4,279,9.13,35.0,,5.12,12.0,29.5,99.0,4.41,,
1992,Anthony Hamlet,Miami (FL),DE,74.9,256,9.25,33.5,,4.89,23.0,32.0,109.0,4.48,,
1992,Jason Hanson,Washington State,K,71.8,183,,,,,,,,,,
1992,Darryl Hardy,Tennessee,OLB,74.5,217,9.38,32.25,,4.79,16.0,30.5,113.0,4.21,,11.83
1992,Shawn Harper,Indiana,OG,75.3,290,9.38,32.5,,,20.0,24.5,94.0,4.77,,
1992,Corey Harris,Vanderbilt,CB,71.6,195,9.0,31.13,,4.67,,31.0,114.0,3.95,,10.99
1992,James Harris,Temple,DE,78.0,266,8.13,35.5,,5.08,11.0,31.5,114.0,4.65,,
1992,Pete Harris,Mississippi,OLB,72.5,239,9.88,32.88,,,18.0,,,,,
1992,Robert Harris,Southern (LA),DE,75.6,285,9.25,34.75,,4.88,22.0,33.5,114.0,4.81,,
1992,Tony Harris,Mississippi State,CB,71.9,194,9.0,31.0,,4.82,10.0,32.0,113.0,4.39,,12.13
1992,Todd Harrison,North Carolina State,TE,75.8,260,9.63,32.5,,5.11,17.0,24.0,109.0,4.63,,12.38
1992,Courtney Hawkins,Michigan State,WR,69.0,183,8.75,30.13,,,,,,,,
1992,Wayne Hawkins,Southwest Minnesota,WR,70.3,176,8.25,29.63,,4.61,,30.5,111.0,4.0,,11.45
1992,Harold Heath,Jackson State (MS),TE,75.0,251,10.25,34.63,,5.14,20.0,26.5,108.0,4.78,,12.52
1992,Doug Helkowski,Penn State,P,72.0,205,,,,,,,,,,
1992,Eric Henley,Rice (TX),WR,67.8,157,8.0,28.63,,4.76,,31.0,110.0,4.23,,11.6
1992,Mark Henry,Colorado,WR,74.4,198,8.75,30.5,,4.87,,28.5,107.0,4.33,,12.19
1992,David Henson,Central Arkansas,DT,73.5,273,9.63,30.88,,5.02,31.0,27.5,103.0,4.66,,
1992,Andrew Hill,Indiana (PA),WR,75.0,204,10.13,33.25,,4.77,,30.5,117.0,4.35,,11.89
1992,Tim Hill,Kansas,CB,68.0,176,8.88,25.63,,,12.0,40.5,122.0,,,
1992,Chris Holder,Tuskegee (AL),WR,71.8,185,8.75,30.0,,4.78,,29.0,106.0,4.56,,12.36
1992,Dwight Hollier,North Carolina,OLB,74.0,242,9.38,33.0,,,13.0,,,,,
1992,Calvin Holmes,Southern California,CB,68.4,183,8.0,30.0,,4.43,15.0,32.5,110.0,4.2,,11.82
1992,Clayton Holmes,Carson-Newman (TN),CB,70.0,178,9.88,30.25,,4.55,13.0,33.5,118.0,4.2,,11.82
1992,Richard Holt,Arizona,CB,74.3,200,8.63,32.63,,4.66,10.0,32.0,117.0,4.39,,11.86
1992,Charles Hope,Central State (OH),C,74.9,284,8.63,33.38,,5.38,25.0,24.5,101.0,4.74,,
1992,Derrick Hoskins,Southern Mississippi,FS,74.4,201,8.75,32.0,,4.53,10.0,40.0,128.0,4.29,,11.35
1992,Desmond Howard,Michigan,WR,69.9,184,8.88,30.38,,,,,,,,
1992,Carlos Huerta,Miami (FL),K,66.8,172,,,,,,,,,,
1992,Ronald Humphrey,Mississippi Valley State,RB,70.6,201,9.63,32.0,,4.56,19.0,36.5,127.0,3.96,,11.03
1992,Leonard Humphries,Penn State,CB,68.5,174,8.0,30.0,,4.67,4.0,32.5,116.0,4.15,,11.54
1992,Stacy Hunter,Northeastern Oklahoma A&M,OT,76.6,274,10.0,34.0,,5.16,3.0,25.5,108.0,4.83,,13.35
1992,Hesham Ismail,Florida,OG,74.0,291,9.63,32.5,,5.46,34.0,26.5,108.0,4.76,,
1992,Steve Israel,Pittsburgh,CB,70.8,186,9.75,31.75,,,10.0,,,,,
1992,Keland Jackson,Frenso State (CA),OG,75.3,263,9.0,33.63,,5.35,,25.0,98.0,4.73,,
1992,Michael James,Arkansas-Pine Bluff,CB,71.4,184,9.5,31.0,,4.66,12.0,34.5,122.0,4.22,,11.05
1992,Tracey Jenkins,Utah State,WR,72.8,196,8.63,32.5,,4.79,,32.0,116.0,4.35,,12.11
1992,Tommy Jeter,Texas,DE,77.1,282,9.63,32.88,,5.07,28.0,30.5,105.0,4.54,,
1992,Bill Johnson,Michigan State,DE,75.9,302,10.13,33.5,,5.16,,29.0,,,,
1992,Brad Johnson,Florida State,QB,76.5,218,10.13,31.0,,5.02,,29.5,110.0,4.29,,
1992,Carlton Johnson,Nevada Las Vegas,FS,68.6,195,8.88,30.0,,4.78,10.0,32.0,113.0,4.38,,12.08
1992,Chuck Johnson,Texas,OT,75.1,280,10.63,34.88,,5.18,22.0,27.0,109.0,4.82,,
1992,Darron Johnson,Angelo State (TX),WR,72.3,188,8.75,31.5,,4.72,,35.0,128.0,4.29,,12.06
1992,Hendricks Johnson,Northern Arizona,WR,74.0,182,8.38,32.38,,4.67,,34.0,119.0,4.3,,11.71
1992,Jim Johnson,Michigan State,C,76.9,301,8.5,34.63,,,,,,,,
1992,Mario Johnson,Missouri,DT,75.1,313,10.25,34.38,,5.37,23.0,28.0,98.0,4.61,,
1992,Nate Johnson,South Dakota,OLB,74.4,246,8.63,34.13,,4.91,15.0,30.5,115.0,4.44,,
1992,Eric Jonassen,Bucknell (PA),OG,77.8,310,9.0,33.75,,5.47,16.0,23.5,96.0,4.93,,
1992,Donald Jones,Washington,OLB,72.3,231,10.0,32.25,,4.7,29.0,33.5,118.0,4.47,,12.02
1992,Robert Jones,East Carolina (NC),ILB,73.6,236,9.5,33.63,,4.83,28.0,38.5,127.0,4.3,,11.95
1992,Robin Jones,Baylor,DE,74.9,257,10.13,35.0,,5.07,15.0,28.0,108.0,4.41,,
1992,Selwyn Jones,Colorado State,CB,71.8,182,9.0,31.38,,4.63,7.0,37.0,129.0,4.2,,11.52
1992,Walter Jones,Duke,WR,70.3,180,8.5,31.0,,4.69,,35.0,119.0,4.31,,11.83
1992,Mike Jovanovich,Boston College,OT,76.5,288,9.38,32.38,,5.28,21.0,26.0,96.0,4.77,,
1992,Mirko Jurkovic,Notre Dame,OG,74.8,283,9.13,34.13,,5.5,19.0,26.0,100.0,4.59,,
1992,John Kelling,"Minnesota State, Mankatao",SS,72.8,214,9.13,29.25,,4.75,16.0,31.5,118.0,4.01,,11.59
1992,Andy Kelly,Tennessee,QB,74.4,217,9.5,31.38,,5.14,,26.0,103.0,4.31,,
1992,Phillip Kent,Mississippi,OLB,73.8,246,9.0,33.75,,,26.0,32.0,115.0,,,
1992,Todd Kinchen,Louisiana State,WR,71.3,187,9.13,30.88,,4.61,,31.5,109.0,4.02,,11.09
1992,Levon Kirkland,Clemson,OLB,72.4,240,8.5,32.5,,4.92,20.0,32.5,116.0,4.13,,11.59
1992,Nate Kirtman,Pomona (CA),CB,72.5,185,8.13,31.25,,4.62,,30.0,116.0,4.15,,11.74
1992,David Klingler,Houston,QB,74.5,205,9.25,33.0,,4.82,,32.5,111.0,4.01,,
1992,Frank Kmet,Purdue,DE,75.9,289,,,,,26.0,,,,,
1992,Thomas Lafferty,UMass Lowell,TE,73.9,257,9.13,32.0,,5.24,27.0,24.5,103.0,4.89,,13.0
1992,Dion Lambert,UCLA,CB,72.6,185,10.5,32.88,,,,,,,,
1992,Carlton Lance,Southwest Minnesota,CB,70.8,186,9.0,31.63,,4.78,11.0,33.5,117.0,4.13,,11.7
1992,Tony Laster,Illinois,OG,74.9,286,9.38,35.63,,5.49,16.0,25.0,99.0,5.12,,
1992,Amp Lee,Florida State,RB,71.1,200,9.38,30.38,,,,,,,,
1992,Jay Leeuwenburg,Colorado,C,74.8,278,9.25,31.5,,5.27,15.0,26.0,107.0,4.74,,
1992,Tyrone Legette,Nebraska,CB,68.9,177,7.5,32.75,,4.52,,36.0,122.0,4.39,,11.66
1992,Tony Lenseigne,Eastern Washington,TE,75.9,235,8.88,31.75,,4.91,13.0,31.5,115.0,4.32,,11.67
1992,Greg Lester,Georgia Tech,WR,68.9,171,8.63,29.5,,,,,,,,
1992,Tim Lester,Eastern Kentucky,RB,69.6,213,10.5,30.63,,4.8,13.0,33.0,114.0,4.46,,11.67
1992,Jeremy Lincoln,Tennessee,CB,70.3,180,8.13,32.0,,4.53,8.0,34.5,,,,
1992,Kevin Little,North Carolina A&T,OLB,74.5,251,10.5,33.88,,,20.0,29.5,115.0,,,
1992,Ted Long,Oklahoma,WR,69.4,189,9.13,30.75,,4.69,,33.5,118.0,3.95,,11.05
1992,Marcus Lowe,Baylor,DT,73.9,318,10.75,34.5,,5.27,19.0,29.5,,,,
1992,Tony Lowery,Wisconsin,QB,74.0,184,7.63,32.75,,4.76,,32.5,119.0,4.31,,
1992,Sean Lumpkin,Minnesota,SS,72.4,206,9.0,33.63,,4.72,12.0,34.5,119.0,4.03,,11.9
1992,Eric Lynch,Grand Valley State (MI),RB,70.5,222,8.63,32.0,,,21.0,32.0,109.0,4.2,,11.53
1992,Siupeli Malamala,Washington,OT,77.0,313,10.25,35.13,,5.1,31.0,27.0,,,,
1992,James Malone,UCLA,OLB,74.0,234,10.25,32.38,,,,,,,,
1992,Kevin Mancini,Florida State,OG,74.6,270,9.0,32.25,,5.58,14.0,22.5,,4.88,,
1992,Vince Marrow,Toledo,TE,74.9,251,8.88,32.25,,4.79,10.0,32.0,112.0,4.66,,12.44
1992,Arthur Marshall,Georgia,WR,69.6,179,9.25,29.88,,4.67,,38.0,125.0,4.0,,11.18
1992,Bryan May,Brigham Young,OT,77.9,295,9.13,33.63,,5.49,17.0,26.5,103.0,4.95,,
1992,Deems May,North Carolina,TE,76.4,249,10.25,33.5,,5.04,19.0,28.5,108.0,4.3,,11.9
1992,Corey Mayfield,Oklahoma,DT,74.1,280,9.13,32.5,,5.21,18.0,25.5,103.0,4.64,,
1992,Keith Mcafee,Texas A&M,RB,71.9,220,8.38,32.88,,,9.0,,,,,
1992,Scott Mcalister,North Carolina,P,73.9,222,,,,,,,,,,
1992,Keithen Mccant,Nebraska,QB,73.6,208,9.0,32.25,,4.71,,31.5,120.0,,,
1992,Willie Mcclendon,Florida,RB,71.9,214,8.75,30.88,,4.84,25.0,31.5,111.0,4.27,,12.03
1992,Anthony Mccoy,Florida,DT,72.8,279,8.5,32.5,,5.26,26.0,28.0,102.0,4.53,,
1992,Russ Mccullough,Missouri,OT,81.0,320,9.5,34.0,,5.57,20.0,26.5,99.0,4.98,,
1992,Ed Mcdaniel,Clemson,ILB,71.3,232,9.5,31.63,,4.8,18.0,33.5,116.0,4.24,,11.81
1992,Ricardo Mcdonald,Pittsburgh,OLB,73.9,230,10.63,33.13,,,19.0,33.0,113.0,,,
1992,Chester Mcglockton,Clemson,DT,75.9,337,10.0,33.25,,5.12,21.0,29.0,104.0,4.72,,
1992,Gene Mcguire,Notre Dame,C,75.8,280,9.75,32.88,,5.47,21.0,24.0,97.0,4.81,,
1992,Todd Mcguire,Tulsa (OK),C,74.4,284,10.38,32.38,,5.38,25.0,24.5,99.0,4.82,,
1992,Orlando Mckay,Washington,WR,70.3,175,9.13,31.38,,4.54,,33.0,112.0,4.27,,11.45
1992,Greg Mckee,Eastern Kentucky,DT,73.9,273,8.13,33.88,,5.38,,24.5,101.0,4.7,,
1992,Mike Mckinley,Oklahoma,FB,71.6,230,9.25,30.25,,4.89,23.0,34.0,115.0,4.35,,11.95
1992,Dexter Mcnabb,Florida,FB,73.4,242,9.63,32.63,,4.71,21.0,34.0,115.0,4.45,,12.13
1992,Bob Meeks,Auburn,C,73.5,286,9.0,32.88,,5.25,23.0,25.0,91.0,4.84,,
1992,Marcus Mickel,Virginia Tech,WR,69.3,184,9.13,31.0,,4.61,,33.0,111.0,4.2,,11.98
1992,Lee Miles,Baylor,WR,66.4,156,8.5,29.38,,4.47,,31.5,117.0,4.03,,11.07
1992,Ostell Miles,Houston,RB,71.6,227,10.25,33.0,,4.73,26.0,38.5,122.0,4.33,,11.75
1992,Clarence Miller,Illinois State,WR,72.8,200,8.25,31.63,,4.79,,30.5,117.0,4.19,,11.65
1992,Eddie Miller,South Carolina,WR,71.3,185,8.88,31.13,,4.65,,34.0,117.0,4.1,,12.04
1992,Scott Miller,Pittsburgh,C,77.3,292,9.25,34.0,,5.88,,23.5,93.0,5.02,,
1992,Troy Mills,Cal State Sacramento,RB,70.9,218,9.25,31.88,,4.72,13.0,30.0,108.0,4.35,,12.07
1992,Rod Milstead,Delaware State,OG,73.3,293,10.63,34.63,,5.09,21.0,26.0,,,,
1992,Chris Mims,Tennessee,DE,76.6,261,8.75,33.38,,,,,,,,
1992,Johnny Mitchell,Nebraska,TE,74.5,258,9.13,31.75,,4.74,21.0,34.0,112.0,4.25,,11.97
1992,Robert Mitchell,Grand Valley State (MI),TE,75.9,238,9.25,31.63,,5.23,12.0,26.5,108.0,4.28,,11.84
1992,Gabriel Mokwuah,American International (MA),OLB,73.1,254,9.75,33.5,,4.96,21.0,32.5,116.0,4.47,,
1992,Michael Moody,Southern California,OT,77.6,301,9.38,36.75,,5.6,23.0,22.0,97.0,5.18,,
1992,Mike Mooney,Georgia Tech,OT,78.0,333,9.63,33.75,,5.55,17.0,24.5,97.0,4.63,,
1992,Darryl Moore,Texas-El Paso,OG,74.0,289,9.88,32.88,,5.39,17.0,24.5,99.0,4.64,,
1992,Dave Moore,Pittsburgh,TE,74.3,247,9.75,32.0,,5.18,14.0,27.0,103.0,4.39,,12.06
1992,Derrick Moore,Northeastern Oklahoma A&M,RB,71.5,216,8.63,31.5,,4.62,20.0,,,,,
1992,Rod Moore,Utah State,WR,72.1,195,9.13,30.5,,4.64,,31.0,112.0,4.38,,11.48
1992,Tom Myslinski,Tennessee,C,74.3,293,9.25,31.13,,,23.0,29.0,104.0,,,
1992,John Nee,Elon (NC),OT,76.5,282,9.13,32.75,,5.29,20.0,27.5,107.0,4.66,,
1992,Roosevelt Nix,Central State (OH),DT,78.3,305,9.5,33.63,,4.89,15.0,29.0,107.0,4.45,,
1992,David Nobbe,Indianapolis,C,77.9,281,9.5,33.5,,,21.0,,,,,
1992,Andrew Oberg,North Carolina,OT,78.9,300,9.25,34.63,,5.43,23.0,25.5,101.0,5.11,,
1992,Rodney Oglesby,Georgia Southern,CB,68.3,179,8.25,31.75,,,,,,,,
1992,Lance Olberding,Iowa,OT,78.0,300,10.13,34.63,,5.4,22.0,27.0,99.0,4.82,,
1992,William Oshodin,Villanova,DE,75.6,261,8.75,34.5,,,23.0,,,,,
1992,Jerry Ostroski,Tulsa (OK),OG,75.1,316,10.0,34.13,,5.51,18.0,25.5,105.0,4.88,,
1992,James Patton,Texas,DT,75.3,276,10.75,32.5,,5.02,35.0,33.0,110.0,4.64,,
1992,Tim Paulk,Florida,OLB,72.5,230,8.88,31.75,,4.76,20.0,,,,,
1992,Mike Pawlawski,California,QB,73.5,204,9.5,31.5,,4.89,,29.5,112.0,4.46,,
1992,Chris Pederson,Iowa State,QB,74.4,223,11.0,31.5,,4.84,,29.0,101.0,4.34,,
1992,Chris Perez,Kansas,OT,77.0,285,9.5,33.25,,,18.0,,,,,
1992,Darren Perry,Penn State,SS,70.4,190,8.63,30.0,,4.81,13.0,32.0,113.0,4.36,,11.79
1992,Mike Petko,Nebraska,OLB,74.0,232,9.0,32.0,,4.85,,33.5,113.0,4.31,,11.95
1992,Mackenzie Phillips,Arkansas,DE,76.8,246,9.63,32.0,,4.91,16.0,33.0,119.0,4.33,,
1992,Carl Pickens,Tennessee,WR,74.3,206,8.25,31.5,,,,,,,,
1992,Aaron Pierce,Washington,TE,77.1,246,9.13,33.13,,4.76,,35.5,115.0,4.44,,12.05
1992,Mike Poloskey,Illinois,DE,74.0,256,9.5,33.38,,5.14,13.0,30.0,106.0,4.52,,13.07
1992,Marquez Pope,Frenso State (CA),FS,69.9,188,8.38,30.25,,4.52,12.0,35.5,122.0,4.2,,11.85
1992,Robert Porcher,South Carolina State,DE,75.9,283,10.0,34.5,,5.27,22.0,31.0,108.0,4.7,,
1992,Andre Powell,Penn State,OLB,72.9,226,10.0,32.25,,,,,,,,
1992,William Price,Kansas State,SS,71.4,205,8.63,33.0,,4.74,13.0,37.5,116.0,4.26,,11.73
1992,Marlon Primous,Illinois,SS,75.0,224,9.5,32.13,,4.9,13.0,33.0,111.0,4.56,,12.34
1992,Anthony Prior,Washington State,CB,70.5,193,8.25,30.75,,4.62,16.0,34.0,118.0,4.23,,12.02
1992,Alfred Pupunu,Weber State (UT),TE,73.5,248,10.13,33.0,,5.05,23.0,32.5,115.0,4.47,,11.67
1992,John Ray,West Virginia,OG,79.4,353,9.25,35.38,,,,,,,,
1992,Terry Ray,Oklahoma,SS,73.0,192,9.25,32.88,,4.62,4.0,36.5,118.0,4.11,,11.48
1992,Bucky Richardson,Texas A&M,FB,73.1,225,9.25,30.38,,4.73,,29.5,109.0,,,
1992,Doug Rigby,Wyoming,DE,77.4,273,9.38,33.75,,5.29,13.0,26.0,111.0,4.45,,
1992,Ross Ritter,Azusa Pacific (CA),C,76.8,302,10.13,33.0,,5.57,15.0,21.5,91.0,4.88,,
1992,Ray Roberts,Virginia,OT,77.3,304,9.0,35.5,,5.26,19.0,24.5,108.0,4.99,,
1992,Tim Roberts,Southern Mississippi,DE,77.8,315,10.13,33.5,,5.6,21.0,23.0,94.0,4.8,,
1992,Eddie Robinson,Alabama State,OLB,73.3,239,9.13,33.0,,4.91,24.0,30.5,112.0,4.52,,12.31
1992,Frank Robinson,Boise State,CB,70.1,180,9.5,32.0,,4.73,14.0,32.5,115.0,4.18,,11.66
1992,Matt Rodgers,Iowa,QB,74.3,213,9.13,33.0,,4.98,,26.5,110.0,4.22,,
1992,George Rooks,Syracuse,DE,75.4,275,9.0,34.13,,5.25,,31.5,113.0,4.56,,
1992,Barry Rose,Wisconsin-Steven's Point,WR,70.4,183,9.5,30.13,,4.65,,28.5,112.0,4.18,,11.47
1992,Patrick Rowe,San Diego State,WR,72.9,191,8.13,32.75,,4.47,,36.5,119.0,4.1,,11.45
1992,Mazio Royster,Southern California,RB,72.1,202,9.75,32.63,,4.77,10.0,32.5,113.0,4.1,,11.69
1992,T.J. Rubley,Tulsa (OK),QB,74.6,199,8.75,32.75,,4.88,,27.0,,4.22,,
1992,Keith Rucker,Ohio Wesleyan,DT,75.4,348,9.5,34.63,,5.49,19.0,24.0,98.0,4.77,,
1992,Damien Russell,Virginia Tech,FS,72.4,199,10.0,32.38,,,,,,,,
1992,Dwayne Sabb,New Hampshire,OLB,76.3,248,10.75,34.25,,4.83,20.0,31.5,120.0,4.26,,11.49
1992,Tony Sacca,Penn State,QB,76.6,234,8.75,33.13,,4.86,,29.5,107.0,4.21,,
1992,Craig Sanderson,Alabama,WR,70.4,174,8.88,30.5,,,,,,,,
1992,Stacey Satterwhite,Oklahoma State,DT,77.4,279,9.0,33.0,,5.41,16.0,28.0,108.0,4.59,,
1992,Mike Saunders,Iowa,RB,71.0,206,8.88,30.25,,4.83,10.0,31.0,109.0,4.2,,11.66
1992,Randy Schneider,Indiana,OT,76.5,288,10.13,32.75,,5.77,20.0,22.5,91.0,4.99,,
1992,Kurt Schulz,Eastern Washington,CB,71.5,205,9.13,29.88,,4.59,21.0,33.5,117.0,4.06,,11.03
1992,Tracy Scroggins,Tulsa (OK),OLB,74.8,255,9.63,32.63,,4.67,18.0,36.5,120.0,4.36,,12.29
1992,Eric Seamon,Pittsburgh,TE,74.9,250,10.13,31.25,,5.48,16.0,24.0,102.0,4.7,,12.57
1992,Leon Searcy,Miami (FL),OG,75.3,296,9.5,34.5,,5.19,,25.0,112.0,4.5,,
1992,Mark Seay,Long Beach State (CA),WR,71.3,181,8.38,31.63,,4.57,,35.0,119.0,4.18,,11.49
1992,Rob Sesich,Texas-El Paso,C,74.5,317,10.0,32.25,,5.64,26.0,27.5,96.0,4.84,,
1992,Marcus Shipp,Missouri State,FS,74.1,191,9.25,34.0,,4.71,6.0,34.0,118.0,4.13,,11.27
1992,Paul Siever,Penn State,OG,76.9,291,9.88,32.5,,5.4,21.0,24.5,101.0,4.79,,
1992,Randy Simmons,Texas A&M,RB,72.5,228,8.63,31.13,,4.69,12.0,25.5,109.0,4.29,,12.06
1992,Tim Simpson,Illinois,OG,73.3,288,10.13,33.38,,5.47,28.0,25.5,99.0,4.47,,
1992,Kelly Sims,Cincinnati,CB,70.0,199,8.63,31.75,,4.68,18.0,31.5,117.0,4.04,,11.34
1992,Nate Singleton,Grambling State (LA),WR,71.4,189,8.75,31.25,,4.72,,31.5,114.0,4.29,,11.71
1992,Greg Skrepenak,Michigan,C,78.1,316,10.5,35.0,,5.51,16.0,26.0,106.0,5.1,,
1992,Torrance Small,Alcorn State (MS),WR,75.0,201,9.25,32.0,,4.61,,30.5,112.0,4.35,,11.48
1992,Billy Smith,Central Michigan,RB,69.9,203,10.0,30.75,,4.72,14.0,32.0,114.0,4.41,,11.47
1992,Carl Smith,Maine,RB,68.9,188,9.38,30.75,,4.66,7.0,34.0,123.0,4.32,,12.18
1992,Chuck Smith,Tennessee,DE,74.1,242,8.0,32.25,,4.85,15.0,30.0,110.0,,,
1992,Jimmy Smith,Jackson State (MS),WR,72.8,200,10.13,32.63,,4.58,,35.0,120.0,4.14,,11.29
1992,Kevin Smith,Texas A&M,CB,70.8,173,8.38,31.25,,4.49,10.0,37.5,126.0,4.13,,
1992,Kevin Smith,UCLA,TE,75.6,262,8.88,34.13,,4.79,21.0,32.0,113.0,4.44,,11.81
1992,Michael Smith,Kansas State,WR,68.8,156,8.75,30.63,,4.86,,30.0,109.0,4.26,,11.8
1992,Rico Smith,Colorado,WR,71.5,186,8.88,32.25,,4.35,,35.0,129.0,4.22,,11.54
1992,Rod Smith,Notre Dame,CB,71.0,187,8.88,30.5,,4.52,11.0,36.0,121.0,4.01,,10.76
1992,Terry Smith,Penn State,WR,68.1,160,8.88,29.5,,4.75,,34.0,113.0,4.0,,11.2
1992,Tony Smith,Notre Dame,WR,73.9,189,9.5,31.75,,,,,,,,
1992,Tony Smith,Southern Mississippi,RB,72.9,214,9.0,32.0,,4.64,,31.0,120.0,4.04,,11.63
1992,Carlos Snow,Ohio State,RB,67.3,204,9.0,29.75,,4.7,18.0,32.5,115.0,4.08,,11.49
1992,Omar Soto,Nebraska,FB,69.1,214,9.75,28.75,,4.82,21.0,32.0,115.0,4.2,,11.86
1992,Phillipi Sparks,Arizona State,CB,70.5,196,8.25,30.25,,,18.0,,,,,
1992,Alonzo Spellman,Ohio State,DE,76.4,280,10.63,36.88,,5.02,24.0,31.5,113.0,4.37,,
1992,Bob Spitulski,Central Florida,OLB,74.5,235,9.75,32.0,,4.74,23.0,33.5,118.0,4.36,,11.74
1992,Siran Stacy,Alabama,RB,71.3,203,9.38,32.25,,,,,,,,
1992,Joel Steed,Colorado,DT,74.0,281,8.38,31.5,,5.22,22.0,,97.0,,,
1992,Santo Stephens,Temple,OLB,75.8,228,10.25,32.75,,4.94,19.0,34.5,124.0,4.34,,12.54
1992,Robert Stewart,Alabama,DT,71.1,292,9.5,32.75,,4.99,31.0,31.0,109.0,4.9,,
1992,Lloyd Straughter,Jackson State (MS),OLB,75.5,235,8.88,34.25,,4.87,,26.5,111.0,4.49,,12.26
1992,Kenneth Stucker,Ball State (IN),K,69.4,157,,,,,,,,,,
1992,John Sullins,Alabama,ILB,72.6,237,10.0,30.25,,5.15,,27.0,106.0,,,
1992,Ed Sutter,Northwestern,ILB,75.0,234,9.63,31.75,,5.14,19.0,29.5,105.0,4.19,,11.91
1992,Charles Swann,Indiana State,WR,72.5,189,9.13,32.75,,4.55,,36.0,129.0,4.29,,11.15
1992,Ken Swilling,Georgia Tech,FS,74.1,243,9.63,32.63,,4.85,19.0,35.5,115.0,4.49,,
1992,Jeff Sydner,Hawaii,WR,66.4,171,9.0,29.5,,4.68,,33.0,115.0,3.85,,11.07
1992,Robert Taylor,Mississippi College,TE,74.5,279,9.38,33.0,,5.11,19.0,29.0,105.0,5.09,,13.06
1992,Lemonte Tellis,Georgia,OG,73.8,276,9.0,33.13,,5.26,22.0,27.5,98.0,4.7,,
1992,John Terry,Livingstone (NC),OG,75.1,287,10.0,34.5,,5.58,16.0,22.0,100.0,5.23,,
1992,Kevin Tetzlaff,South Dakota State,DE,75.6,256,,,,,,,,,,
1992,Larry Tharpe,Tennessee State,OT,76.9,299,10.63,36.0,,5.34,22.0,24.0,105.0,4.89,,
1992,Greg Thomas,Colorado,FS,73.4,223,8.75,32.63,,4.81,11.0,35.0,117.0,4.26,,11.72
1992,Mark Thomas,North Carolina State,DE,77.1,264,9.13,34.75,,5.07,17.0,29.0,111.0,4.43,,
1992,Mick Thomas,Arkansas,OLB,74.0,233,8.88,31.75,,5.0,,31.5,115.0,4.24,,12.05
1992,Robert Thomas,Carson-Newman (TN),RB,72.3,215,9.13,33.0,,4.69,9.0,34.0,118.0,4.3,,11.7
1992,Jeff Thomason,Oregon,TE,76.1,238,9.63,33.63,,4.93,15.0,32.0,111.0,4.41,,12.0
1992,Craig Thompson,North Carolina A&T,TE,74.0,244,9.38,32.25,,4.91,16.0,26.5,98.0,4.79,,12.34
1992,Cedric Tillman,Alcorn State (MS),WR,73.8,207,10.75,32.63,,4.81,,31.5,114.0,4.4,,12.0
1992,Brian Townsend,Michigan,OLB,75.3,235,9.0,33.0,,4.98,,30.0,110.0,4.2,,12.21
1992,Brian Treggs,California,WR,68.9,161,7.13,28.88,,4.56,,32.0,107.0,4.07,,11.0
1992,Clinton Tudors,Tennessee-Chattanooga,P,68.0,211,,,,,,,,,,
1992,Peter Tuipulotu,Brigham Young,RB,71.1,215,9.0,30.75,,,,,,,,
1992,Elbert Turner,Illinois,WR,71.4,165,8.63,31.88,,4.55,,36.0,123.0,3.98,,11.26
1992,Kevin Turner,Alabama,FB,72.3,224,9.63,31.38,,4.67,18.0,35.5,121.0,4.33,,12.09
1992,Nate Turner,Nebraska,RB,73.3,241,9.63,30.88,,4.63,,30.5,121.0,3.95,,11.21
1992,Tommy Vardell,Stanford,FB,73.3,238,9.25,31.13,,,,,,,,
1992,Matt Veatch,San Jose State,QB,75.6,207,9.13,31.63,,4.87,,30.5,109.0,4.34,,
1992,Kevin Verdugo,Colorado State,QB,74.6,211,9.25,31.13,,5.21,,23.5,97.0,4.53,,
1992,Kary Vincent,Texas A&M,CB,69.8,177,8.88,31.0,,4.53,1.0,36.5,120.0,4.28,,11.67
1992,Troy Vincent,Wisconsin,CB,72.3,191,9.13,32.88,,4.45,13.0,35.5,,,,
1992,Gregory Walker,Syracuse,CB,67.8,177,8.63,31.0,,4.79,4.0,35.5,115.0,4.16,,11.59
1992,Todd Walker,Indiana,TE,75.0,254,9.88,33.38,,4.99,14.0,28.5,100.0,4.62,,12.59
1992,Chris Walsh,Stanford,WR,72.3,187,8.25,29.63,,,,,,,,
1992,Derek Ware,Central Oklahoma,TE,74.3,245,9.5,32.0,,4.71,23.0,34.5,117.0,4.24,,
1992,Fred Washington,Mississippi Valley State,TE,75.3,243,9.0,34.75,,5.03,,,,,,
1992,Sharron Washington,Missouri,SS,70.5,200,7.63,31.25,,4.9,15.0,29.5,101.0,4.48,,12.14
1992,Jon Wauford,Miami (OH),OLB,74.3,245,9.38,32.88,,5.03,,27.5,106.0,,,
1992,Elnardo Webster,Rutgers,OLB,74.5,242,9.75,33.5,,5.06,13.0,30.0,103.0,4.34,,12.04
1992,Larry Webster,Maryland,DE,77.0,285,9.63,32.63,,5.18,23.0,31.5,109.0,4.75,,
1992,Chris Welch,Gardner-Webb (NC),TE,77.1,244,9.13,36.0,,5.14,12.0,28.5,107.0,4.79,,12.85
1992,Casey Weldon,Florida State,QB,72.6,200,9.5,31.0,,4.83,,32.5,102.0,4.06,,
1992,Ronnie West,Pittsburgh State (KS),WR,73.8,215,9.88,30.5,,4.74,,34.5,118.0,4.27,,11.93
1992,Leonard Wheeler,Troy (AL),CB,71.3,189,8.75,31.88,,4.59,21.0,37.0,122.0,,,
1992,Mark Wheeler,Texas A&M,DT,74.0,292,,,,,19.0,,,,,
1992,Reggie White,North Carolina A&T,DE,76.0,293,9.38,33.25,,5.26,18.0,24.0,102.0,4.64,,
1992,Bob Whitfield,Stanford,OT,77.5,295,9.13,34.75,,5.12,,29.5,113.0,4.44,,
1992,Curtis Whitley,Clemson,C,73.1,288,9.0,31.63,,5.18,32.0,29.5,101.0,4.63,,
1992,Wayne Wicka,Winona State (MN),DE,76.3,271,9.38,32.13,,5.2,21.0,30.0,111.0,4.39,,
1992,Corey Widmer,Montana State,ILB,74.8,277,9.63,31.63,,5.04,22.0,27.5,105.0,4.33,,
1992,David Wilkins,Eastern Kentucky,DE,76.3,238,9.25,33.0,,5.05,17.0,30.5,113.0,4.57,,
1992,Darryl Williams,Miami (FL),FS,72.5,191,9.25,31.13,,,12.0,33.0,,,,
1992,George Williams,Notre Dame,DT,74.1,319,9.5,33.38,,5.31,21.0,31.5,106.0,4.9,,
1992,Nate Williams,Mississippi State,DT,74.1,291,9.88,32.75,,5.44,21.0,27.5,106.0,4.76,,
1992,Tyrone Williams,Canada,WR,76.9,212,9.88,34.5,,4.75,,34.5,114.0,4.4,,12.12
1992,Klaus Wilmsmeyer,Louisville,P,73.5,213,,,,,,,,,,
1992,Bernard Wilson,Tennessee State,DT,74.4,295,10.0,34.5,,5.56,26.0,26.0,101.0,4.95,,
1992,Chris Wilson,Oklahoma,OLB,72.4,227,9.13,32.63,,,12.0,,,,,
1992,David Wilson,California,FS,70.4,201,8.5,31.75,,,11.0,37.0,,,,
1992,Brian Wise,Iowa,FS,73.1,225,8.88,31.13,,4.68,19.0,32.0,114.0,4.13,,11.21
1992,Joe Wood,Air Force,K,72.6,198,,,,,,,,,,
1992,Marcus Woods,Oregon,DT,73.1,274,9.63,32.88,,5.3,18.0,28.0,105.0,4.63,,
1992,Darren Woodson,Arizona State,SS,73.0,219,9.63,33.0,,4.53,19.0,37.5,128.0,4.28,,11.64
1992,Antoine Worthman,Illinois State,CB,69.9,187,8.13,30.0,,4.61,8.0,34.0,110.0,4.09,,11.41
1992,Bobby Wright,Wayne State (NE),RB,71.5,197,9.63,30.5,,4.67,6.0,,115.0,,,
1992,Michael Wright,Washington State,CB,72.6,188,9.13,30.0,,4.78,9.0,32.0,113.0,4.19,,11.66
1992,Reggie Yarbrough,Cal-State Fullerton,RB,72.5,215,8.88,31.63,,,15.0,,,,,
1991,Mel Agee,Illinois,DT,77.0,282,10.0,32.5,,5.28,14.0,31.5,105.0,4.55,,
1991,Zeno Alexander,Arizona,OLB,72.4,225,9.13,32.5,,4.8,15.0,32.5,113.0,4.27,,12.22
1991,Tony Alford,Colorado State,RB,70.0,207,9.88,31.0,,4.75,11.0,32.5,114.0,4.37,,11.54
1991,Greg Amsler,Tennessee,FB,74.3,236,10.0,30.0,,4.77,14.0,32.0,108.0,4.3,,11.82
1991,Leandre Anderson,Nebraska,DE,75.9,257,9.25,33.5,,4.86,17.0,33.5,110.0,4.52,,
1991,Mark Anken,Boston College,C,73.3,267,10.75,32.0,,5.32,26.0,26.5,103.0,4.66,,
1991,Charles Anthony,Nevada Las Vegas,FS,74.1,184,9.88,32.0,,4.63,13.0,36.0,118.0,,,
1991,Corwin Anthony,UCLA,TE,74.1,233,9.88,32.5,,4.96,12.0,33.0,117.0,4.76,,12.16
1991,Dennis Arey,San Diego State,WR,71.3,181,9.5,30.0,,4.64,,30.0,110.0,4.16,,11.54
1991,Mike Arthur,Texas A&M,C,75.1,271,9.75,32.0,,5.08,21.0,30.5,111.0,4.35,,
1991,Scott Asman,West Chester (PA),TE,74.9,249,9.5,32.5,,5.05,19.0,27.0,112.0,4.35,,11.87
1991,Randy Austin,UCLA,TE,74.5,245,9.5,31.5,,4.96,17.0,31.0,113.0,4.59,,12.46
1991,Tom Backes,Oklahoma,DE,76.0,273,9.5,31.25,,5.44,19.0,27.0,105.0,4.9,,
1991,Terry Bagsby,East Texas Baptist,OLB,72.5,236,9.88,33.0,,4.76,16.0,33.5,109.0,4.5,,11.81
1991,Robert Bailey,Miami (FL),CB,69.5,176,9.75,30.0,,4.53,16.0,33.5,115.0,4.09,,10.91
1991,Dave Baird,Lafayette (PA),WR,72.3,191,9.88,30.5,,4.77,,33.0,113.0,4.33,,11.65
1991,Al Baker,Kentucky,RB,71.0,223,9.25,30.0,,,22.0,,,,,
1991,Randy Baldwin,Mississippi,RB,70.6,216,9.5,29.5,,4.57,20.0,32.0,117.0,4.09,,11.57
1991,Terence Barber,Florida,WR,68.5,182,9.38,27.75,,4.78,,30.0,100.0,4.11,,11.58
1991,Tim Barnett,Jackson State (MS),WR,73.3,201,10.0,31.5,,4.59,,34.5,115.0,4.27,,11.87
1991,Reggie Barrett,Texas-El Paso,WR,74.6,215,10.63,32.5,,4.59,,37.0,123.0,4.16,,11.65
1991,Kip Beach,Indiana State,OT,76.8,299,10.0,34.0,,5.36,26.0,24.5,96.0,4.91,,
1991,Terry Beauford,Florida A&M,C,73.5,290,10.63,32.25,,5.33,31.0,24.5,90.0,4.94,,
1991,Darrell Beavers,Morehead State (KY),CB,74.3,228,9.38,33.0,,4.63,20.0,38.5,124.0,4.35,,11.5
1991,Charles Bell,Baylor,CB,70.0,182,8.75,31.0,,4.58,6.0,31.0,113.0,4.34,,11.62
1991,Nick Bell,Iowa,RB,74.3,252,10.63,33.0,,4.52,19.0,39.5,120.0,,,
1991,Grady Bennett,Montana,QB,74.0,209,9.63,31.5,,4.97,,29.5,106.0,4.49,,
1991,Mike Bernard,Syracuse,C,73.9,281,10.13,30.0,,5.27,22.0,26.5,96.0,4.52,,
1991,Eric Bieniemy,Colorado,RB,67.1,208,9.25,29.5,,4.5,19.0,36.0,109.0,,,
1991,Tom Bill,Penn State,QB,73.4,214,10.0,32.0,,5.08,,27.5,105.0,4.61,,
1991,Frank Blevins,Oklahoma,OLB,76.3,223,9.63,33.5,,4.96,,30.5,114.0,4.73,,12.03
1991,Harry Boatswain,New Haven (CT),OT,76.0,295,10.25,33.0,,5.17,25.0,26.5,110.0,4.55,,
1991,Tony Boles,Michigan,RB,72.8,196,8.88,32.0,,4.65,4.0,33.0,115.0,4.3,,
1991,Jerry Bouldin,Mississippi State,WR,71.4,191,9.88,30.5,,4.54,,34.0,118.0,4.01,,11.63
1991,Scott Bowles,North Texas,OT,76.3,282,10.0,32.5,,5.2,17.0,31.5,111.0,4.4,,
1991,Allan Boyko,Western Michigan,WR,71.4,178,9.63,31.0,,4.56,,33.5,115.0,4.08,,11.59
1991,Jack Bradford,Maryland,OLB,72.4,225,10.13,30.5,,4.84,21.0,34.0,116.0,4.3,,11.53
1991,James Bradley,Michigan State,WR,71.5,193,9.75,32.5,,4.56,,37.0,127.0,3.97,,11.14
1991,Romero Brice,Illinois,OLB,75.4,213,10.75,34.0,,4.87,11.0,31.5,111.0,4.3,,11.84
1991,Jeff Bridewell,UC-Davis,QB,75.9,214,9.25,32.0,,5.05,,27.5,106.0,4.58,,
1991,Gary Brown,Penn State,RB,70.1,220,9.25,30.0,,4.75,17.0,29.0,111.0,4.65,,
1991,Ivory Lee Brown,Arkansas-Pine Bluff,RB,73.6,243,9.63,32.5,,4.7,7.0,36.0,121.0,4.78,,
1991,Larry Brown,Texas Christian,CB,71.1,181,8.75,30.5,,4.63,15.0,30.0,114.0,4.34,,11.95
1991,Tim Brown,Georgia Southern,DE,74.0,268,9.25,32.0,,5.11,29.0,28.0,109.0,4.54,,
1991,Darrick Brownlow,Illinois,ILB,70.1,230,9.63,30.0,,4.82,,29.5,98.0,4.24,,11.97
1991,Joe Brunson,Tennessee-Chattanooga,DT,75.1,282,10.25,31.5,,5.05,23.0,24.5,95.0,,,
1991,Tim Bruton,Missouri,TE,75.0,252,10.0,32.0,,5.05,16.0,,,,,
1991,Blaise Bryant,Iowa State,RB,71.3,198,8.88,30.5,,4.63,16.0,31.0,111.0,,,
1991,Richard Buchanan,Northwestern,WR,70.3,175,8.5,30.5,,,,36.0,116.0,4.18,,11.49
1991,Jarrod Bunch,Michigan,FB,74.0,248,10.63,31.5,,4.63,29.0,30.5,117.0,4.36,,11.98
1991,Reggie Burnette,Houston,OLB,73.6,235,10.0,33.0,,4.9,15.0,29.5,113.0,4.4,,12.15
1991,Ricky Byrd,Mississippi State,C,73.1,278,10.13,32.0,,5.52,10.0,27.0,94.0,4.7,,
1991,Ivan Caesar,Boston College,OLB,73.4,237,9.88,33.0,,,19.0,,,,,
1991,Jesse Campbell,North Carolina State,SS,73.9,212,9.63,32.5,,,,,,,,
1991,Sheldon Canley,San Jose State,RB,68.1,195,9.25,28.5,,4.65,18.0,31.0,113.0,4.35,,11.88
1991,Rob Carpenter,Syracuse,WR,73.8,183,8.75,32.5,,4.62,,34.5,119.0,4.03,,11.49
1991,Wesley Carroll,Miami (FL),WR,72.1,176,9.5,30.0,,4.61,,33.0,121.0,4.06,,11.31
1991,Simmie Carter,Southern Mississippi,CB,71.0,178,9.38,30.5,,4.78,13.0,31.5,119.0,4.28,,11.57
1991,Keith Cash,Texas,TE,76.3,222,9.5,33.0,,4.74,,33.0,118.0,4.52,,12.24
1991,Kerry Cash,Texas,TE,76.0,247,9.5,33.0,,4.96,17.0,34.0,119.0,4.34,,12.06
1991,Al Chamblee,Virginia Tech,DE,72.3,235,10.0,32.5,,4.93,22.0,32.5,108.0,4.26,,12.63
1991,Clifford Champ,Southwestern Louisiana,OLB,73.0,237,9.75,31.0,,4.86,16.0,,,,,
1991,Terrill Chatman,Alabama,OT,75.0,330,9.13,32.0,,,16.0,,,,,
1991,Paul Cioffi,Montclaire State (NJ),DT,72.4,229,9.63,31.5,,4.92,18.0,32.0,111.0,4.36,,11.77
1991,Vince Clark,Ohio State,CB,71.8,189,9.0,30.5,,4.5,9.0,32.0,120.0,4.09,,10.97
1991,Ben Coates,Livingstone (NC),TE,76.5,243,10.0,35.0,,4.95,15.0,28.0,109.0,4.56,,12.56
1991,Paul Cochran,Ferris State (MI),OT,76.9,322,10.0,34.0,,5.48,23.0,25.5,94.0,5.13,,
1991,Chris Cochrane,Cornell (NY),QB,74.1,218,10.25,32.5,,5.03,,28.5,100.0,4.38,,
1991,Nigel Codrington,Rice (TX),WR,73.5,189,9.0,32.0,,4.52,,36.5,133.0,4.22,,11.16
1991,Linzy Collins,Missouri,WR,72.6,185,9.63,31.5,,4.7,,30.5,108.0,4.3,,11.52
1991,Harry Colon,Missouri,SS,71.1,203,10.0,30.5,,4.67,18.0,35.0,116.0,3.93,,11.47
1991,Gary Compton,East Texas Baptist,WR,73.6,193,10.0,30.0,,4.74,,30.0,113.0,4.18,,11.52
1991,Frank Conover,Syracuse,C,76.5,319,10.75,32.5,,,24.0,30.0,103.0,4.73,,
1991,Scott Conover,Purdue,OT,75.4,282,9.13,32.5,,5.23,19.0,31.0,108.0,4.87,,
1991,Adrian Cooper,Oklahoma,TE,76.5,253,9.63,33.0,,4.94,19.0,31.5,110.0,4.67,,12.69
1991,Reggie Cooper,Nebraska,SS,73.9,214,10.63,32.0,,4.84,15.0,32.5,120.0,4.58,,12.51
1991,Tony Covington,Virginia,CB,70.4,189,9.13,30.5,,4.6,11.0,32.0,110.0,4.3,,11.72
1991,Bryan Cox,Western Illinois,OLB,75.3,235,9.5,31.5,,5.0,9.0,27.5,112.0,4.47,,12.51
1991,Aaron Craver,Frenso State (CA),RB,71.5,214,10.0,30.0,,4.47,19.0,38.0,126.0,4.29,,11.8
1991,Terry Crews,Western Michigan,DE,74.0,237,10.5,32.0,,4.74,22.0,35.0,113.0,4.29,,11.89
1991,Luis Cristobal,Miami (FL),C,74.9,289,9.63,30.5,,5.2,28.0,26.0,102.0,4.51,,
1991,Mike Croel,Nebraska,OLB,74.5,231,8.75,32.5,,4.6,,36.5,121.0,4.22,,11.79
1991,Steve Cromer,Washington State,OG,75.6,281,9.75,32.0,,5.42,19.0,26.0,93.0,4.78,,
1991,Levoil Crump,Texas Christian,CB,74.3,216,9.63,34.0,,4.78,13.0,34.0,119.0,4.37,,11.97
1991,Shane Curry,Miami (FL),DT,75.6,259,10.5,32.0,,5.04,20.0,27.0,108.0,4.24,,
1991,Bob Dahl,Notre Dame,OG,76.6,267,10.25,33.0,,5.1,21.0,28.0,100.0,4.35,,
1991,David Daniels,Penn State,WR,72.9,192,8.25,31.5,,4.56,,33.0,115.0,4.22,,11.45
1991,Stacy Danley,Auburn,RB,74.4,218,10.25,31.0,,,12.0,,,,,
1991,Don Davey,Wisconsin,DE,76.1,269,9.75,31.0,,5.13,20.0,30.5,113.0,4.32,,
1991,Antone Davis,Tennessee,OT,76.5,327,10.38,32.0,,5.18,26.0,27.5,98.0,4.75,,
1991,Dexter Davis,Clemson,CB,69.0,175,9.25,30.0,,4.65,7.0,32.0,110.0,4.41,,11.7
1991,Harlan Davis,Tennessee,WR,71.3,193,9.5,31.5,,4.55,,31.0,110.0,4.18,,11.83
1991,Mike Davis,North Texas,DT,75.0,249,9.75,32.5,,4.75,24.0,33.0,122.0,4.49,,
1991,Lawrence Dawsey,Florida State,WR,72.4,192,9.38,31.0,,4.68,,33.5,114.0,4.31,,11.72
1991,Walter Dean,Grambling State (LA),FB,69.4,211,8.5,31.0,,,,,,,,
1991,Pat Decuir,Southwestern Louisiana,DE,77.6,288,10.5,34.0,,,13.0,22.5,89.0,,,
1991,Matthew Degennaro,Connecticut,QB,72.6,206,9.63,31.0,,4.95,,29.5,104.0,4.51,,
1991,Tony Delorenzo,New Mexico State,OT,74.8,283,9.5,31.0,,5.4,22.0,24.5,100.0,4.81,,
1991,Mike Dingle,South Carolina,RB,74.0,240,10.25,32.5,,4.85,,31.0,106.0,4.71,,12.61
1991,Dean Dingman,Michigan,OG,73.9,286,9.38,31.75,,5.46,34.0,23.5,93.0,4.68,,
1991,Tom Dohring,Michigan,OT,78.5,289,9.75,33.0,,5.69,11.0,19.5,87.0,4.73,,
1991,Mitch Donahue,Wyoming,OLB,74.3,254,10.0,32.5,,4.93,24.0,33.5,111.0,4.32,,
1991,Kevin Donnalley,North Carolina,C,77.0,290,11.0,33.5,,5.37,21.0,29.0,105.0,4.41,,
1991,Mark Drabczak,Minnesota,OT,76.0,277,9.5,33.0,,5.25,20.0,25.5,101.0,4.79,,
1991,Mike Dumas,Indiana,CB,70.6,178,9.25,29.5,,4.67,,34.5,118.0,4.24,,11.42
1991,Alvin Dunn,Washington State,CB,71.4,198,9.38,30.5,,4.7,6.0,31.0,113.0,4.33,,11.79
1991,Corey Edmond,North Carolina State,OLB,73.0,229,9.75,32.0,,5.03,21.0,31.5,114.0,4.41,,12.24
1991,Dixon Edwards,Michigan State,OLB,72.6,220,9.5,32.0,,,17.0,,,,,
1991,Tim Edwards,Delta State (MS),DT,73.9,270,10.0,32.0,,5.28,12.0,27.0,95.0,4.58,,
1991,Theron Ellis,West Virginia,OLB,72.6,245,9.63,32.0,,5.05,19.0,37.0,117.0,4.33,,13.04
1991,Bernard Ellison,Nevada Las Vegas,CB,72.4,192,9.38,31.5,,,,,,,,
1991,Dan Enos,Michigan State,QB,72.0,192,9.0,30.0,,4.81,,26.0,102.0,4.22,,
1991,Ricky Ervins,Southern California,RB,67.0,200,9.5,27.5,,4.53,20.0,27.5,108.0,4.41,,12.07
1991,Jerry Evans,Toledo,TE,76.1,255,9.63,32.0,,4.92,30.0,28.0,99.0,4.46,,12.07
1991,Scott Evans,Oklahoma,DE,74.9,261,9.5,29.5,,,20.0,31.0,106.0,,,
1991,Richard Fain,Florida,CB,70.4,183,9.88,30.5,,4.62,,34.0,113.0,4.06,,11.48
1991,David Fair,Mississippi State,RB,73.0,212,9.63,32.0,,4.64,17.0,32.0,120.0,4.14,,11.27
1991,Albert Fann,Cal State Northridge,RB,72.5,225,9.13,31.5,,4.8,16.0,30.0,110.0,4.51,,12.02
1991,Brett Favre,Southern Mississippi,QB,74.0,217,10.38,31.0,,,,,,,,
1991,Floyd Fields,Arizona State,SS,73.3,208,9.5,32.5,,4.7,17.0,37.0,125.0,4.24,,11.88
1991,Jeff Fields,Arizona State,DT,73.9,298,10.5,32.0,,5.14,22.0,30.5,110.0,4.56,,
1991,John Flannery,Syracuse,C,75.4,304,9.88,33.0,,5.0,22.0,30.0,113.0,4.4,,
1991,Fred Foggie,Minnesota,CB,71.8,189,8.63,32.0,,4.57,,35.5,117.0,4.26,,11.1
1991,Neal Fort,Brigham Young,OT,77.5,279,10.38,31.5,,5.28,11.0,23.5,102.0,4.88,,
1991,Sean Foster,Long Beach State (CA),WR,71.6,187,9.5,30.0,,4.75,,30.5,108.0,4.4,,12.07
1991,Greg Frey,Ohio State,QB,73.4,197,10.0,30.5,,5.07,,27.0,100.0,4.3,,
1991,Gene Fruge,Southern California,DT,75.6,275,10.0,34.0,,5.44,25.0,29.5,106.0,4.34,,
1991,Morris Gardner,Illinois,DT,73.9,254,9.38,32.5,,5.06,,30.5,107.0,4.47,,
1991,Joe Garten,Colorado,OG,74.3,286,9.5,31.5,,5.52,25.0,29.0,105.0,4.91,,
1991,Frank Giannetti,Penn State,DT,74.3,267,9.88,30.5,,5.12,29.0,27.5,98.0,4.5,,
1991,Don Gibson,Southern California,DT,74.4,268,9.88,31.0,,,19.0,,,,,
1991,Tre Giller,Southern Methodist (TX),OT,76.4,292,9.63,32.5,,5.32,22.0,25.0,93.0,4.84,,
1991,O'Neil Glenn,Maryland,OG,74.0,291,9.75,34.0,,4.97,,32.5,116.0,4.66,,
1991,Paul Glonek,Arizona,DT,76.1,275,10.0,33.0,,4.99,23.0,33.5,118.0,3.99,,
1991,Andrew Glover,Grambling State (LA),TE,78.4,222,9.88,34.0,,4.85,,32.0,116.0,4.27,,12.24
1991,Eddie Godfrey,Western Kentucky,CB,68.5,182,9.63,29.0,,4.62,16.0,33.5,117.0,4.42,,11.47
1991,James Goode,Oklahoma,OLB,74.0,246,9.38,33.5,,4.71,23.0,37.5,110.0,4.51,,11.89
1991,Brad Gossen,Washington State,QB,73.0,213,10.25,32.0,,5.27,,25.0,97.0,4.52,,
1991,Jeff Graham,Ohio State,WR,73.1,198,10.0,32.0,,4.62,,35.0,118.0,4.29,,11.62
1991,Chris Green,Illinois,CB,70.6,188,9.5,30.5,,4.65,18.0,30.5,101.0,4.14,,11.59
1991,Frank Griffin,Southern California,TE,75.4,232,9.63,31.5,,4.99,21.0,28.0,101.0,4.73,,12.69
1991,Howard Griffith,Illinois,FB,71.0,219,10.25,30.0,,4.73,19.0,35.5,120.0,4.28,,11.64
1991,Arthur Guess,Oklahoma,WR,71.4,189,9.5,31.0,,4.68,,32.0,115.0,4.31,,11.73
1991,David Gulledge,Jacksonville State (AL),QB,73.3,203,9.25,31.0,,,,32.0,116.0,,,
1991,Mark Gunn,Pittsburgh,DE,76.6,296,10.0,33.25,,5.17,16.0,30.5,108.0,4.59,,
1991,Rhett Hall,California,DE,74.5,258,10.25,34.0,,5.21,17.0,29.0,106.0,4.27,,
1991,Millard Hamilton,Clemson,WR,68.8,175,8.88,29.5,,4.59,,36.5,117.0,4.34,,11.59
1991,Spencer Hammond,Alabama,OLB,72.8,223,9.63,31.5,,,,,113.0,,,
1991,Vance Hammond,Clemson,DT,77.8,300,10.25,33.0,,5.36,25.0,28.5,101.0,4.88,,
1991,Merton Hanks,Iowa,FS,73.5,177,9.0,32.0,,4.77,,36.0,117.0,4.15,,11.51
1991,Phil Hansen,North Dakota State,DE,77.1,258,10.0,34.0,,4.87,17.0,33.0,107.0,4.25,,
1991,John Hardy,California,CB,69.6,166,9.38,29.0,,4.66,,35.5,118.0,4.09,,11.66
1991,Tony Hargain,Oregon,WR,72.0,196,9.88,31.0,,,,,,,,
1991,Pat Harlow,Southern California,OT,78.0,288,9.0,32.0,,5.37,22.0,25.5,99.0,4.55,,
1991,Andrew Harmon,Kent State (OH),DE,76.0,264,10.25,33.75,,4.81,25.0,34.0,125.0,4.16,,
1991,Alvin Harper,Tennessee,WR,75.0,206,9.75,33.0,,,,,,,,
1991,Ike Harris,South Carolina,C,75.3,272,10.13,31.5,,5.37,21.0,29.0,99.0,4.7,,
1991,Kevin Harris,Texas Southern,DE,76.8,240,10.38,34.0,,,,,,,,
1991,Nolan Harrison,Indiana,DT,77.0,289,11.0,33.5,,5.07,29.0,28.0,105.0,4.66,,
1991,Frank Hartley,Illinois,TE,74.3,268,10.63,33.0,,,28.0,,,,,
1991,Craig Hartsuyker,Southern California,OLB,74.8,224,10.0,30.5,,4.83,17.0,33.5,118.0,4.49,,12.12
1991,Mark Hayes,Arizona State,OT,77.6,290,9.5,32.0,,5.39,20.0,25.5,97.0,4.67,,
1991,Hayward Haynes,Florida State,OG,74.1,290,8.75,33.0,,,19.0,,,,,
1991,Manny Hazard,Houston,WR,68.3,176,8.88,30.5,,4.73,,31.0,109.0,4.17,,11.42
1991,Mike Heldt,Notre Dame,C,73.9,285,10.25,29.5,,5.25,22.0,24.0,94.0,4.6,,
1991,George Hemingway,Colorado,FB,72.0,232,9.5,31.0,,4.89,18.0,31.0,115.0,4.6,,
1991,Jerome Henderson,Clemson,CB,70.8,189,9.5,32.5,,4.47,12.0,32.5,115.0,4.14,,11.56
1991,Craig Hendrickson,Minnesota,OG,75.0,290,9.25,31.5,,5.55,17.0,27.0,100.0,5.0,,
1991,Dwight Herlong,Delta State (MS),OLB,73.0,207,9.75,31.5,,4.76,23.0,35.5,120.0,4.41,,11.75
1991,Hyland Hickson,Michigan State,RB,68.6,217,9.88,30.5,,4.74,17.0,32.0,115.0,4.25,,11.63
1991,Randal Hill,Miami (FL),WR,70.5,177,9.75,30.5,,4.39,,36.0,117.0,4.05,,10.98
1991,Tony Hill,Tennessee-Chattanooga,OLB,77.8,241,9.75,34.5,,4.85,,34.5,118.0,4.54,,12.12
1991,Martin Hochertz,Southern Illinois,DE,76.5,246,10.63,32.0,,4.89,18.0,32.0,115.0,4.45,,
1991,Donald Hollas,Rice (TX),QB,75.1,215,9.75,32.0,,4.93,,28.5,104.0,4.31,,
1991,Randy Holleran,Kentucky,OLB,71.6,240,9.5,30.0,,4.97,23.0,29.0,105.0,4.31,,12.0
1991,Marcus Hopkins,Southern California,SS,71.3,196,9.13,30.25,,4.58,18.0,29.5,106.0,4.2,,11.75
1991,Fernando Horn,Auburn,DE,76.6,277,9.5,32.0,,5.07,15.0,26.5,101.0,4.88,,
1991,Larry Horton,Texas A&M,CB,70.9,179,9.25,31.0,,4.64,4.0,37.5,116.0,4.01,,11.13
1991,Gerald Hudson,Oklahoma State,RB,68.3,198,9.25,28.0,,4.6,23.0,30.0,107.0,4.1,,11.41
1991,Malvin Hunter,Wisconsin,OLB,74.1,237,9.25,33.5,,5.02,15.0,32.0,110.0,4.43,,12.4
1991,Mike Iaquaniello,Michigan State,CB,75.8,202,10.38,32.0,,,,,,,,
1991,Eric Ihnat,Marshall (WV),TE,75.0,239,9.63,32.5,,5.01,20.0,30.5,110.0,4.53,,12.43
1991,Rick Isaiah,Toledo,WR,71.3,175,8.63,30.5,,4.66,,28.5,110.0,4.29,,11.7
1991,Al Jacevicius,Eastern Kentucky,C,76.6,328,10.5,32.5,,5.79,23.0,25.5,90.0,5.18,,
1991,Aaron Jackson,Arkansas,SS,71.3,213,9.25,31.0,,4.62,,35.5,119.0,,,
1991,Cedric Jackson,Texas Christian,RB,71.9,229,10.13,32.0,,4.68,25.0,31.5,115.0,4.3,,11.8
1991,Eupton Jackson,James Madison (VA),FS,72.6,215,9.25,32.0,,4.76,10.0,34.5,114.0,4.23,,11.79
1991,Rodney Jackson,Kentucky,TE,73.3,248,10.0,32.5,,,23.0,,,,,
1991,Steve Jackson,Purdue,CB,68.3,182,9.25,29.0,,,18.0,,,,,
1991,Doug Jacobs,Mississippi,DE,78.9,276,10.5,32.5,,5.19,4.0,27.5,99.0,4.6,,
1991,Tim James,Colorado,FS,73.0,207,10.0,30.5,,,18.0,,,,,
1991,Allen Jefferson,Michigan,RB,72.4,224,9.63,30.5,,4.74,9.0,28.5,111.0,,,
1991,Shawn Jefferson,Central Florida,WR,71.3,169,9.63,30.0,,4.53,,30.0,111.0,4.19,,11.72
1991,Carlos Jenkins,Michigan State,OLB,75.4,222,10.13,32.5,,4.64,18.0,37.5,126.0,4.49,,12.2
1991,Eric Jenkins,Missouri State,RB,70.6,218,9.25,30.0,,4.84,19.0,29.5,112.0,4.42,,11.74
1991,James Jenkins,Rutgers,TE,74.4,238,10.5,33.5,,,15.0,,,,,
1991,Pepper Jenkins,Long Beach State (CA),OLB,73.9,216,9.5,33.0,,4.78,16.0,32.5,113.0,4.38,,11.6
1991,Jason Jessup,Houston,C,74.9,290,9.75,33.0,,5.26,21.0,26.5,101.0,4.96,,
1991,Barry Johnson,Maryland,WR,74.8,200,9.75,31.0,,4.73,,33.0,112.0,,,
1991,Joe Johnson,North Carolina State,CB,68.3,186,9.25,30.0,,4.66,13.0,30.0,108.0,3.99,,11.8
1991,John Johnson,Clemson,OLB,75.3,225,9.0,32.0,,4.59,16.0,30.5,115.0,4.31,,11.65
1991,Reggie Johnson,Arizona,DE,74.0,239,9.63,31.5,,4.69,17.0,34.5,120.0,4.43,,
1991,Reggie Johnson,Florida State,TE,73.6,256,10.5,32.0,,4.73,19.0,34.5,117.0,,,
1991,Andre Jones,Notre Dame,OLB,74.9,213,11.13,33.0,,4.76,,28.0,110.0,4.24,,12.46
1991,Brian Jones,Texas,OLB,73.0,242,9.5,32.5,,4.81,16.0,30.5,114.0,4.45,,11.67
1991,Clarence Jones,Maryland,OG,77.5,286,9.0,32.25,,,,,,,,
1991,David Jones,Delaware State,TE,74.9,213,10.38,33.0,,4.57,,36.5,121.0,4.44,,12.39
1991,Greg Jones,West Virginia,QB,73.3,208,9.63,32.5,,4.98,,27.5,102.0,4.56,,
1991,Henry Jones,Illinois,CB,71.6,197,9.38,31.0,,4.48,16.0,31.0,114.0,4.01,,11.41
1991,James Jones,Northern Iowa,DT,73.4,299,9.75,32.5,,5.19,25.0,27.5,100.0,4.61,,
1991,Michael Jones,Missouri,OLB,73.1,218,10.25,33.0,,4.64,20.0,34.5,126.0,4.34,,11.42
1991,Mike Jones,North Carolina State,DE,75.0,274,10.38,33.0,,5.19,21.0,29.0,105.0,4.47,,
1991,Reginald Jones,Memphis,CB,72.6,198,9.25,31.0,,4.57,11.0,33.5,119.0,4.08,,11.34
1991,James Joseph,Auburn,FB,72.5,224,10.0,31.5,,,12.0,,,,,
1991,Paul Justin,Arizona State,QB,75.8,202,10.25,32.0,,5.04,,27.5,104.0,4.36,,
1991,Rich Kaufusi,Brigham Young,DT,75.3,257,9.88,32.0,,5.16,23.0,30.5,104.0,4.77,,
1991,Rocen Keeton,UCLA,OLB,74.4,239,9.5,32.0,,4.89,17.0,29.5,107.0,4.77,,12.78
1991,Mike Keim,Brigham Young,OT,79.0,271,9.75,32.0,,5.43,,29.0,100.0,4.81,,
1991,David Key,Michigan,CB,70.0,197,9.0,32.0,,4.62,15.0,35.5,124.0,4.02,,10.92
1991,Ed King,Auburn,OG,76.0,297,10.5,32.0,,5.38,24.0,27.0,97.0,4.6,,
1991,Joe King,Oklahoma State,SS,73.9,197,9.5,31.5,,4.54,11.0,34.0,119.0,3.99,,11.52
1991,Duane Kinnon,Syracuse,RB,72.8,230,10.13,32.0,,4.99,13.0,31.0,114.0,4.24,,11.97
1991,Dean Kirkland,Washington,OG,73.5,296,10.13,31.5,,5.48,28.0,27.5,102.0,4.83,,
1991,Kirk Kirkpatrick,Florida,TE,73.5,226,9.25,32.0,,4.86,,29.5,107.0,4.35,,12.09
1991,Scott Kowalkowski,Notre Dame,OLB,72.1,227,9.13,33.5,,4.91,,28.5,104.0,4.16,,11.52
1991,Nathan Laduke,Arizona State,CB,69.5,192,9.88,29.5,,4.83,19.0,35.0,117.0,4.11,,11.53
1991,Brad Lamb,Anderson (IN),WR,69.9,171,8.75,29.0,,4.71,,33.5,115.0,4.41,,12.0
1991,Tim Lance,Eastern Illinois,SS,71.8,202,9.13,30.5,,4.68,15.0,30.0,110.0,4.24,,11.45
1991,Jim Lavin,Georgia Tech,OG,75.5,282,10.25,31.0,,5.19,18.0,27.5,108.0,4.56,,
1991,Darren Lewis,Texas A&M,RB,70.1,219,9.13,29.5,,,11.0,,,,,
1991,Darryl Lewis,Arizona,CB,68.5,193,9.38,30.0,,4.63,17.0,32.5,118.0,4.13,,11.42
1991,Greg Lewis,Washington,RB,70.5,214,10.5,31.0,,4.61,15.0,39.0,116.0,,,
1991,Morris Lewis,Georgia,OLB,74.0,240,9.88,32.5,,,20.0,,,,,
1991,Tahaun Lewis,Nebraska,CB,70.3,175,9.75,30.0,,4.46,6.0,34.5,118.0,4.16,,11.55
1991,Robbie Lingerfelt,Wake Forest,OG,74.1,287,10.13,32.0,,,19.0,,,,,
1991,Ernie Logan,East Carolina (NC),DE,75.0,271,10.25,32.5,,5.02,,34.5,115.0,4.4,,
1991,Phil Logan,Kentucky,WR,73.8,189,9.63,31.5,,4.93,,32.0,115.0,4.32,,11.94
1991,Stacy Long,Clemson,OG,73.5,294,9.88,31.0,,5.21,24.0,27.0,102.0,4.76,,
1991,Sean Love,Penn State,OG,75.0,280,9.88,30.0,,5.35,30.0,22.5,91.0,4.81,,
1991,Todd Lyght,Notre Dame,CB,72.0,186,9.25,30.5,,4.54,15.0,35.5,123.0,,,
1991,Chad Martin,East Carolina (NC),C,75.0,274,9.38,32.0,,5.31,20.0,25.5,95.0,4.58,,
1991,Ricky Martin,Middle Tennessee State,RB,70.0,181,9.25,30.5,,4.52,13.0,34.0,116.0,4.22,,11.31
1991,Ralph Martini,San Jose State,QB,74.1,223,9.38,31.0,,5.17,,27.0,103.0,4.43,,
1991,Russell Maryland,Miami (FL),DT,72.9,274,9.38,31.5,,4.96,26.0,,,,,
1991,Curtis Mayfield,Oklahoma State,WR,71.8,174,9.63,32.5,,4.55,,41.0,122.0,4.23,,11.84
1991,Lyneil Mayo,San Jose State,OLB,71.8,230,10.25,31.5,,4.66,18.0,39.5,122.0,4.42,,11.99
1991,Damon Mays,Missouri,WR,68.8,166,9.63,30.5,,4.49,,34.5,117.0,4.25,,11.38
1991,Fred Mcafee,Mississippi College,RB,69.9,193,9.63,31.0,,4.6,18.0,37.0,122.0,4.13,,11.39
1991,Ed Mccaffrey,Stanford,WR,77.0,210,10.25,34.5,,4.69,,37.0,121.0,4.15,,11.24
1991,Keenan Mccardell,Nevada Las Vegas,WR,71.9,175,10.25,32.0,,4.56,,36.5,122.0,4.18,,11.46
1991,Matt Mccartin,Penn State,OLB,76.3,267,10.13,32.0,,5.29,18.0,24.0,94.0,4.7,,
1991,Dave Mccloughan,Colorado,CB,72.3,180,8.5,30.0,,4.56,9.0,34.0,114.0,3.98,,10.99
1991,Gary Mccummings,Syracuse,OG,74.1,270,10.25,31.0,,5.16,23.0,29.0,103.0,4.59,,
1991,Kanavis Mcghee,Colorado,DE,75.8,257,10.0,32.5,,4.82,,34.5,122.0,4.41,,12.59
1991,Bruce Mcgonnigal,Virginia,TE,76.3,229,9.88,31.5,,,,,,,,
1991,Lamar Mcgriggs,Western Illinois,FS,73.8,199,10.13,33.0,,4.81,9.0,34.0,118.0,4.17,,11.64
1991,Dan Mcgwire,San Diego State,QB,79.9,243,10.25,34.5,,5.1,,31.5,114.0,4.36,,
1991,Curtis Mcmanus,Purdue,WR,67.8,169,9.25,29.75,,4.54,,35.5,115.0,4.23,,11.44
1991,Charles Mcrae,Tennessee,OT,78.8,290,10.38,33.0,,5.2,19.0,31.0,115.0,4.65,,
1991,Darryl Milburn,Grambling State (LA),DE,74.9,255,9.38,32.5,,4.71,22.0,36.0,111.0,4.57,,
1991,Blake Miller,Louisiana State,C,73.4,281,10.25,32.0,,5.14,21.0,28.5,109.0,4.55,,
1991,Corey Miller,South Carolina,OLB,73.6,252,10.0,34.0,,,26.0,,,,,
1991,Scott Miller,Rutgers,DT,75.4,272,10.25,32.5,,5.06,21.0,28.0,110.0,4.44,,
1991,Scott Miller,UCLA,WR,70.0,179,9.13,30.5,,4.62,,31.5,113.0,4.33,,11.71
1991,Ernie Mills,Florida,WR,70.6,176,9.63,31.5,,4.46,,38.5,125.0,3.96,,10.83
1991,Charles Mincy,Washington,CB,72.0,189,9.5,31.0,,4.68,10.0,31.5,114.0,4.27,,11.95
1991,Ben Mitchell,Toledo,OT,74.9,317,10.0,32.0,,5.57,22.0,24.0,96.0,4.97,,
1991,Brian Mitchell,Brigham Young,CB,69.8,164,9.25,30.0,,4.58,,33.0,115.0,4.17,,11.49
1991,Herman Moore,Virginia,WR,75.5,205,9.75,34.5,,,,,,,,
1991,Mark Moore,Tennessee,DT,75.4,275,9.75,33.0,,,22.0,,,,,
1991,Patrick Moore,Cal Poly-SLO,DT,73.5,262,9.5,31.0,,5.21,28.0,25.0,94.0,4.62,,
1991,Reggie Moore,UCLA,WR,69.0,176,9.63,31.25,,4.72,,36.5,113.0,4.41,,11.7
1991,Shawn Moore,Virginia,QB,73.9,213,,,,,,,,,,
1991,Vincent Moore,Tennessee,WR,70.0,200,9.63,29.5,,,,,,,,
1991,Anthony Morgan,Tennessee,WR,72.4,195,9.13,32.5,,4.55,,31.5,116.0,4.29,,11.55
1991,Robert Morris,Cal Poly-SLO,DT,74.6,275,9.25,31.5,,,24.0,,,,,
1991,Anthony Moss,Florida State,OLB,75.6,233,9.5,32.0,,4.89,19.0,29.5,,4.32,,
1991,Eric Moten,Michigan State,OG,75.0,307,10.0,32.0,,5.15,25.0,26.5,100.0,4.61,,
1991,Mark Murray,Florida,DT,74.8,239,10.5,32.5,,5.05,17.0,30.0,105.0,4.43,,
1991,Bill Musgrave,Oregon,QB,74.3,200,9.5,31.5,,4.98,,30.5,106.0,4.27,,
1991,Godfrey Myles,Florida,ILB,73.3,240,9.5,32.0,,4.7,22.0,36.5,,,,
1991,Browning Nagle,Louisville,QB,74.3,231,10.0,30.0,,,,,,,,
1991,Glenn Neely,Florida,OT,75.6,287,9.88,32.0,,5.6,21.0,27.0,90.0,4.8,,
1991,Chip Nitowski,Duke,C,75.5,269,10.88,33.0,,5.52,16.0,20.5,94.0,4.85,,
1991,Mike Nord,Kentucky,C,78.9,294,9.63,33.0,,5.53,11.0,26.0,91.0,5.09,,
1991,Bobby Olive,Ohio State,WR,71.4,158,8.88,30.5,,4.66,,34.5,115.0,3.95,,11.11
1991,Tony Ollison,Arkansas,DT,75.8,270,10.25,32.0,,5.17,,33.0,110.0,4.46,,
1991,Anthony Owens,Tennessee State,WR,72.4,189,10.5,31.5,,,,,,,,
1991,Jeff Pahukoa,Washington,OG,74.4,298,9.25,31.0,,5.37,,25.0,89.0,4.9,,
1991,Quintin Parker,Illinois,SS,72.1,195,9.5,31.5,,4.72,15.0,31.0,109.0,4.23,,11.76
1991,Bernie Parmalee,Ball State (IN),RB,71.1,191,9.25,33.0,,4.8,11.0,28.5,119.0,4.23,,11.68
1991,Jeff Pearson,Michigan State,C,73.6,269,9.25,32.0,,5.37,21.0,29.0,104.0,4.57,,
1991,Kevin Pearson,Boston College,OLB,74.9,235,9.63,34.5,,4.85,23.0,30.5,115.0,4.3,,11.91
1991,Mark Peoples,Central Missouri,CB,68.1,187,9.25,30.0,,4.65,12.0,32.5,109.0,4.3,,11.88
1991,Claude Pettaway,Maine,CB,69.8,198,9.5,30.5,,4.65,18.0,34.0,112.0,4.24,,11.86
1991,Roman Phifer,UCLA,OLB,73.9,227,8.75,33.5,,4.71,19.0,36.5,120.0,4.31,,11.51
1991,Bruce Pickens,Nebraska,CB,69.8,193,9.75,31.0,,4.48,,34.5,127.0,4.12,,10.99
1991,Brady Pierce,Wisconsin,OT,77.9,291,10.0,33.0,,5.43,17.0,26.5,97.0,4.7,,
1991,Roland Poles,Tennessee,RB,72.3,248,10.38,31.5,,,,,,,,
1991,Rapier Porter,Arkansas-Pine Bluff,C,75.4,272,,,,5.04,26.0,28.0,102.0,4.84,,12.92
1991,Ernest Priester,Edinboro (PA),WR,68.4,188,8.75,30.5,,4.61,,32.5,111.0,4.33,,11.73
1991,Mike Pritchard,Colorado,WR,70.4,185,9.13,30.5,,4.48,,35.5,120.0,4.15,,11.73
1991,Kelvin Pritchett,Mississippi,DT,74.6,281,9.63,32.0,,5.06,30.0,30.0,106.0,4.55,,
1991,Dustin Quinton,Nevada Las Vegas,OT,76.8,304,9.38,33.0,,5.58,21.0,23.0,91.0,4.87,,
1991,Bill Ragans,Florida State,CB,74.8,208,9.63,31.5,,4.71,6.0,33.0,115.0,4.15,,11.16
1991,Eric Ramsey,Auburn,CB,71.1,189,9.0,31.0,,4.62,15.0,35.0,120.0,4.16,,11.55
1991,Dennis Ransom,Texas A&M,TE,75.3,248,9.88,32.5,,5.08,14.0,30.5,111.0,4.56,,12.2
1991,Amir Rasul,Florida A&M,RB,71.1,191,9.63,30.5,,4.57,23.0,33.0,118.0,4.28,,12.04
1991,Billy Ray,Duke,QB,74.3,199,9.75,31.5,,4.96,,34.5,118.0,4.38,,
1991,Jimmy Raye,San Diego State,WR,68.0,153,8.63,28.5,,4.81,,31.5,111.0,4.15,,11.21
1991,Jake Reed,Grambling State (LA),WR,74.9,215,10.0,33.0,,4.62,,35.5,122.0,4.38,,11.46
1991,Stanley Richard,Texas,FS,73.4,199,9.75,35.0,,4.49,9.0,37.0,122.0,4.2,,11.49
1991,Curvin Richards,Pittsburgh,RB,69.1,200,10.25,29.0,,,,,,,,
1991,Huey Richardson,Florida,DE,76.1,238,10.0,33.0,,4.84,11.0,33.0,113.0,4.13,,
1991,Travis Richardson,Washington,DT,74.3,247,11.5,33.5,,5.06,17.0,31.5,115.0,4.38,,
1991,Louis Riddick,Pittsburgh,SS,73.9,216,9.63,32.0,,4.72,17.0,32.5,124.0,4.09,,11.27
1991,Mike Riley,Tulane (LA),CB,70.8,174,10.0,30.0,,,8.0,,,,,
1991,Erik Ringoen,Hofstra (NY),OLB,74.4,236,9.0,32.0,,4.86,20.0,32.0,114.0,4.25,,11.85
1991,Reggie Rivers,Texas State,RB,73.4,211,10.13,31.0,,4.71,17.0,33.5,117.0,4.32,,11.62
1991,Marcus Robertson,Iowa State,CB,71.3,197,9.13,30.0,,,12.0,,,,,
1991,David Rocker,Auburn,DT,75.3,265,10.5,34.0,,5.11,21.0,,,,,
1991,Jason Rockhold,Texas A&M,C,78.3,304,9.5,31.5,,5.52,,22.0,89.0,4.74,,
1991,Lamar Rogers,Auburn,DT,75.4,289,10.5,33.0,,,21.0,,,,,
1991,Joe Ross,Georgia Southern,RB,72.0,207,9.75,32.5,,4.7,15.0,,,,,
1991,Scott Ross,Southern California,ILB,73.0,234,9.0,30.5,,4.96,22.0,29.0,107.0,4.39,,12.2
1991,Derek Russell,Arkansas,WR,72.3,179,9.25,31.0,,4.59,,,,,,
1991,Lamonde Russell,Alabama,TE,72.1,207,10.13,31.5,,4.6,,36.0,121.0,3.99,,11.4
1991,Leonard Russell,Arizona State,RB,73.8,237,9.88,31.0,,4.78,20.0,33.0,112.0,4.36,,12.2
1991,Tim Ryan,Notre Dame,C,74.0,277,9.38,30.5,,5.18,25.0,28.5,102.0,4.49,,
1991,Chris Samuels,Texas,RB,70.0,206,9.38,30.5,,4.7,12.0,30.5,116.0,4.3,,11.74
1991,Chris San Agustin,Augustana (SD),RB,68.1,211,9.13,29.0,,4.69,23.0,33.5,101.0,4.42,,12.24
1991,Mike Sanfratello,Northern Arizona,DE,75.6,258,9.38,34.0,,5.39,11.0,30.5,107.0,4.72,,
1991,Tony Satter,North Dakota State,RB,70.6,207,9.0,29.5,,4.81,12.0,27.0,104.0,4.23,,11.85
1991,Todd Scott,Southwestern Louisiana,CB,70.4,204,9.63,31.0,,4.65,14.0,33.0,115.0,4.02,,11.41
1991,Richard Segina,Rice (TX),OT,74.9,278,10.5,31.5,,5.38,18.0,26.0,98.0,4.63,,
1991,Rob Selby,Auburn,OG,75.9,291,9.5,31.0,,5.3,34.0,28.5,106.0,4.41,,
1991,Ron Shipley,New Mexico,OT,75.3,298,10.63,32.0,,5.45,19.0,26.0,90.0,4.7,,
1991,Darin Shoulders,Tulane (LA),OT,74.8,278,10.25,33.0,,5.37,,25.0,94.0,5.06,,
1991,Malcolm Showell,Delaware State,DE,77.0,263,9.75,33.5,,4.94,10.0,30.0,111.0,4.57,,
1991,Clarence Siler,Cal-State Fullerton,OLB,74.5,243,10.13,33.0,,4.89,18.0,26.0,103.0,,,
1991,Joe Sims,Nebraska,DT,75.4,294,9.75,33.0,,5.07,19.0,30.0,103.0,4.56,,
1991,Turnell Sims,Syracuse,C,74.8,289,10.5,33.0,,5.31,23.0,27.0,94.0,4.67,,
1991,Michael Sinclair,Eastern New Mexico,DT,75.5,244,9.75,33.0,,4.95,22.0,32.0,114.0,4.21,,
1991,Bobby Slaughter,Louisiana Tech,WR,71.0,170,9.75,30.5,,4.67,,33.5,113.0,4.32,,11.77
1991,Chris Smith,Brigham Young,TE,75.8,236,9.75,31.5,,5.06,,26.5,101.0,4.34,,11.95
1991,Deron Smith,Tulane (LA),QB,76.1,216,9.63,32.5,,4.69,,33.0,116.0,4.31,,
1991,James Smith,Richmond (VA),CB,73.6,197,9.5,31.0,,4.62,12.0,35.0,119.0,4.13,,11.03
1991,Kevin Smith,Rhode Island,CB,70.4,194,9.0,30.0,,4.79,5.0,34.5,112.0,4.09,,11.58
1991,Roland Smith,Miami (FL),CB,68.3,181,9.13,29.5,,4.7,8.0,32.5,115.0,4.26,,11.35
1991,Ariel Solomon,Colorado,OT,76.6,273,10.38,33.0,,5.49,21.0,26.5,99.0,4.59,,
1991,Jimmy Spencer,Florida,CB,69.6,180,8.38,29.0,,4.48,9.0,40.5,120.0,4.09,,11.09
1991,Pat Stant,Tulane (LA),OLB,75.9,227,10.88,33.0,,4.84,,31.0,112.0,4.17,,12.19
1991,Bob Stephens,Brigham Young,OT,74.5,280,9.63,31.0,,5.49,20.0,26.5,100.0,4.9,,
1991,Tony Stewart,Iowa,RB,72.1,199,9.13,31.0,,4.72,15.0,36.0,122.0,4.03,,11.02
1991,Michael Stonebreaker,Notre Dame,OLB,71.9,226,10.25,30.5,,4.87,27.0,28.5,101.0,4.52,,12.11
1991,Nick Subis,San Diego State,OT,76.5,278,10.63,34.0,,5.24,21.0,28.0,106.0,,,
1991,Mike Sullivan,Miami (FL),OT,75.4,278,9.38,34.5,,,16.0,27.0,95.0,,,
1991,Mike Sunvold,Minnesota,DT,75.3,265,9.75,30.0,,5.09,22.0,26.0,108.0,4.41,,
1991,Eric Swann,North Carolina State,DE,75.8,311,10.5,34.0,,5.06,23.0,29.5,106.0,4.81,,
1991,Matt Swinson,Maine,TE,76.4,241,9.75,33.5,,,,,106.0,,,
1991,Lionel Sykes,Pittsburgh,TE,74.9,253,9.75,31.5,,5.11,12.0,28.0,102.0,4.49,,13.2
1991,Greg Taylor,Auburn,WR,67.6,163,9.25,28.5,,4.66,,32.5,113.0,4.29,,11.35
1991,Yancey Thigpen,Winston-Salem State (NC),WR,72.4,207,10.38,32.0,,4.6,,38.5,122.0,4.37,,11.8
1991,Doug Thomas,Clemson,WR,69.6,177,9.38,28.0,,4.45,,31.0,114.0,4.21,,11.47
1991,Eddie Thomas,San Jose State,CB,68.0,174,9.25,29.0,,4.62,14.0,31.5,113.0,4.27,,11.88
1991,Efrum Thomas,Alabama,CB,71.4,186,10.0,31.0,,4.7,8.0,30.5,111.0,4.31,,11.7
1991,Franklin Thomas,Grambling State (LA),TE,74.9,262,10.13,32.5,,5.02,19.0,31.0,106.0,4.77,,12.64
1991,Stan Thomas,Texas,OT,77.0,302,9.5,33.5,,5.26,20.0,26.5,100.0,4.7,,
1991,William Thomas,Texas A&M,OLB,74.5,207,10.5,32.5,,4.84,,33.5,115.0,4.03,,11.76
1991,Willie Thomas,Penn State,CB,69.1,180,9.25,28.5,,4.66,13.0,31.0,109.0,4.34,,11.55
1991,Chris Thome,Minnesota,C,76.0,285,10.13,31.5,,5.27,20.0,30.0,105.0,4.33,,
1991,Ernie Thompson,Indiana,FB,71.5,238,10.13,32.0,,4.71,17.0,32.0,112.0,4.45,,12.69
1991,Leroy Thompson,Penn State,RB,69.9,210,9.5,30.0,,4.6,13.0,32.5,112.0,4.13,,11.7
1991,George Thornton,Alabama,DT,75.0,301,10.25,33.0,,,18.0,,,,,
1991,John Thornton,Cincinnati,DT,74.8,303,9.25,34.0,,5.37,29.0,24.0,99.0,4.86,,
1991,Keith Traylor,Central Oklahoma,DT,74.3,260,9.25,33.0,,4.81,17.0,36.0,117.0,4.61,,12.28
1991,Mike Trevathan,Montana,WR,71.9,194,8.88,30.5,,4.79,,30.0,114.0,4.35,,11.67
1991,Darrin Trieb,Purdue,ILB,73.1,228,9.38,30.5,,4.88,22.0,31.5,111.0,4.41,,11.94
1991,Esera Tuaolo,Oregon State,DT,74.3,280,9.88,32.5,,5.06,21.0,29.5,105.0,4.52,,
1991,Mark Tucker,Southern California,OG,74.4,279,10.38,33.0,,5.17,28.0,29.0,102.0,4.77,,
1991,Jono Tunney,Stanford,OLB,73.0,235,10.13,30.5,,4.84,32.0,32.5,110.0,4.2,,11.74
1991,Eric Turner,UCLA,FS,72.9,206,9.75,31.0,,4.51,20.0,36.5,124.0,4.37,,
1991,Rob Turner,Indiana,WR,69.8,194,10.0,30.5,,4.81,,32.5,111.0,4.28,,11.76
1991,Pat Tyrance,Nebraska,ILB,73.4,240,9.63,32.0,,4.89,24.0,31.5,117.0,4.37,,12.07
1991,Leonard Valentine,Nicholls State (LA),QB,72.0,231,10.63,31.5,,,,,,,,
1991,Joe Valerio,Pennsylvania,OT,76.6,293,11.0,32.0,,5.18,22.0,28.5,109.0,4.49,,
1991,Travis Vallin,Nebraska-Kearney,WR,73.0,187,9.13,31.5,,4.64,,35.5,121.0,4.09,,10.89
1991,Kerry Valrie,Southern Mississippi,CB,69.6,186,9.75,29.5,,4.72,16.0,30.5,108.0,4.21,,11.45
1991,Mark Vanderpoel,Colorado,OT,78.9,303,9.38,33.5,,5.43,23.0,27.0,96.0,4.77,,
1991,Jon Vaughn,Michigan,RB,69.4,203,9.63,30.5,,,,,,,,
1991,Shawn Vincent,Akron,CB,69.1,171,8.75,29.5,,4.67,12.0,34.0,114.0,4.22,,11.5
1991,Fernandus Vinson,North Carolina State,FS,70.8,197,10.0,31.0,,4.73,7.0,33.0,110.0,4.31,,11.59
1991,Frank Wainright,Northern Colorado,TE,74.6,242,10.0,32.5,,4.85,22.0,31.5,112.0,4.3,,11.88
1991,Johnny Walker,Texas,WR,71.6,188,9.88,31.5,,4.73,,33.0,118.0,4.21,,11.42
1991,Kenny Walker,Nebraska,DE,74.9,246,10.0,32.5,,4.89,18.0,31.5,115.0,4.29,,
1991,Sammy Walker,Texas Tech,CB,70.5,192,9.5,31.5,,4.45,8.0,33.0,121.0,4.14,,11.06
1991,Anthony Wallace,California,RB,71.9,191,9.13,32.5,,4.52,9.0,32.5,121.0,4.31,,11.46
1991,Dennis Wallace,Auburn,CB,73.4,205,8.75,32.0,,5.0,12.0,32.5,113.0,4.34,,12.38
1991,Jason Wallace,Virginia,CB,68.9,167,8.75,30.0,,4.69,3.0,35.0,123.0,4.09,,11.34
1991,Ted Washington,Louisville,DT,76.3,303,11.0,34.5,,,16.0,,,,,
1991,Slip Watkins,Louisiana State,WR,68.6,176,9.0,29.5,,4.44,,34.0,118.0,4.37,,11.28
1991,Ricky Watters,Notre Dame,RB,73.0,212,9.13,31.5,,4.71,18.0,34.5,111.0,4.41,,11.59
1991,Shawn Wax,Illinois,WR,75.9,183,9.63,32.5,,,,,,,,
1991,Chuck Weatherspoon,Houston,RB,67.5,229,9.13,28.5,,4.84,19.0,28.0,100.0,4.33,,12.31
1991,Chuck Webb,Tennessee,RB,69.4,209,9.63,29.0,,,,,,,,
1991,Mike Welch,Baylor,CB,73.9,202,9.25,31.0,,,9.0,,,,,
1991,Gary Wellman,Southern California,WR,68.4,173,9.0,28.0,,4.56,,31.0,110.0,4.34,,11.54
1991,J.J. Wierenga,Central Michigan,DE,75.0,271,10.38,33.0,,5.3,20.0,30.5,101.0,4.53,,
1991,John Wiley,Auburn,CB,71.5,190,9.63,30.0,,4.66,,31.0,113.0,4.09,,11.68
1991,Aeneas Williams,Southern (LA),CB,70.0,187,8.88,30.5,,4.57,12.0,32.0,111.0,4.3,,11.84
1991,Alfred Williams,Colorado,DE,78.0,237,10.0,31.25,,4.88,,33.0,118.0,4.31,,12.45
1991,Erik Williams,Central State (OH),OT,77.0,304,10.63,32.0,,5.5,25.0,21.5,96.0,4.9,,
1991,Gene Williams,Iowa State,C,73.8,308,9.63,31.5,,5.49,15.0,26.0,93.0,4.88,,
1991,Gerald Williams,South Carolina,RB,71.5,219,9.0,32.0,,4.74,,29.5,110.0,,,
1991,Harvey Williams,Louisiana State,RB,73.6,215,9.38,30.0,,,,,,,,
1991,Bobby Wilson,Michigan State,DT,73.9,276,11.0,32.0,,5.12,22.0,,,,,
1991,Robert Wilson,Texas A&M,FB,71.6,240,9.5,31.0,,4.98,18.0,27.5,103.0,,,
1991,Calvin Windom,Louisiana State,RB,70.0,212,9.5,29.5,,4.75,22.0,31.5,112.0,4.25,,11.69
1991,Dean Witkowski,North Dakota,OLB,73.8,238,10.5,32.5,,4.9,20.0,32.0,114.0,4.21,,11.61
1991,Darryl Wren,Pittsburgh State (KS),CB,71.8,186,8.75,31.0,,4.44,10.0,35.0,115.0,4.2,,11.88
1991,Eric Wright,Stephen F. Austin (TX),WR,71.8,197,9.5,31.0,,4.71,,28.0,105.0,4.39,,12.1
1991,Willie Wright,Wyoming,OLB,75.3,243,9.88,32.0,,4.81,16.0,33.5,115.0,4.47,,11.88
1991,Charlie Young,Stanford,RB,72.4,197,9.75,31.0,,4.58,20.0,32.5,114.0,4.3,,11.49
1991,Duane Young,Michigan State,TE,73.0,296,10.25,33.0,,5.37,18.0,24.5,99.0,4.88,,
1991,Robert Young,Mississippi State,DE,78.5,267,9.38,31.5,,5.01,15.0,,,,,
1991,Lance Zeno,UCLA,C,75.8,272,9.88,30.5,,,30.0,,,,,
1991,Scott Zolak,Maryland,QB,77.0,222,10.5,32.5,,5.01,,30.5,105.0,4.4,,
1991,Chris Zorich,Notre Dame,DT,71.9,267,10.88,30.5,,,29.0,,,,,
1990,Orlando Adams,Jacksonville State (AL),DT,72.6,303,10.0,32.38,,5.19,20.0,23.0,88.0,5.06,,
1990,Ray Agnew,North Carolina State,DT,75.0,281,10.63,31.63,,,21.0,,,,,
1990,Jeff Alm,Notre Dame,DE,77.1,260,9.0,32.88,,4.97,19.0,28.0,111.0,4.45,,
1990,Bill Anderson,Iowa,OG,75.0,267,9.63,31.25,,5.24,26.0,28.0,105.0,4.22,,
1990,Jesse Anderson,Mississippi State,TE,73.8,243,9.5,33.38,,4.59,17.0,35.0,118.0,4.2,,11.42
1990,Robert Andrews,Eastern Kentucky,CB,71.1,189,9.38,31.38,,4.66,10.0,33.5,115.0,4.21,,11.63
1990,Terry Anthony,Florida State,WR,72.0,199,9.5,30.75,,4.85,,29.5,114.0,4.19,,11.45
1990,Charles Arbuckle,UCLA,TE,74.0,241,10.0,32.5,,4.73,18.0,31.0,115.0,4.32,,12.05
1990,Johnny Bailey,Texas A&M-Kingsville,RB,67.6,176,9.0,27.13,,4.6,,,108.0,,,
1990,Fred Barnett,Arizona State,WR,72.5,203,9.88,29.63,,4.44,,40.5,129.0,4.36,,11.83
1990,Harlon Barnett,Michigan State,SS,70.8,195,8.88,30.88,,4.55,17.0,33.0,119.0,4.19,,10.99
1990,Oliver Barnett,Kentucky,DT,74.9,284,9.5,32.75,,4.95,27.0,32.0,111.0,4.5,,
1990,Steve Bates,James Madison (VA),OLB,75.9,249,9.63,33.5,,5.05,13.0,29.5,108.0,4.52,,
1990,Kirk Baumgartner,Wisconsin-Steven's Point,QB,74.8,203,8.75,31.38,,5.2,,23.0,100.0,4.64,,
1990,Frank Baur,Lafayette (PA),QB,75.1,220,10.75,32.0,,4.97,,26.0,106.0,4.36,,
1990,David Bavaro,Syracuse,OLB,72.1,231,9.5,29.5,,5.03,14.0,31.5,107.0,4.11,,11.95
1990,Scott Beavers,Georgia Tech,OT,75.9,275,9.5,31.0,,4.99,14.0,31.0,110.0,4.58,,
1990,Ian Beckles,Indiana,OG,73.0,296,9.5,31.5,,5.23,26.0,26.5,99.0,4.81,,
1990,Blake Bednarz,Syracuse,C,74.6,314,9.75,31.5,,5.61,32.0,25.0,96.0,4.79,,
1990,Richard Bell,Nebraska,WR,72.0,196,9.38,31.25,,4.66,,30.5,112.0,4.27,,11.68
1990,Mike Bellamy,Illinois,WR,72.6,196,9.38,28.5,,4.52,,31.5,116.0,4.23,,11.83
1990,Tony Bennett,Mississippi,DE,73.5,232,9.75,32.75,,4.74,,36.0,122.0,4.04,,11.46
1990,Latin Berry,Oregon,RB,69.6,196,9.25,31.25,,4.45,20.0,40.0,131.0,4.02,,10.96
1990,Mike Bitterman,Maine,TE,77.6,253,9.5,32.75,,,15.0,,,,,
1990,Robert Blackmon,Baylor,SS,71.3,198,9.38,29.0,,4.59,12.0,33.5,119.0,4.27,,12.08
1990,Randy Bohler,Eastern Kentucky,WR,70.0,190,9.0,30.0,,4.7,,35.0,115.0,4.23,,
1990,Ned Bolcar,Notre Dame,ILB,73.0,231,9.88,30.38,,4.9,,28.0,104.0,4.58,,12.06
1990,Shawn Bouwens,Wayne State (NE),OT,76.4,279,9.38,31.25,,5.08,20.0,30.0,105.0,4.51,,
1990,Greg Boysaw,Illinois,SS,73.0,211,7.88,32.0,,4.64,15.0,28.5,110.0,4.03,,11.32
1990,Robert Brady,Villanova,WR,71.9,193,8.63,28.38,,,,,,,,
1990,John Brandom,Arizona,OG,74.9,270,10.13,29.75,,5.48,,27.0,97.0,4.77,,
1990,Michael Brennan,Notre Dame,OT,76.9,267,10.75,32.0,,5.27,12.0,24.5,99.0,4.44,,
1990,Bern Brostek,Washington,C,74.6,300,9.38,32.0,,5.34,25.0,28.5,99.0,4.87,,
1990,Steve Broussard,Washington State,RB,66.3,201,8.0,28.0,,4.45,15.0,31.0,110.0,4.29,,11.47
1990,Dean Brown,Notre Dame,OT,74.6,298,9.5,31.0,,5.28,20.0,29.0,106.0,4.79,,
1990,Dennis Brown,Washington,DT,75.5,308,9.25,34.0,,5.02,22.0,24.5,99.0,4.75,,
1990,Roger Brown,Virginia Tech,CB,70.8,192,9.25,29.38,,4.6,11.0,30.5,112.0,4.21,,11.49
1990,Roy Brown,Virginia,C,76.3,267,10.88,30.5,,,20.0,,,,,
1990,David Browndyke,Louisiana State,K,73.1,183,,,,,,,,,,
1990,Dan Bucey,Syracuse,OLB,74.4,236,9.75,30.5,,5.21,17.0,27.0,101.0,4.22,,12.33
1990,Mike Buck,Maine,QB,74.6,218,9.88,30.63,,5.04,,25.0,103.0,4.33,,
1990,Vince Buck,Central State (OH),CB,72.5,195,10.25,31.25,,4.79,10.0,30.0,108.0,4.26,,11.65
1990,Rob Burnett,Syracuse,DT,75.5,271,9.0,31.5,,4.99,20.0,30.0,108.0,4.53,,
1990,Webbie Burnett,Western Kentucky,DT,74.3,277,9.25,31.38,,5.14,23.0,27.5,105.0,4.81,,
1990,Mike Busch,Iowa State,TE,76.1,249,10.0,33.13,,5.22,11.0,28.5,103.0,4.4,,12.06
1990,Leroy Butler,Florida State,CB,71.0,193,9.25,29.38,,4.56,9.0,32.0,114.0,4.29,,11.84
1990,Dean Caliguire,Pittsburgh,C,74.0,282,10.13,31.5,,,23.0,,,,,
1990,Chris Calloway,Michigan,WR,69.9,181,9.5,29.88,,4.69,,32.5,114.0,,,
1990,Mark Carr,New Hampshire,QB,76.9,225,10.0,32.88,,5.07,,27.5,101.0,4.39,,
1990,Dexter Carter,Florida State,RB,68.6,168,8.25,28.63,,4.48,3.0,34.5,116.0,3.99,,11.11
1990,Larry Centers,Stephen F. Austin (TX),RB,70.8,203,10.63,29.88,,,8.0,,106.0,,,
1990,Pat Chaffey,Oregon State,FB,73.0,218,8.75,30.0,,4.84,12.0,29.5,110.0,4.18,,11.6
1990,Marcus Cherry,Boston College,WR,69.6,183,8.25,30.0,,4.72,,28.5,108.0,4.35,,11.84
1990,Bernard Clark,Miami (FL),OLB,73.4,250,8.75,32.38,,4.99,16.0,29.5,102.0,4.5,,12.38
1990,Dave Clark,Dartmouth (NH),FB,72.4,206,9.0,29.75,,4.69,26.0,32.5,118.0,4.4,,12.34
1990,Ken Clark,Nebraska,RB,69.1,203,8.5,30.0,,4.66,10.0,34.0,111.0,4.27,,
1990,Randy Cockrell,Virginia Tech,OLB,72.4,232,9.88,30.13,,4.96,14.0,29.0,111.0,4.5,,11.93
1990,Andre Collins,Penn State,OLB,73.5,224,10.38,31.38,,4.76,,34.5,116.0,4.33,,11.27
1990,Keith Collins,Appalachian State (NC),CB,71.5,183,9.63,31.0,,4.58,11.0,33.5,118.0,4.3,,11.84
1990,Dave Colonna,Duke,TE,76.1,236,9.88,31.5,,5.0,24.0,31.5,106.0,4.3,,12.08
1990,Cary Conklin,Washington,QB,76.0,215,9.25,31.0,,4.96,,26.5,109.0,4.56,,
1990,Darion Conner,Jackson State (MS),OLB,74.6,256,8.88,32.0,,4.81,19.0,35.5,110.0,4.43,,11.91
1990,Anthony Cooney,Arkansas,SS,72.5,204,8.75,30.38,,4.64,7.0,31.0,114.0,4.28,,11.47
1990,Gary Cooper,Clemson,WR,74.0,195,10.0,32.25,,4.59,,37.5,127.0,4.07,,11.13
1990,Frank Cornish,UCLA,C,76.0,281,9.5,31.5,,5.35,22.0,27.0,97.0,4.78,,
1990,Jeff Davidson,Ohio State,OG,76.6,306,10.13,31.38,,5.27,,28.0,105.0,4.85,,
1990,Kenny Davidson,Louisiana State,DE,77.1,274,9.75,31.63,,4.69,19.0,32.0,112.0,4.5,,
1990,Bob Davis,Brigham Young,ILB,72.3,236,10.25,29.38,,4.74,19.0,29.0,103.0,4.17,,12.16
1990,Darrell Davis,Texas Christian,OLB,73.1,255,10.38,32.13,,4.87,21.0,30.5,115.0,4.48,,12.99
1990,Demetrius Davis,Nevada Las Vegas,TE,75.8,230,9.38,32.0,,4.88,13.0,32.5,110.0,4.32,,12.09
1990,Eric Davis,Jacksonville State (AL),CB,70.1,176,9.0,28.25,,4.53,19.0,38.0,124.0,4.06,,11.3
1990,Travis Davis,Michigan State,DT,73.4,274,9.0,31.75,,5.22,28.0,26.5,105.0,4.63,,
1990,Dale Dawkins,Miami (FL),WR,72.8,189,9.25,31.25,,4.65,,35.0,126.0,4.15,,11.26
1990,Mark Dennis,Central Michigan,OLB,73.3,234,10.13,29.75,,5.06,,31.0,112.0,4.43,,11.9
1990,Ventson Donelson,Michigan State,CB,70.5,178,10.0,31.5,,,18.0,,,,,
1990,Torin Dorn,North Carolina,FS,72.5,194,8.63,29.5,,4.57,9.0,34.5,117.0,4.13,,11.25
1990,Roger Duffy,Penn State,C,74.8,281,9.25,31.75,,5.24,26.0,29.5,105.0,4.56,,
1990,Karl Dunbar,Louisiana State,DT,76.3,283,10.0,33.63,,,18.0,,,,,
1990,John Durden,Florida,OT,77.8,291,10.0,31.75,,5.48,19.0,24.5,95.0,5.19,,
1990,David Eldridge,Arizona,RB,72.1,215,9.38,33.25,,4.66,19.0,35.5,116.0,4.43,,12.06
1990,Mohammed Elewonibi,Brigham Young,OG,76.1,282,9.75,31.38,,5.23,,,,,,
1990,Todd Ellis,South Carolina,QB,73.3,203,9.13,30.63,,,,,,,,
1990,Steve Elmlinger,Indiana State,WR,71.5,192,9.75,29.5,,4.69,,31.5,110.0,4.13,,11.56
1990,Kent Elmore,Tennessee,P,74.3,179,,,,,,,,,,
1990,Tory Epps,Memphis,DT,72.9,280,9.63,32.25,,5.06,21.0,27.0,108.0,4.7,,
1990,Jeff Erickson,Rutgers,OLB,74.9,261,9.75,30.0,,5.01,,24.0,102.0,4.56,,
1990,Scott Erney,Rutgers,QB,73.5,200,9.5,31.0,,4.93,,29.5,108.0,4.14,,
1990,Kevin Evans,San Jose State,WR,74.9,182,9.75,31.5,,,,,,,,
1990,Blake Ezor,Michigan State,RB,68.3,181,9.5,29.75,,4.58,17.0,30.5,108.0,,,
1990,Ronnie Fair,Arizona State,WR,70.3,188,9.5,29.63,,4.75,,34.0,120.0,4.16,,11.29
1990,Mike Farr,UCLA,WR,70.4,181,9.63,30.38,,4.62,,34.5,117.0,4.07,,11.12
1990,J.J. Flannigan,Colorado,WR,70.6,195,9.25,30.75,,4.58,11.0,,115.0,,,
1990,Chad Fortune,Louisville,TE,76.8,233,9.25,31.75,,4.77,14.0,33.5,116.0,4.48,,11.65
1990,Mike Fox,West Virginia,DE,78.1,272,9.25,32.38,,5.09,,24.5,100.0,4.58,,
1990,James Francis,Baylor,OLB,76.4,243,9.63,32.75,,4.79,12.0,34.0,115.0,4.23,,11.73
1990,D'Juan Francisco,Notre Dame,CB,70.0,182,8.75,30.5,,4.65,,33.0,112.0,4.28,,11.55
1990,Tim Freeman,Penn State,C,76.4,286,10.13,32.0,,5.68,19.0,24.0,96.0,4.97,,
1990,John Friesz,Idaho,QB,76.3,209,8.75,31.63,,5.29,,22.0,97.0,4.57,,
1990,Eddie Fuller,Louisiana State,RB,69.1,199,10.5,30.38,,4.61,,35.5,115.0,4.06,,11.24
1990,Chris Gaiters,Minnesota,WR,71.4,187,9.75,31.0,,4.61,,35.0,120.0,4.18,,11.3
1990,Scott Galbraith,Southern California,TE,73.8,257,9.0,30.75,,4.92,23.0,30.0,108.0,4.6,,12.74
1990,Carwell Gardner,Louisville,FB,73.5,232,10.0,31.63,,4.65,9.0,32.0,106.0,4.27,,11.65
1990,Donnie Gardner,Kentucky,DE,75.3,260,10.25,32.5,,5.13,16.0,27.0,104.0,4.64,,
1990,Judd Garrett,Princeton,RB,73.0,203,8.38,29.63,,4.73,,29.0,107.0,4.22,,12.01
1990,Doug Glaser,Nebraska,OT,78.8,296,8.88,34.13,,5.45,15.0,23.5,95.0,4.67,,
1990,Leo Goeas,Hawaii,OG,75.6,278,9.25,30.0,,5.13,22.0,29.0,104.0,4.45,,
1990,Chris Goetz,Pittsburgh,OG,74.3,272,10.0,29.88,,5.16,23.0,,,,,
1990,Ron Goetz,Minnesota,OLB,74.9,236,8.75,31.75,,4.91,21.0,30.0,112.0,4.36,,12.91
1990,Clemente Gordon,Grambling State (LA),QB,75.0,222,9.88,32.5,,4.84,,28.0,109.0,4.54,,
1990,Derrick Graham,Appalachian State (NC),OT,76.5,312,10.63,33.0,,5.47,18.0,24.5,93.0,5.2,,
1990,Alan Grant,Stanford,CB,69.5,189,9.5,28.5,,4.61,17.0,34.0,112.0,4.59,,12.05
1990,Broderick Graves,Winston-Salem State (NC),RB,71.4,194,8.88,29.75,,4.61,19.0,31.5,113.0,4.5,,12.85
1990,Cecil Gray,North Carolina,DE,76.0,264,9.63,32.75,,5.24,,31.5,113.0,4.55,,
1990,James Gray,Texas Tech,RB,70.1,197,9.25,30.0,,,,,,,,
1990,Anthony Green,Western Kentucky,WR,71.1,186,10.38,30.25,,4.79,,32.0,114.0,4.68,,12.29
1990,Dean Green,Maryland,WR,74.0,203,8.13,31.75,,4.68,,33.5,121.0,4.44,,11.79
1990,Eric Green,Liberty (VA),TE,76.5,274,9.75,31.75,,4.84,12.0,,,,,
1990,Harold Green,South Carolina,RB,73.5,216,10.0,31.63,,4.74,16.0,32.0,118.0,4.25,,
1990,Willie Green,Mississippi,WR,74.3,179,8.5,31.0,,4.6,,31.5,119.0,4.12,,11.63
1990,John Gromos,Vanderbilt,QB,76.3,210,9.63,31.5,,5.01,,27.0,100.0,4.31,,
1990,Tim Grunhard,Notre Dame,OG,74.4,291,9.75,31.38,,5.19,23.0,27.5,101.0,4.55,,
1990,Mike Gundy,Oklahoma State,QB,70.4,184,8.5,29.5,,5.15,,26.0,99.0,4.27,,
1990,Chris Haering,West Virginia,OLB,74.0,217,9.75,30.25,,4.91,19.0,28.5,108.0,4.56,,12.04
1990,Odell Haggins,Florida State,DT,73.8,261,9.5,33.25,,4.97,,28.0,103.0,4.65,,
1990,Ronnie Haliburton,Louisiana State,TE,76.1,229,9.25,34.25,,4.79,9.0,33.0,114.0,4.06,,11.92
1990,Alonzo Hampton,Pittsburgh,CB,70.1,197,8.5,29.5,,4.57,12.0,30.0,113.0,4.13,,11.42
1990,Bobby Harden,Miami (FL),SS,72.5,190,8.88,31.38,,4.65,,40.0,119.0,4.14,,11.36
1990,Larry Hargrove,Ohio,CB,68.1,163,9.63,30.0,,4.64,10.0,31.0,112.0,4.25,,11.52
1990,Jackie Harris,Louisiana-Monroe,TE,75.0,231,10.0,32.38,,4.85,7.0,31.5,114.0,4.38,,12.06
1990,Eric Hayes,Florida State,DT,74.8,284,9.63,34.25,,5.2,15.0,24.5,96.0,4.81,,
1990,Tracy Hayworth,Tennessee,DE,74.4,250,10.88,32.0,,4.87,21.0,34.5,116.0,4.35,,12.15
1990,Ronald Heard,Bowling Green (OH),WR,70.0,177,8.0,30.38,,4.52,,34.5,114.0,4.13,,11.28
1990,Joe Henderson,Clemson,RB,68.4,187,9.13,28.5,,4.61,11.0,35.0,117.0,4.27,,11.85
1990,Maurice Henry,Kansas State,OLB,72.1,228,9.13,31.25,,4.52,14.0,38.0,122.0,4.25,,11.5
1990,Wally Henry,Mississippi College,QB,74.8,200,,,,,,,,,,
1990,Marc Hicks,Ohio State,RB,72.8,209,9.38,30.88,,,,,,,,
1990,Clarkston Hines,Duke,WR,71.0,163,9.13,29.13,,4.53,,32.5,111.0,,,
1990,Bill Hitchcock,Purdue,OT,77.8,301,9.88,31.38,,,30.0,,,,,
1990,Marion Hobby,Tennessee,DE,76.0,277,9.88,33.13,,5.28,11.0,27.0,101.0,4.73,,
1990,Tommy Hodson,Louisiana State,QB,74.0,189,8.88,30.5,,4.94,,30.5,110.0,4.4,,
1990,Mark Hofland,Maryland,OT,78.6,282,9.13,32.5,,5.39,10.0,,,,,
1990,Leroy Holt,Southern California,FB,70.9,236,9.38,30.38,,5.07,13.0,30.0,105.0,4.54,,12.51
1990,Mark Hopkins,Central Michigan,TE,73.9,233,8.75,29.88,,5.02,13.0,27.5,102.0,4.27,,11.8
1990,Tim Horton,Arkansas,WR,68.5,167,8.5,26.88,,4.59,,33.0,117.0,4.04,,11.43
1990,Bobby Houston,North Carolina State,OLB,73.4,230,10.38,31.25,,4.5,19.0,31.5,117.0,4.31,,11.66
1990,John Hudson,Auburn,C,73.9,266,10.25,30.0,,5.15,29.0,29.0,112.0,4.6,,
1990,Darvell Huffman,Boston College,WR,67.5,156,9.75,28.0,,4.5,,37.5,125.0,4.06,,11.24
1990,Art Hunter,Central State (OH),CB,70.1,191,8.5,30.38,,4.67,19.0,29.0,106.0,4.38,,12.08
1990,Harry Jackson,St. Cloud State (MN),RB,70.3,223,10.0,29.88,,4.8,18.0,30.0,115.0,4.03,,11.22
1990,John Jackson,Southern California,WR,70.6,169,10.0,30.13,,4.62,,31.5,112.0,4.24,,11.5
1990,Clint James,Louisiana State,DE,77.3,269,10.0,32.38,,5.25,13.0,28.0,101.0,4.94,,
1990,Lynn James,Arizona State,WR,72.9,191,8.63,31.13,,4.48,,32.5,121.0,4.44,,11.62
1990,Anthony Johnson,Notre Dame,RB,72.3,216,9.25,30.5,,4.83,22.0,32.0,112.0,3.93,,11.42
1990,Johnny Johnson,San Jose State,FB,74.0,212,9.38,32.0,,4.64,,33.5,118.0,4.18,,11.56
1990,Mike Johnson,Akron,QB,73.5,190,8.63,31.88,,4.92,,28.0,111.0,4.34,,
1990,Ricky Johnson,Maryland,RB,72.0,200,10.25,30.88,,4.62,20.0,36.0,117.0,4.22,,12.18
1990,Adrian Jones,Missouri,FS,71.3,179,8.88,29.5,,4.67,9.0,31.5,117.0,4.31,,11.75
1990,Fred Jones,Grambling State (LA),WR,68.5,175,9.38,28.75,,4.51,,38.0,124.0,4.05,,11.24
1990,Jimmie Jones,Miami (FL),DT,75.9,282,9.5,30.38,,4.89,18.0,33.5,116.0,4.5,,
1990,Mike Jones,Texas A&M,TE,75.1,255,9.0,33.75,,4.77,15.0,27.5,102.0,,,
1990,Myron Jones,Frenso State (CA),RB,69.5,189,7.88,28.63,,4.47,18.0,37.0,119.0,4.56,,
1990,Tony Jones,Texas,WR,66.0,142,8.0,28.5,,,,,,,,
1990,Xavier Jordan,Western Kentucky,OLB,73.1,226,8.63,31.38,,5.09,18.0,29.5,104.0,4.42,,12.83
1990,John Jurkovic,Eastern Illinois,DT,73.4,281,9.88,30.75,,5.29,23.0,28.0,100.0,4.5,,
1990,Derrick Kelson,Purdue,CB,71.9,184,8.5,31.13,,4.45,14.0,33.5,116.0,4.28,,11.45
1990,Cortez Kennedy,Miami (FL),DT,73.5,295,9.13,30.88,,4.95,23.0,,,,,
1990,Buddy King,Southern Mississippi,OT,78.1,273,10.0,31.75,,5.23,21.0,20.0,96.0,4.59,,
1990,Mike Kiselak,Maryland,C,75.0,279,9.75,31.25,,5.33,13.0,29.0,96.0,4.95,,
1990,Bob Kula,Michigan State,OG,75.0,282,9.63,32.0,,5.37,25.0,23.5,104.0,4.73,,
1990,Rico Labbe,Boston College,CB,71.3,202,9.63,32.0,,4.75,16.0,35.0,119.0,4.19,,11.38
1990,Bruce Lang,Fairmont (WV),WR,72.3,180,7.88,31.0,,4.62,,29.5,114.0,4.65,,12.06
1990,Le-Lo Lang,Washington,CB,70.8,189,9.13,30.0,,,10.0,,,,,
1990,Bruce Lasane,Florida State,WR,75.1,207,9.88,31.75,,4.92,,30.5,115.0,4.45,,
1990,Oliver Lawrence,Louisiana State,OLB,72.5,251,10.25,33.0,,5.01,19.0,33.0,116.0,4.62,,12.45
1990,Mitch Lee,Cornell (NY),OLB,72.5,221,10.13,32.5,,,16.0,,,,,
1990,Brad Leggett,Southern California,C,76.3,274,9.75,30.75,,5.58,19.0,21.0,90.0,4.9,,
1990,John Levelis,LIU-CW Post (NY),OLB,73.4,235,10.0,31.25,,4.68,22.0,35.5,124.0,4.17,,
1990,Kip Lewis,Arizona,WR,69.5,164,9.25,29.5,,4.57,,32.5,117.0,,,
1990,Ronald Lewis,Florida State,WR,71.3,172,8.63,30.38,,4.61,,35.5,127.0,4.52,,
1990,Bobby Lilljedahl,Texas,P,76.0,230,,,,,,,,,,
1990,Mike Lindsay,Gardner-Webb (NC),OT,76.5,268,10.25,32.25,,5.26,15.0,25.5,106.0,4.6,,
1990,Mike Lodish,UCLA,DT,74.3,269,10.38,30.5,,5.04,22.0,27.0,110.0,4.19,,
1990,James Lott,Clemson,CB,69.0,181,8.38,27.0,,4.67,10.0,32.5,113.0,4.39,,11.35
1990,Brian Lowe,Boston College,K,73.8,205,,,,,,,,,,
1990,Bren Lowery,Maryland,RB,70.4,197,9.5,28.88,,4.61,5.0,33.0,120.0,4.28,,11.65
1990,Doug Lowery,DePauw (IN),DE,76.5,255,9.75,33.0,,4.94,15.0,,,,,
1990,Win Lyle,Auburn,K,68.6,178,,,,,,,,,,
1990,John Mangum,Alabama,CB,70.5,173,9.38,29.0,,4.58,17.0,34.0,117.0,4.25,,11.34
1990,Greg Mark,Miami (FL),DE,74.6,252,9.5,31.25,,4.97,15.0,30.0,100.0,4.4,,
1990,Darrell Martin,Frenso State (CA),CB,72.8,187,9.0,30.63,,,,,,,,
1990,John Massimiani,Kent State (OH),OLB,72.1,227,10.0,30.25,,5.03,13.0,25.0,108.0,4.5,,11.93
1990,Terance Mathis,New Mexico,WR,69.3,167,8.25,30.38,,4.65,,30.5,109.0,4.29,,11.45
1990,Roman Matusz,Pittsburgh,OT,75.5,279,9.63,33.0,,5.55,10.0,24.5,92.0,4.66,,
1990,Tony Mayberry,Wake Forest,C,76.1,270,10.5,32.75,,5.29,28.0,26.5,102.0,4.79,,
1990,Shawn Mccarthy,Purdue,P,78.3,228,,,,,,,,,,
1990,Greg Mcmurtry,Michigan,WR,73.6,204,9.5,32.0,,4.57,,29.5,118.0,4.2,,11.91
1990,Robert Mcwright,Texas Christian,CB,68.5,179,9.25,29.38,,4.48,20.0,36.0,114.0,4.27,,11.24
1990,Jon Melander,Minnesota,OT,78.4,276,9.0,32.38,,5.08,20.0,26.0,101.0,4.65,,
1990,Jeff Mills,Nebraska,OLB,75.4,227,8.25,32.75,,4.79,15.0,32.0,112.0,4.23,,11.43
1990,Brian Mitchell,Southwestern Louisiana,RB,70.1,198,10.25,29.38,,4.59,,32.0,117.0,4.01,,
1990,Alton Montgomery,Houston,SS,72.0,198,8.88,29.38,,4.6,12.0,30.5,115.0,4.16,,11.55
1990,Steve Montgomery,Michigan State,FB,73.0,238,9.13,30.25,,,21.0,,,,,
1990,Tony Moss,Louisiana State,WR,67.0,169,8.88,28.13,,4.6,,,,4.24,,
1990,Darrin Muilenburg,Colorado,OG,74.8,288,9.25,29.88,,5.39,24.0,27.0,100.0,4.77,,
1990,Curt Mull,Georgia,OT,76.4,289,8.88,31.0,,5.49,20.0,21.5,95.0,4.73,,
1990,Andy Murray,Kentucky,RB,73.0,241,9.5,30.25,,4.94,21.0,28.5,105.0,4.42,,12.22
1990,Rob Myers,Washington State,P,72.0,201,,,,,,,,,,
1990,Richard Newbill,Miami (FL),OLB,73.0,240,9.63,30.25,,4.89,23.0,28.0,109.0,4.53,,12.04
1990,Jeff Novak,Texas State,OT,77.1,279,9.5,31.75,,5.17,21.0,26.0,105.0,4.6,,
1990,Neil O'Donnell,Maryland,QB,74.3,217,9.13,31.25,,4.89,,32.5,109.0,4.03,,
1990,Terry Obee,Oregon,WR,70.0,182,8.25,29.0,,4.58,,31.5,115.0,4.16,,11.27
1990,Mike Ober,Sam Houston State (TX),DT,75.1,268,9.75,30.5,,,28.0,,,,,
1990,Don Odegard,Nevada Las Vegas,CB,71.0,177,8.5,29.38,,4.6,14.0,31.5,115.0,4.02,,10.99
1990,Alfred Oglesby,Houston,DT,75.0,271,10.0,33.38,,5.1,,,,,,
1990,Craig Ogletree,Auburn,OLB,73.0,231,9.38,30.38,,4.94,15.0,29.0,108.0,4.53,,12.23
1990,Chris Oldham,Oregon,CB,69.0,183,8.25,29.5,,4.69,13.0,31.5,111.0,4.09,,10.86
1990,Eldonta Osborne,Louisiana Tech,OLB,72.4,221,9.5,33.0,,4.66,19.0,32.0,117.0,4.45,,11.93
1990,Dan Owens,Southern California,DT,75.5,268,9.5,32.13,,5.0,26.0,27.5,105.0,4.5,,
1990,Mike Owens,Syracuse,RB,71.8,218,7.88,30.25,,4.76,15.0,30.5,107.0,,,
1990,Tony Palmer,Texas Christian,RB,73.3,236,9.75,32.0,,4.82,18.0,29.5,117.0,,,
1990,Glen Parker,Arizona,OT,77.4,295,9.63,33.5,,5.21,,27.5,103.0,4.74,,
1990,Brent Parkinson,Southern California,OG,77.3,268,9.75,32.0,,,26.0,,,,,
1990,Bryce Paup,Northern Iowa,OLB,76.1,238,10.13,31.0,,5.04,18.0,31.0,115.0,4.17,,11.48
1990,Willis Peguese,Miami (FL),DE,75.9,264,10.0,32.5,,4.86,21.0,32.0,113.0,4.4,,
1990,Leon Perry,Oklahoma,FB,72.6,227,10.38,31.25,,4.8,12.0,31.5,111.0,4.35,,
1990,Michael Pfeifer,Kentucky,OT,79.1,306,10.38,32.25,,,26.0,,,,,
1990,Dwight Pickens,Frenso State (CA),WR,70.0,170,8.0,29.88,,4.56,,34.0,121.0,4.41,,11.77
1990,Frank Pollack,Northern Arizona,OT,76.6,286,9.25,30.5,,5.33,22.0,24.5,98.0,4.52,,
1990,David Pool,Carson-Newman (TN),CB,69.1,188,8.63,29.63,,4.51,11.0,32.5,115.0,4.35,,11.72
1990,Chris Port,Duke,OT,77.4,290,9.5,32.0,,5.51,21.0,24.0,95.0,4.77,,
1990,Mitchell Price,Tulane (LA),CB,69.1,181,9.25,29.5,,4.58,,34.0,123.0,4.16,,11.49
1990,Terry Price,Texas A&M,DE,75.5,270,8.75,32.13,,5.05,19.0,29.5,102.0,4.63,,
1990,Mike Pringle,Cal-State Fullerton,RB,68.3,186,8.75,28.38,,4.53,13.0,35.5,118.0,4.25,,11.56
1990,Michael Proctor,Murray State (KY),QB,74.3,202,8.13,30.25,,,,,118.0,,,
1990,Ricky Proehl,Wake Forest,WR,70.8,181,9.5,29.5,,4.58,,34.0,117.0,4.01,,11.31
1990,Brad Quast,Iowa,OLB,72.5,241,9.88,30.25,,4.83,,30.0,117.0,4.39,,11.75
1990,Sherrod Rainge,Penn State,SS,72.1,203,9.75,31.0,,4.75,16.0,32.5,113.0,4.16,,11.66
1990,Alfred Rawls,Kentucky,RB,69.1,205,8.38,29.38,,4.58,18.0,32.5,106.0,,,
1990,Reggie Redding,Cal-State Fullerton,OT,75.9,281,9.25,32.0,,5.21,16.0,24.0,104.0,5.06,,
1990,Renford Reese,Vanderbilt,SS,71.8,201,9.88,29.63,,4.67,14.0,33.5,116.0,4.35,,11.81
1990,Reggie Rembert,West Virginia,WR,75.5,195,8.5,32.5,,4.66,,30.0,118.0,,,
1990,Shawon Respress,Ball State (IN),OLB,72.8,236,9.25,31.0,,4.79,23.0,26.5,105.0,4.52,,12.06
1990,Tony Rice,Notre Dame,QB,72.3,197,10.13,29.5,,4.82,,37.0,118.0,4.1,,
1990,Andre Riley,Washington,WR,68.8,174,8.75,28.63,,4.71,,32.0,112.0,,,
1990,Donnie Riley,Central Michigan,RB,68.4,205,8.63,29.0,,4.66,13.0,31.5,105.0,4.5,,12.02
1990,Eugene Riley,Ball State (IN),TE,73.8,228,10.5,30.25,,4.84,15.0,27.5,102.0,4.57,,11.9
1990,Chad Robinson,Brigham Young,OLB,74.8,231,9.38,31.0,,4.94,,30.5,114.0,4.4,,12.02
1990,Jeroy Robinson,Texas A&M,ILB,73.4,238,10.25,31.0,,4.74,24.0,34.5,132.0,4.38,,11.86
1990,Junior Robinson,East Carolina (NC),CB,69.0,181,7.88,29.25,,4.58,14.0,31.0,112.0,4.38,,11.79
1990,Ronald Robinson,Kentucky,SS,72.5,185,8.88,28.0,,4.73,11.0,28.5,112.0,4.2,,11.64
1990,Chris Roscoe,Hawaii,WR,72.9,207,9.38,31.63,,4.69,,33.0,118.0,,,
1990,Blaine Rose,Maryland,OT,77.0,267,10.5,33.0,,5.27,15.0,32.0,110.0,4.52,,
1990,James Rouse,Arkansas,RB,71.6,214,8.0,30.38,,4.67,,33.5,110.0,4.29,,11.77
1990,Bill Rudison,Akron,P,71.8,218,,,,,,,,,,
1990,Pete Rutter,Baylor,P,74.1,214,,,,,,,,,,
1990,Tim Ryan,Southern California,DE,75.6,268,10.25,31.13,,5.22,23.0,26.5,94.0,4.65,,
1990,Glenell Sanders,Louisiana Tech,OLB,72.3,224,10.25,29.5,,5.1,21.0,,,,,
1990,Tony Savage,Washington State,DT,74.5,306,9.88,32.75,,5.29,19.0,26.5,99.0,4.54,,
1990,Dave Schnell,Indiana,QB,73.5,214,9.63,30.5,,5.03,,26.0,105.0,4.48,,
1990,Brian Schoenle,Boston College,C,75.0,274,10.0,31.0,,,,25.0,,,,
1990,Rich Schonewolf,Penn State,DT,75.6,278,9.63,31.0,,5.25,,23.0,93.0,4.4,,
1990,Bill Schultz,Southern California,OG,75.4,287,9.0,32.0,,5.19,21.0,27.0,102.0,4.68,,
1990,Kirk Scrafford,Montana,OT,78.3,248,9.63,33.25,,5.12,16.0,30.0,112.0,4.66,,
1990,George Searcy,East Tennessee,RB,70.8,204,10.25,31.25,,4.79,15.0,33.0,112.0,4.48,,12.03
1990,Shannon Sharpe,Savannah State (GA),TE,73.3,221,10.0,33.0,,4.67,,34.0,122.0,4.55,,12.69
1990,Tyrone Shavers,Lamar (TX),WR,74.1,205,9.75,31.25,,4.49,,34.5,124.0,4.2,,11.2
1990,Michael Shepherd,Arkansas,DT,75.4,278,10.13,31.0,,5.49,15.0,26.0,96.0,4.52,,
1990,Stacey Simmons,Florida,WR,69.0,183,8.38,30.75,,4.38,,28.5,116.0,,,
1990,Keith Sims,Iowa State,C,74.0,310,8.75,31.88,,5.31,22.0,28.0,111.0,4.74,,
1990,Tom Sims,Pittsburgh,DT,74.3,273,10.5,32.38,,5.12,17.0,29.0,104.0,4.44,,
1990,Tony Siragusa,Pittsburgh,DT,74.8,286,9.88,33.75,,5.13,25.0,26.5,100.0,4.45,,
1990,Reggie Slack,Auburn,QB,73.1,217,9.75,30.38,,,,,,,,
1990,Stan Smagala,Notre Dame,CB,69.8,183,8.75,29.75,,4.51,15.0,37.5,126.0,3.99,,11.05
1990,Joel Smeenge,Western Michigan,DE,77.3,245,10.13,32.75,,4.75,16.0,36.0,118.0,4.12,,
1990,Ben Smith,Georgia,FS,70.8,183,9.0,31.0,,4.47,11.0,35.5,122.0,4.28,,11.45
1990,Cedric Smith,Florida,FB,70.1,223,9.25,30.13,,4.65,25.0,35.5,110.0,4.31,,11.83
1990,Dee Smith,Louisville,RB,71.1,193,8.75,30.88,,4.67,,36.0,119.0,,,
1990,Melvin Smith,Arizona,WR,71.5,189,8.63,30.0,,4.53,,31.0,115.0,4.2,,11.7
1990,Quintin Smith,Kansas,WR,69.8,172,9.0,29.63,,4.71,,27.5,111.0,4.31,,11.49
1990,Ernest Spears,Southern California,CB,71.9,193,9.13,30.5,,,14.0,,,,,
1990,Tim Stallworth,Washington State,WR,69.5,177,9.0,30.63,,4.57,,34.0,114.0,,,
1990,Joe Staysniak,Ohio State,OT,76.3,287,9.88,30.88,,5.27,18.0,25.0,94.0,4.6,,
1990,Mac Stephens,Minnesota,OLB,74.3,220,9.38,31.38,,4.8,,34.0,112.0,4.27,,11.74
1990,Eric Still,Tennessee,OG,74.4,277,9.25,31.5,,,21.0,,,,,
1990,Tommie Stowers,Missouri,FB,74.9,225,8.25,32.13,,4.79,13.0,30.5,102.0,4.48,,11.8
1990,Justin Strzelczyk,Maine,OT,77.1,282,9.25,32.5,,5.04,12.0,29.0,108.0,4.49,,
1990,David Szott,Penn State,OG,75.8,273,10.5,30.5,,5.37,29.0,22.5,98.0,4.53,,
1990,Steve Tardy,Rutgers,C,77.1,275,9.5,31.88,,5.62,5.0,21.5,89.0,4.99,,
1990,Troy Taylor,California,QB,75.4,201,9.63,29.38,,4.73,,33.5,116.0,4.13,,
1990,Mike Teeter,Michigan,DE,73.9,255,9.0,28.75,,4.91,27.0,29.0,109.0,4.3,,
1990,Pat Terrell,Notre Dame,CB,72.3,195,10.0,29.38,,4.53,,35.5,121.0,3.93,,11.38
1990,Anthony Thompson,Indiana,RB,71.1,207,9.88,29.5,,4.77,24.0,33.5,,,,
1990,Darrell Thompson,Minnesota,RB,72.5,219,8.75,30.5,,4.62,16.0,34.5,114.0,,,
1990,Kevin Thompson,Oklahoma,CB,70.4,189,9.5,30.5,,,,,,,,
1990,Reggie Thornton,Bowling Green (OH),WR,70.4,166,9.25,29.75,,4.64,,31.0,120.0,4.09,,11.62
1990,Chad Thorson,Wheaton (IL),OLB,73.6,240,9.75,30.88,,5.01,17.0,29.5,107.0,4.25,,11.8
1990,Renaldo Turnbull,West Virginia,DE,76.0,248,10.13,33.25,,4.64,15.0,34.5,121.0,4.46,,
1990,Henry Tuten,Pittsburgh,WR,69.9,179,9.5,30.13,,4.67,,29.5,114.0,,,
1990,Matt Vanderbeek,Michigan State,OLB,75.3,246,10.5,31.0,,5.07,20.0,29.5,111.0,4.33,,11.83
1990,Sean Vanhorse,Howard (DC),CB,69.9,178,8.5,29.88,,4.56,10.0,35.0,115.0,4.37,,11.34
1990,Craig Veasey,Houston,DT,73.5,270,10.88,31.38,,4.93,,31.5,105.0,4.7,,
1990,Art Walker,Colorado,DT,75.1,273,9.5,32.5,,5.24,19.0,25.5,96.0,4.63,,
1990,Derrick Walker,Michigan,TE,72.9,244,9.88,32.0,,4.8,26.0,32.0,109.0,4.24,,11.45
1990,Aaron Wallace,Texas A&M,DE,75.1,236,9.75,33.63,,4.66,10.0,32.5,119.0,4.39,,
1990,Reginald Warnsley,Southern Mississippi,FB,70.1,225,9.38,31.38,,4.73,15.0,31.5,112.0,4.58,,11.99
1990,Chris Warren,Ferrum (VA),RB,73.8,225,10.0,31.75,,4.61,14.0,36.5,114.0,,,
1990,Fred Washington,Texas Christian,DT,74.3,277,11.0,32.38,,5.1,24.0,29.0,110.0,4.58,,
1990,Mickey Washington,Texas A&M,CB,69.4,187,9.0,29.25,,4.68,,29.0,114.0,4.43,,11.84
1990,Kerry Watkins,Florida,SS,70.3,194,8.75,29.88,,4.67,17.0,31.0,114.0,4.16,,11.78
1990,Richmond Webb,Texas A&M,OT,78.1,291,10.88,34.63,,5.12,15.0,29.5,103.0,4.7,,
1990,Kent Wells,Nebraska,DT,75.5,291,10.38,32.25,,5.32,22.0,27.0,95.0,4.62,,
1990,Brent White,Michigan,DE,76.0,247,10.38,32.13,,5.15,,25.5,104.0,4.89,,
1990,David Whitmore,Stephen F. Austin (TX),SS,72.0,235,10.13,31.38,,4.65,16.0,32.0,112.0,4.65,,12.35
1990,Calvin Williams,Purdue,WR,71.8,181,9.5,29.88,,4.52,,35.0,127.0,4.2,,11.8
1990,James Williams,Frenso State (CA),CB,69.9,172,8.25,29.75,,4.34,9.0,38.0,129.0,4.03,,10.92
1990,James Williams,Mississippi State,OLB,72.1,223,9.63,31.0,,4.74,19.0,32.0,114.0,4.44,,12.4
1990,Patrick Williams,Arkansas,SS,73.5,197,8.75,31.0,,4.62,10.0,32.5,112.0,4.4,,12.2
1990,Steve Williams,Illinois,WR,69.0,168,9.5,29.5,,4.88,,29.5,112.0,4.25,,11.67
1990,Peter Willis,Florida State,QB,74.0,188,8.75,29.13,,5.12,,26.0,94.0,4.53,,
1990,Demond Winston,Vanderbilt,OLB,74.1,239,9.88,32.0,,4.84,10.0,34.0,117.0,4.27,,11.86
1990,Cordell Woods,"Minnesota State, Mankatao",RB,71.4,246,8.63,28.0,,4.78,14.0,33.0,113.0,4.5,,12.34
1990,Thomas Woods,Tennessee,WR,70.0,174,9.88,30.13,,4.61,,30.5,105.0,,,
1990,Alexander Wright,Auburn,WR,71.0,184,8.5,30.5,,4.42,,35.5,127.0,,,
1990,Kurt Zuimulder,North Dakota,TE,74.8,260,8.5,31.25,,4.91,12.0,27.5,104.0,4.4,,12.04
1989,Scott Adams,Georgia,OT,77.4,275,,,,5.28,18.0,24.5,99.0,4.61,,
1989,Erik Affholter,Southern California,WR,71.6,181,,,,4.61,,31.5,108.0,4.41,,11.68
1989,David Ammons,South Carolina State,DT,74.1,274,,,,,24.0,,,,,
1989,Michael Andrews,Alcorn State (MS),CB,71.8,177,,,,4.62,5.0,34.0,121.0,4.53,,12.18
1989,Ricky Andrews,Washington,OLB,74.6,231,,,,,,,,,,
1989,Scott Ankrom,Texas Christian,RB,72.5,190,,,,4.6,10.0,33.5,110.0,4.21,,11.56
1989,Trace Armstrong,Florida,DE,75.5,256,,,,,20.0,,,,,
1989,David Arnold,Michigan,CB,74.5,201,,,,,,32.5,,,,
1989,Chris Asbeck,Cincinnati,DT,74.6,265,,,,5.11,23.0,30.0,102.0,4.71,,
1989,Steve Atwater,Arkansas,FS,75.5,212,,,,4.63,7.0,37.5,114.0,4.14,,10.96
1989,Steve Avery,Northern Michigan,RB,72.8,210,,,,4.76,15.0,27.0,106.0,4.09,,11.53
1989,Eric Ball,UCLA,RB,73.3,215,,,,4.58,18.0,33.5,118.0,4.45,,11.9
1989,Mike Barber,Marshall (WV),WR,70.5,165,,,,4.55,,35.5,120.0,4.03,,10.91
1989,Dana Batiste,Texas A&M,OLB,72.3,238,,,,4.93,16.0,32.5,102.0,4.27,,11.87
1989,Carl Bax,Missouri,OG,76.3,275,,,,5.23,22.0,27.0,100.0,4.73,,
1989,Elliott Beals,American International (MA),FB,71.5,225,,,,5.04,21.0,31.0,103.0,4.53,,12.71
1989,Don Beebe,Chadron State (NE),WR,70.8,176,,,,4.42,,36.5,115.0,4.08,,10.93
1989,Jim Bell,Boston College,RB,72.1,206,,,,,14.0,,,,,
1989,Mitchell Benson,Texas Christian,DT,75.5,300,,,,5.22,27.0,27.5,101.0,4.77,,
1989,Brian Bernard,Duke,DT,77.1,289,,,,5.39,,26.0,92.0,4.93,,
1989,Norris Blount,Baylor,FS,72.8,201,,,,4.57,17.0,37.5,126.0,4.49,,11.91
1989,Adam Bob,Texas A&M,OLB,74.0,238,,,,5.01,16.0,28.5,102.0,4.43,,12.35
1989,Deon Booker,Louisville,RB,69.9,201,,,,4.67,13.0,31.5,109.0,4.45,,12.1
1989,Willie Bouyer,Michigan State,WR,74.1,197,,,,4.64,,34.0,125.0,4.34,,11.74
1989,David Braxton,Wake Forest,OLB,73.5,232,,,,4.58,18.0,32.0,117.0,,,
1989,Dana Brinson,Nebraska,WR,68.9,165,,,,4.45,,37.0,121.0,4.08,,11.41
1989,Tim Broady,Murray State (KY),SS,71.0,209,,,,4.59,17.0,34.0,114.0,4.34,,11.63
1989,Matt Brock,Oregon,DT,76.6,271,,,,4.98,15.0,28.0,106.0,4.54,,
1989,Michael Brooks,North Carolina State,CB,71.4,188,,,,4.59,9.0,33.0,102.0,4.77,,11.93
1989,Andre Brown,Miami (FL),WR,75.3,200,,,,4.68,,33.5,120.0,4.11,,11.39
1989,Anthony Brown,West Virginia,RB,69.1,213,,,,4.61,14.0,29.5,101.0,4.4,,11.56
1989,Marlon Brown,Memphis,OLB,75.0,221,,,,4.79,14.0,35.5,115.0,4.3,,11.49
1989,John Budde,Michigan State,DT,76.0,242,,,,5.17,15.0,28.0,100.0,4.75,,13.62
1989,Tony Butler,Richmond (VA),CB,70.5,182,,,,4.73,14.0,33.5,114.0,4.28,,11.69
1989,Dennis Byrd,Tulsa (OK),DE,76.6,261,,,,4.97,22.0,29.0,104.0,4.58,,
1989,Tom Caines,Long Beach State (CA),OLB,73.9,232,,,,4.97,10.0,31.0,108.0,4.48,,12.09
1989,Jeff Carlson,Weber State (UT),QB,75.0,209,,,,5.06,,32.0,106.0,4.41,,
1989,Darren Carrington,Northern Arizona,FS,73.6,187,,,,4.54,12.0,34.2,118.0,4.0,,10.74
1989,Raymon Chavous,Clemson,DE,76.5,297,,,,5.32,17.0,20.5,82.0,5.13,,
1989,Carlo Cheattom,Auburn,SS,71.1,186,,,,,7.0,,,,,
1989,Fred Childress,Arkansas,OG,75.9,338,,,,5.28,23.0,26.5,90.0,5.31,,
1989,Eric Coleman,Wyoming,CB,71.5,183,,,,4.55,9.0,41.0,130.0,3.91,,10.89
1989,James Coley,Clemson,TE,76.4,266,,,,5.1,15.0,29.0,93.0,4.98,,13.34
1989,Shawn Collins,Northern Arizona,WR,73.6,197,,,,4.53,,36.0,124.0,4.24,,11.29
1989,Marv Cook,Iowa,TE,75.6,236,,,,4.86,18.0,29.0,103.0,4.2,,11.56
1989,Ray Crockett,Baylor,CB,69.3,178,,,,4.61,17.0,,,,,
1989,Howard Cross,Alabama,TE,77.3,251,,,,5.17,9.0,31.5,109.0,4.63,,12.23
1989,Bill Davis,Cincinnati,WR,70.4,175,,,,4.76,,31.0,105.0,4.03,,11.35
1989,Pat Davis,Syracuse,TE,75.0,269,,,,4.98,17.0,35.0,109.0,4.57,,12.31
1989,Reggie Davis,Texas Christian,WR,73.0,213,,,,4.53,,29.5,116.0,4.49,,12.11
1989,Jarrod Delaney,Texas Christian,WR,73.5,194,,,,,,,,,,
1989,Keith Delong,Tennessee,OLB,74.0,230,,,,,25.0,,,,,
1989,Anthony Dilweg,Duke,QB,75.4,199,,,,4.78,,28.0,102.0,4.37,,
1989,Titus Dixon,Troy (AL),WR,66.0,144,,,,4.44,,33.0,114.0,4.38,,11.54
1989,Robert Drummond,Syracuse,RB,74.4,204,,,,4.56,13.0,33.0,117.0,4.18,,11.51
1989,John Duff,New Mexico,TE,78.9,224,,,,4.94,,31.0,110.0,4.6,,12.87
1989,Hart Lee Dykes,Oklahoma State,WR,75.9,216,,,,4.67,,33.0,122.0,4.13,,11.53
1989,David Edeen,Wyoming,OLB,75.6,253,,,,4.86,19.0,32.5,108.0,4.33,,
1989,Elliott Eley,Central Missouri,FB,72.6,236,,,,4.71,,30.0,114.0,4.58,,12.0
1989,Mike Elkins,Wake Forest,QB,75.3,221,,,,5.02,,29.5,97.0,4.5,,
1989,Donald Ellis,Miami (FL),CB,71.5,184,,,,4.86,,,,,,
1989,Leroy Etienne,Nebraska,OLB,73.0,232,,,,4.93,11.0,30.5,103.0,4.27,,12.41
1989,Heikoti Fakava,Hawaii,RB,71.5,218,,,,4.75,12.0,30.5,107.0,4.38,,12.16
1989,Ervin Farris,Texas Tech,FB,70.9,233,,,,4.81,9.0,31.5,111.0,4.45,,12.23
1989,Victor Floyd,Florida State,RB,71.6,208,,,,4.56,6.0,34.5,117.0,4.15,,11.98
1989,Charvez Foger,Nevada Las Vegas,RB,69.4,211,,,,,17.0,,,,,
1989,Jerry Fontenot,Texas A&M,C,75.5,272,,,,5.17,24.0,28.0,106.0,4.48,,
1989,John Ford,Virginia,WR,73.6,204,,,,4.45,,33.0,117.0,4.24,,11.63
1989,Marc Foster,Purdue,FS,71.1,192,,,,4.62,16.0,,110.0,4.4,,12.01
1989,Jeff Francis,Tennessee,QB,75.5,218,,,,4.9,,29.5,102.0,4.51,,
1989,Keith Friberg,Syracuse,OLB,76.0,245,,,,4.88,30.0,32.0,111.0,4.29,,12.13
1989,John Fruhmorgen,Alabama,OG,76.0,298,,,,5.39,21.0,21.5,87.0,4.82,,
1989,Chris Gannon,Southwestern Louisiana,DE,77.4,251,,,,4.84,17.0,30.0,114.0,4.42,,
1989,Jason Garrett,Princeton,QB,72.5,192,,,,4.85,,29.5,109.0,4.06,,
1989,Cleveland Gary,Miami (FL),FB,72.0,226,,,,4.7,18.0,32.0,109.0,4.43,,11.68
1989,Leroy Gause,Virginia Union,OLB,73.3,228,,,,4.85,21.0,27.5,94.0,4.63,,12.18
1989,John Gibbs,Cal-State Fullerton,WR,71.3,163,,,,,,,,,,
1989,Greg Gilbert,Alabama,OLB,73.8,216,,,,4.69,14.0,33.0,114.0,4.42,,12.03
1989,Melvin Gilliam,Oklahoma State,CB,71.5,173,,,,4.72,8.0,31.5,106.0,4.3,,11.86
1989,Deval Glover,Syracuse,WR,71.3,185,,,,,,31.5,116.0,4.03,,11.57
1989,Antonio Goss,North Carolina,OLB,75.0,228,,,,4.8,10.0,39.5,120.0,4.52,,12.02
1989,Jeff Graham,Long Beach State (CA),WR,76.1,203,,,,4.99,,32.5,115.0,4.55,,
1989,Ty Granger,Clemson,OT,78.4,280,,,,5.24,19.0,24.5,101.0,4.72,,
1989,Mark Green,Notre Dame,RB,71.1,184,,,,4.62,14.0,30.0,105.0,4.4,,11.96
1989,A. J. Greene,Wake Forest,CB,67.9,164,,,,4.58,13.0,32.5,115.0,4.1,,11.35
1989,Willie Griffin,Nebraska,DT,74.5,303,,,,5.19,,25.0,103.0,5.29,,
1989,David Griggs,Virginia,ILB,75.3,242,,,,5.11,19.0,,,,,
1989,Burt Grossman,Pittsburgh,DE,76.3,266,,,,4.75,21.0,29.0,117.0,4.37,,
1989,Mickey Guidry,Louisiana State,QB,73.5,210,,,,,,,,,,
1989,Fred Hadley,Mississippi State,WR,73.0,176,,,,4.56,,32.5,113.0,4.24,,11.59
1989,Britt Hager,Texas,ILB,72.3,224,,,,4.69,24.0,31.0,111.0,4.3,,11.79
1989,Chris Hale,Southern California,CB,67.6,161,,,,4.52,8.0,40.5,129.0,4.11,,11.39
1989,Courtney Hall,Rice (TX),C,73.6,269,,,,5.13,36.0,35.0,117.0,4.54,,
1989,Darryl Hall,Washington,SS,73.6,204,,,,4.71,14.0,35.0,121.0,4.29,,11.7
1989,Darrell Hamilton,North Carolina,OT,77.9,297,,,,5.22,14.0,29.0,102.0,4.84,,
1989,Rod Harris,Texas A&M,WR,70.0,182,,,,4.56,,31.0,106.0,4.36,,11.85
1989,Erick Harrison,Tulsa (OK),WR,70.5,173,,,,4.65,,32.0,116.0,4.23,,11.83
1989,Chuck Hartlieb,Iowa,QB,72.8,208,,,,,,,,4.17,,
1989,James Harvey,North Carolina Central,QB,73.4,207,,,,4.94,,29.0,105.0,4.53,,
1989,John Harvey,Texas-El Paso,RB,71.5,184,,,,4.64,,29.5,114.0,4.2,,11.51
1989,Kevin Haverdink,Western Michigan,OT,77.9,286,,,,,,,,,,
1989,Bill Hawkins,Miami (FL),DE,78.1,260,,,,4.81,25.0,32.0,115.0,4.44,,
1989,Andy Heck,Notre Dame,OT,77.8,267,,,,5.13,24.0,28.0,109.0,4.65,,
1989,Joe Henderson,Iowa State,RB,71.9,205,,,,,17.0,,,,,
1989,Steve Hendrickson,California,ILB,72.0,242,,,,4.78,22.0,32.5,110.0,4.05,,11.11
1989,Kevin Hendrix,South Carolina,OLB,74.4,266,,,,4.9,,28.5,96.0,4.81,,13.38
1989,Brad Henke,Arizona,DT,75.1,263,,,,4.92,,32.5,109.0,4.31,,
1989,Darryl Henley,UCLA,CB,68.6,159,,,,4.59,,33.5,114.0,,,
1989,Derek Hill,Arizona,WR,73.4,186,,,,4.54,,32.0,118.0,4.32,,11.99
1989,Eric Hill,Louisiana State,OLB,73.4,249,,,,4.79,20.0,35.0,123.0,4.35,,11.68
1989,Tony Hinz,Harvard,RB,73.6,212,,,,4.76,15.0,30.5,121.0,4.17,,11.24
1989,David Holmes,Syracuse,CB,73.0,188,,,,4.63,8.0,38.5,121.0,4.17,,11.19
1989,David Hudson,Iowa,FB,71.9,223,,,,4.81,21.0,30.0,105.0,4.63,,12.19
1989,Jeffrey Hunter,Albany State (GA),DE,76.1,286,,,,,22.0,,,,,
1989,John Hunter,Brigham Young,OT,79.6,294,,,,,15.0,,,,,
1989,Maurice Hurst,Southern (LA),CB,69.8,180,,,,4.58,12.0,29.0,107.0,4.41,,11.64
1989,Mike Husar,Michigan,OG,74.5,302,,,,5.55,,20.5,83.0,4.7,,
1989,Daryl Illikainen,North Dakota State,OG,75.8,280,,,,5.42,23.0,26.5,100.0,4.77,,
1989,Chris Ingram,Syracuse,CB,70.3,175,,,,4.67,11.0,36.0,116.0,4.16,,11.34
1989,Darryl Ingram,California,TE,74.8,228,,,,4.79,16.0,30.0,114.0,4.49,,12.29
1989,Alfred Jackson,San Diego State,CB,72.0,177,,,,4.61,,33.5,117.0,4.45,,11.21
1989,Greg Jackson,Louisiana State,FS,72.4,198,,,,4.72,14.0,32.0,114.0,4.2,,11.57
1989,Johnny Jackson,Houston,FS,73.0,204,,,,4.69,16.0,27.5,108.0,4.66,,12.31
1989,Tim Jackson,Nebraska,FS,71.3,193,,,,4.75,9.0,32.0,115.0,4.31,,11.73
1989,Tim James,East Carolina (NC),FB,71.0,224,,,,4.82,15.0,29.0,110.0,4.49,,12.3
1989,Bob Jean,New Hampshire,QB,74.0,210,,,,4.88,,32.5,117.0,4.6,,
1989,A.J. Jenkins,Cal-State Fullerton,OLB,73.6,227,,,,4.77,15.0,34.5,121.0,4.48,,
1989,Aaron Jenkins,Washington,FB,71.9,224,,,,4.8,23.0,35.0,113.0,4.52,,12.24
1989,Keith Jennings,Clemson,TE,75.8,253,,,,,9.0,,,,,
1989,D.J. Johnson,Kentucky,CB,71.9,179,,,,4.61,10.0,36.0,116.0,4.21,,11.48
1989,Eddie Johnson,Penn State,CB,69.5,169,,,,4.67,13.0,33.5,117.0,4.44,,11.74
1989,Eddie Johnson,Utah,WR,68.5,172,,,,4.67,14.0,33.5,119.0,4.36,,11.68
1989,Tracy Johnson,Clemson,RB,71.9,231,,,,4.88,19.0,,,,,
1989,Undra Johnson,West Virginia,RB,69.3,198,,,,4.6,15.0,30.0,106.0,4.34,,11.75
1989,Daryl Johnston,Syracuse,FB,73.8,232,,,,,17.0,28.5,113.0,4.17,,11.43
1989,Vernon Joines,Maryland,WR,73.1,190,,,,4.51,,38.5,120.0,4.07,,11.39
1989,Eric Jones,Vanderbilt,QB,72.9,196,,,,4.79,,35.0,116.0,4.03,,
1989,Keith Jones,Illinois,RB,73.0,208,,,,4.58,16.0,37.5,124.0,,,
1989,Terrence Jones,Tulane (LA),QB,73.3,209,,,,4.64,,34.0,110.0,4.34,,
1989,Tim Jorden,Indiana,TE,75.0,239,,,,4.98,16.0,31.5,110.0,4.45,,12.27
1989,Kermit Kendrick,Alabama,CB,72.8,202,,,,4.69,10.0,32.5,115.0,4.32,,12.13
1989,Thomas King,Southwestern Louisiana,FS,73.3,196,,,,,13.0,,,,,
1989,Matt Klassa,Eastern Michigan,OG,76.6,273,,,,5.5,13.0,23.0,104.0,4.84,,
1989,John Kolesar,Michigan,WR,70.8,185,,,,,,,,,,
1989,Drew Komlo,Catholic University (DC),QB,75.3,215,,,,5.19,,26.5,97.0,4.64,,
1989,Scott Kozak,Oregon,OLB,74.4,217,,,,4.71,17.0,34.5,122.0,4.21,,11.32
1989,Kyle Kramer,Bowling Green (OH),FS,74.0,175,,,,4.61,8.0,39.0,124.0,3.95,,11.42
1989,Bob Kratch,Iowa,OG,75.5,287,,,,5.4,17.0,26.5,93.0,4.63,,
1989,Jeff Lageman,Virginia,DE,77.5,247,,,,4.86,15.0,32.0,116.0,4.34,,11.7
1989,Carnell Lake,UCLA,FS,72.8,205,,,,4.36,15.0,35.5,117.0,4.29,,11.44
1989,Kurt Larson,Michigan State,OLB,75.6,230,,,,4.89,20.0,31.5,107.0,,,
1989,Bob Latham,Oklahoma,C,75.6,270,,,,5.41,12.0,24.5,101.0,4.86,,
1989,Kevin Lewis,Northwestern State (LA),CB,68.8,174,,,,4.7,17.0,29.5,109.0,4.32,,11.61
1989,Jeff Lindsley,Boise State,TE,75.0,216,,,,4.8,9.0,32.5,110.0,4.08,,11.34
1989,Eric Lindstrom,Boston College,ILB,75.0,225,,,,4.75,21.0,27.0,106.0,4.59,,12.06
1989,Derrick Little,South Carolina,OLB,75.9,246,,,,5.08,,,,,,
1989,Steve Llewellyn,Texas,DT,78.0,257,,,,,,,,,,
1989,Doug Lloyd,North Dakota State,RB,72.6,214,,,,4.64,14.0,31.5,115.0,4.06,,10.98
1989,Tony Logan,Nevada Las Vegas,WR,68.6,181,,,,4.73,,28.5,108.0,4.25,,11.51
1989,Robert Lyons,Akron,FS,74.1,200,,,,4.77,11.0,32.0,108.0,4.43,,11.57
1989,Art Malone,Washington,CB,69.5,174,,,,4.75,14.0,31.0,113.0,4.42,,11.6
1989,Tony Martin,Colorado Mesa,WR,72.1,174,,,,4.44,,39.0,129.0,4.22,,11.1
1989,Wayne Martin,Arkansas,DE,77.0,278,,,,5.07,14.0,30.5,103.0,4.56,,
1989,Robert Massey,North Carolina Central,CB,70.4,185,,,,4.49,11.0,34.0,115.0,4.44,,11.39
1989,Michael Mayes,Louisiana State,CB,70.8,180,,,,,9.0,,,,,
1989,Mike Mccray,Ohio State,OLB,74.1,237,,,,,14.0,,,,,
1989,Rich Mccullough,Clemson,DT,77.1,267,,,,5.1,22.0,28.5,106.0,4.7,,
1989,Quintus Mcdonald,Penn State,DE,75.3,248,,,,4.91,,33.5,,,,
1989,Bubba Mcdowell,Miami (FL),CB,72.6,194,,,,4.63,13.0,37.5,121.0,4.05,,11.11
1989,Mike Mcgee,Bowling Green (OH),RB,72.3,228,,,,4.75,18.0,32.0,114.0,4.24,,11.81
1989,Todd Mcnair,Temple,RB,72.6,185,,,,4.7,,38.0,124.0,4.15,,11.52
1989,Travis Mcneal,Tennessee-Chattanooga,TE,75.3,238,,,,4.75,14.0,37.0,119.0,4.57,,11.97
1989,Dave Meggett,Towson (MD),RB,67.3,174,,,,4.64,20.0,34.5,122.0,4.26,,11.72
1989,Mark Messner,Michigan,ILB,74.8,256,,,,5.24,11.0,23.0,94.0,4.63,,
1989,Eric Metcalf,Texas,WR,69.0,180,,,,4.46,,33.0,118.0,,,
1989,Maury Metcalf,Washington State,OLB,74.5,245,,,,4.96,17.0,,,,,
1989,Bill Michel,East Carolina (NC),OG,76.1,272,,,,4.75,26.0,,,,,
1989,Jeff Mickel,Eastern Washington,OT,77.4,288,,,,5.11,22.0,31.0,109.0,5.05,,
1989,Brock Miller,North Carolina State,OG,78.6,299,,,,,,,,,,
1989,John Miller,Michigan State,CB,73.0,187,,,,4.75,4.0,29.5,102.0,4.24,,11.38
1989,Todd Millikan,Nebraska,TE,74.5,238,,,,4.84,11.0,30.5,100.0,4.44,,12.18
1989,Frank Miotke,Grand Valley State (MI),WR,71.0,174,,,,4.61,,32.0,117.0,3.99,,10.96
1989,Eric Mitchel,Oklahoma,RB,71.4,205,,,,4.44,12.0,34.0,116.0,4.2,,11.49
1989,Boo Mitchell,Vanderbilt,WR,70.3,181,,,,4.74,,32.5,111.0,4.27,,11.46
1989,Lb Moon,Texas A&M,OT,76.9,267,,,,5.03,14.0,28.0,104.0,4.72,,
1989,Joe Mott,Iowa,DE,76.0,243,,,,4.9,,29.0,112.0,4.13,,
1989,Brent Napierkowski,Portland State (OR),DE,78.0,272,,,,5.23,26.0,27.5,104.0,4.72,,
1989,Mike Nettles,Memphis,CB,70.4,190,,,,4.71,16.0,31.5,112.0,4.32,,11.45
1989,Falanda Newton,Texas Christian,FS,73.8,200,,,,4.78,,32.5,116.0,4.59,,11.84
1989,Calvin Nicholson,Oregon State,CB,69.5,181,,,,4.52,11.0,31.0,109.0,4.53,,11.45
1989,Ralph Norwood,Louisiana State,OT,78.5,276,,,,5.05,16.0,29.5,104.0,4.72,,
1989,Mark Nua,Hawaii,OT,78.1,374,,,,5.85,23.0,,,,,
1989,Louis Oliver,Florida,SS,74.1,224,,,,4.44,,38.5,116.0,4.09,,10.87
1989,Robert Oneal,Washington State,OLB,76.0,222,,,,4.92,,31.5,112.0,4.41,,11.74
1989,Bill Osborn,Pittsburgh,WR,70.8,184,,,,,,,,,,
1989,Kerry Owens,Arkansas,OLB,74.0,245,,,,4.88,17.0,32.5,105.0,4.44,,12.21
1989,Chris Parker,West Virginia,DT,76.9,285,,,,5.42,17.0,23.5,93.0,4.78,,
1989,Greg Paterra,Slippery Rock (PA),RB,70.6,210,,,,4.56,21.0,34.0,117.0,4.48,,11.96
1989,Markus Paul,Syracuse,FS,74.1,199,,,,4.68,9.0,38.0,117.0,4.3,,11.33
1989,Danny Peebles,North Carolina State,WR,71.6,169,,,,4.43,,35.5,128.0,4.23,,11.63
1989,Rodney Peete,Southern California,QB,72.5,195,,,,4.72,,29.0,103.0,4.53,,
1989,Lawrence Pete,Nebraska,DT,72.9,280,,,,5.19,25.0,26.0,98.0,4.71,,
1989,Todd Philcox,Syracuse,QB,76.0,213,,,,5.12,,27.5,100.0,4.43,,
1989,Darrell Phillips,Louisiana State,DT,72.5,253,,,,5.18,17.0,,,,,
1989,Kim Phillips,North Texas,CB,69.9,185,,,,4.54,6.0,38.0,125.0,4.13,,11.16
1989,Warren Powers,Maryland,DT,78.6,274,,,,5.02,,30.5,103.0,4.82,,
1989,Mark Prins,Grand Valley State (MI),OT,76.0,281,,,,5.48,13.0,22.5,91.0,4.88,,
1989,Wes Pritchett,Notre Dame,OLB,76.8,238,,,,5.06,23.0,29.5,99.0,4.58,,12.11
1989,Ernest Purnsley,Wake Forest,FS,70.5,186,,,,4.65,11.0,34.0,116.0,4.5,,11.57
1989,Jeff Query,Millikin (IL),WR,71.3,164,,,,4.43,,37.5,123.0,3.91,,10.83
1989,Paul Reilly,Nebraska-Kearney,TE,75.6,234,,,,4.9,17.0,30.0,105.0,4.39,,11.99
1989,Rodney Rice,Brigham Young,CB,67.4,180,,,,4.65,,35.0,113.0,4.38,,11.74
1989,Tom Ricketts,Pittsburgh,OT,77.0,303,,,,,20.0,,,,,
1989,Andre Rison,Michigan State,WR,70.0,187,,,,4.47,,35.0,114.0,3.96,,11.37
1989,Kevin Robbins,Michigan State,OT,76.8,281,,,,5.27,,27.0,95.0,4.93,,
1989,Robert Robinson,South Carolina,CB,70.5,181,,,,4.63,12.0,36.0,119.0,4.59,,11.89
1989,Tracy Rocker,Auburn,DT,74.8,285,,,,5.29,16.0,,,,,
1989,Tracy Rogers,Frenso State (CA),ILB,73.4,230,,,,4.82,18.0,32.0,110.0,4.41,,11.86
1989,Benji Roland,Auburn,DT,75.0,272,,,,5.24,,25.0,101.0,4.67,,
1989,John Roper,Texas A&M,OLB,73.6,228,,,,4.87,15.0,37.0,,,,
1989,Everett Ross,Ohio State,WR,70.0,178,,,,4.58,,36.0,113.0,4.19,,11.75
1989,Greg Ross,Memphis,DT,74.8,266,,,,5.08,18.0,31.0,103.0,4.58,,
1989,Rickey Royal,Sam Houston State (TX),CB,69.3,183,,,,4.54,17.0,34.0,112.0,4.44,,11.91
1989,Troy Sadowski,Georgia,TE,76.8,242,,,,4.85,16.0,32.5,117.0,4.24,,
1989,Ron Sancho,Louisiana State,OLB,74.0,230,,,,4.95,18.0,31.0,108.0,4.62,,12.11
1989,Deion Sanders,Florida State,CB,71.8,182,,,,4.29,,,,,,
1989,Mark Seals,Boston College,CB,72.8,201,,,,4.65,10.0,33.0,118.0,4.36,,11.65
1989,Richard Shelton,Liberty (VA),CB,70.0,180,,,,4.52,13.0,39.0,125.0,4.39,,11.38
1989,Heath Sherman,Texas A&M-Kingsville,FB,70.4,201,,,,4.57,12.0,,,,,
1989,Kevin Simons,Tennessee,OT,75.9,311,,,,,,,,,,
1989,Andy Sinclair,Stanford,C,74.5,277,,,,5.26,28.0,27.0,101.0,4.63,,
1989,Brian Slater,Washington,WR,75.9,195,,,,4.56,,31.5,108.0,4.05,,11.92
1989,Jessie Small,Eastern Kentucky,OLB,76.1,236,,,,4.74,15.0,31.0,114.0,4.57,,
1989,Brian Smith,Auburn,DE,77.8,248,,,,4.83,,31.5,,4.5,,12.34
1989,Eric Smith,UCLA,OLB,75.4,240,,,,,16.0,,,,,
1989,Julius Smith,Stephen F. Austin (TX),OLB,73.3,248,,,,4.94,16.0,28.0,108.0,4.68,,12.56
1989,Kendall Smith,Utah State,WR,69.6,179,,,,4.59,,33.0,110.0,4.39,,11.59
1989,Brent Snyder,Utah State,QB,75.3,225,,,,5.09,,25.5,104.0,4.45,,
1989,Anthony Spears,Portland State (OR),DE,76.4,275,,,,5.23,12.0,27.0,97.0,4.84,,
1989,Anthony Stafford,Oklahoma,WR,67.9,183,,,,4.47,12.0,36.0,120.0,4.16,,11.09
1989,Ron Stallworth,Auburn,DE,76.8,257,,,,4.93,19.0,28.5,104.0,4.76,,
1989,Frank Stams,Notre Dame,OLB,74.5,222,,,,4.83,19.0,32.5,110.0,4.28,,11.17
1989,Damon Stell,Oklahoma,RB,70.5,199,,,,4.74,10.0,33.0,114.0,4.35,,11.7
1989,Richard Stephens,Tulsa (OK),OG,78.6,309,,,,5.19,23.0,23.5,95.0,4.71,,
1989,Mark Stepnoski,Pittsburgh,OG,74.4,270,,,,5.01,29.0,29.0,101.0,4.53,,
1989,Alex Stewart,Cal-State Fullerton,DE,75.5,263,,,,4.74,27.0,37.5,123.0,4.63,,
1989,Andrew Stewart,Cincinnati,DE,75.9,256,,,,4.82,30.0,40.0,120.0,4.51,,
1989,Mark Stock,Virginia Military Inst (VA),WR,71.1,173,,,,4.55,,33.0,114.0,4.24,,11.25
1989,George Streeter,Notre Dame,CB,73.4,217,,,,4.77,18.0,36.0,110.0,4.24,,11.28
1989,John Stroia,West Virginia,OG,76.1,264,,,,5.3,23.0,32.5,107.0,4.45,,
1989,Chad Sydnor,Maryland,FS,69.6,176,,,,4.7,12.0,33.0,110.0,4.23,,11.88
1989,Richard Tardits,Georgia,OLB,73.6,216,,,,4.79,13.0,32.5,114.0,4.49,,11.96
1989,Craig Taylor,West Virginia,FB,71.5,223,,,,4.82,14.0,28.5,108.0,4.09,,11.4
1989,Jay Taylor,San Jose State,CB,69.8,174,,,,4.54,,33.0,116.0,4.63,,12.29
1989,Broderick Thomas,Nebraska,OLB,74.3,253,,,,4.61,,,,,,
1989,Derrick Thomas,Alabama,OLB,74.5,234,,,,4.58,,,,,,
1989,Rob Thomas,Oregon State,WR,70.8,171,,,,4.51,,34.5,119.0,4.06,,10.89
1989,Jim Thompson,Auburn,OT,78.1,266,,,,5.09,,30.5,110.0,4.68,,
1989,Lawyer Tillman,Auburn,WR,76.0,227,,,,,,,,,,
1989,Lewis Tillman,Jackson State (MS),RB,71.0,193,,,,4.67,16.0,31.5,109.0,4.31,,11.86
1989,Joe Tofflemire,Arizona,C,73.9,269,,,,,25.0,34.5,,,,
1989,Tony Tolbert,Texas-El Paso,OLB,78.1,231,,,,4.86,14.0,29.5,109.0,4.64,,12.52
1989,Billy Joe Tolliver,Texas Tech,QB,72.6,217,,,,5.09,,28.5,96.0,4.42,,
1989,Pat Tomberlin,Florida State,OG,75.3,310,,,,5.69,20.0,23.0,94.0,4.92,,
1989,Jamie Townsend,Eastern Washington,RB,70.3,179,,,,4.7,12.0,30.5,104.0,4.49,,12.18
1989,Natu Tuatagaloa,California,DE,75.6,262,,,,5.07,22.0,30.5,101.0,4.45,,
1989,Floyd Turner,Northwestern State (LA),WR,71.9,193,,,,4.65,,32.0,114.0,4.32,,11.28
1989,Marcus Turner,UCLA,FS,72.4,191,,,,4.65,9.0,33.0,106.0,,,
1989,Jeff Uhlenhake,Ohio State,C,75.5,276,,,,,,,,,,
1989,Steven Vandergrift,Missouri,DT,75.5,283,,,,5.25,22.0,27.5,99.0,4.88,,
1989,Willie Vaughn,Kansas,WR,70.9,197,,,,4.52,,33.0,115.0,4.28,,11.48
1989,John Vitale,Michigan,C,72.9,273,,,,,21.0,,,,,
1989,Tom Waddle,Boston College,WR,71.9,173,,,,4.81,,31.0,115.0,4.19,,11.36
1989,Jim Wahler,UCLA,DT,76.1,266,,,,4.99,,31.0,109.0,4.78,,
1989,Wayne Walker,Texas Tech,WR,68.5,156,,,,,,,,,,
1989,Wesley Walls,Mississippi,TE,76.5,240,,,,4.77,,,110.0,,,
1989,Alonzo Washington,Arizona,RB,70.5,212,,,,4.75,,29.5,104.0,4.3,,11.82
1989,Charles Washington,Cameron (OK),CB,72.4,195,,,,4.72,,35.5,117.0,,,
1989,Troy Washington,Pittsburgh,FS,70.5,185,,,,4.65,16.0,31.5,109.0,4.56,,11.51
1989,Dana Wells,Arizona,DT,72.8,265,,,,4.94,27.0,29.0,99.0,4.71,,
1989,Kevin Wells,San Diego State,C,76.3,273,,,,5.51,19.0,27.5,96.0,4.84,,
1989,Greg Werner,DePauw (IN),TE,75.6,236,,,,4.93,16.0,33.0,103.0,4.48,,12.19
1989,Rhondy Weston,Florida,DT,76.4,272,,,,5.12,22.0,30.0,108.0,4.65,,
1989,Freddie Weygand,Auburn,WR,71.9,187,,,,4.69,,32.0,114.0,4.24,,11.36
1989,Warren Wheat,Brigham Young,OT,77.3,277,,,,5.25,16.0,30.5,107.0,4.58,,
1989,Todd Wheeler,Georgia,C,75.0,269,,,,5.18,21.0,27.5,97.0,4.56,,
1989,Brian White,Brigham Young,OT,76.8,275,,,,,20.0,,,,,
1989,Doug Widell,Boston College,OT,76.3,283,,,,,25.0,,,,,
1989,Brett Wiese,Washington,OG,75.8,271,,,,5.42,17.0,26.0,96.0,5.09,,
1989,Erik Wilhelm,Oregon State,QB,74.8,209,,,,5.18,,26.0,101.0,4.21,,
1989,Eric Wilkerson,Kent State (OH),WR,68.8,181,,,,4.63,9.0,37.5,124.0,4.28,,11.93
1989,Brian Williams,Minnesota,OG,76.9,299,,,,5.18,22.0,29.5,97.0,4.85,,
1989,David Williams,Florida,OT,76.5,293,,,,5.12,23.0,29.0,106.0,4.5,,
1989,Jerrol Williams,Purdue,OLB,76.3,230,,,,,,,,,,
1989,Steve Williams,Boston College,CB,72.8,183,,,,,9.0,,,,,
1989,Curtis Wilson,Missouri,C,74.8,282,,,,4.95,29.0,28.0,105.0,4.39,,
1989,Steve Wisniewski,Penn State,OG,75.8,275,,,,5.08,33.0,27.5,98.0,4.35,,
1989,Joe Wolf,Boston College,OT,78.0,284,,,,5.03,26.0,27.0,102.0,4.54,,
1989,Mike Wolfe,Oklahoma State,OG,75.8,272,,,,5.05,26.0,29.5,108.0,4.58,,
1989,Rob Woods,Arizona,OT,77.8,275,,,,5.33,23.0,28.5,109.0,4.7,,
1989,Tony Woods,Oklahoma,DE,76.1,274,,,,5.06,21.0,27.5,103.0,4.52,,
1989,Shawn Woodson,James Madison (VA),OLB,74.3,226,,,,4.76,17.0,31.0,118.0,4.4,,12.21
1989,Donnell Woolford,Clemson,CB,69.6,187,,,,4.59,12.0,38.0,124.0,4.34,,11.7
1989,Vince Workman,Ohio State,RB,70.0,195,,,,4.74,13.0,30.0,110.0,,,
1989,Nas Worthen,North Carolina State,WR,68.1,177,,,,4.62,,30.5,116.0,4.3,,11.61
1989,Mike Zandofsky,Washington,OG,74.9,302,,,,5.3,26.0,26.0,96.0,4.85,,
1989,Dave Zawatson,California,OT,76.6,274,,,,5.4,23.0,27.5,101.0,4.86,,
1989,Jim Zdelar,Youngstown State (OH),OT,76.0,290,,,,5.33,21.0,30.0,98.0,4.91,,
1988,Azizuddin Abdur-Raoof,Maryland,WR,72.5,199,10.0,,,4.51,10.0,35.5,124.0,4.3,,11.72
1988,Nacho Albergamo,Louisiana State,C,74.1,263,10.0,,,5.46,24.0,28.5,107.0,4.64,,
1988,Thomas Aldridge,Texas,ILB,74.1,224,10.0,,,4.83,8.0,30.0,105.0,4.65,,12.76
1988,Mike Alexander,Penn State,WR,75.3,215,8.0,,,4.57,11.0,25.0,104.0,4.57,,11.97
1988,Eric Allen,Arizona State,CB,69.8,181,9.5,,,4.46,14.0,30.5,112.0,4.19,,11.77
1988,Marvin Allen,Tulane (LA),RB,69.8,213,9.0,,,4.55,15.0,31.0,110.0,4.54,,12.56
1988,O'Brien Alston,Maryland,DE,78.1,239,10.75,,,4.92,13.0,30.5,111.0,4.6,,12.18
1988,JR Ambrose,Mississippi,WR,72.1,186,9.25,,,4.58,8.0,,,,,
1988,Flipper Anderson,UCLA,WR,71.6,169,9.5,,,4.45,4.0,35.5,117.0,4.31,,11.3
1988,Eric Andolsek,Louisiana State,OG,73.8,281,9.5,,,5.09,25.0,27.5,108.0,4.76,,
1988,Tolbert Bain,Miami (FL),SS,73.6,197,10.0,,,4.7,12.0,30.0,112.0,4.5,,12.06
1988,Michael Ball,Southern (LA),SS,72.5,211,9.25,,,4.67,18.0,,,,,
1988,Tony Bartley,Texas A&M,OG,76.3,287,9.0,,,5.2,15.0,25.0,99.0,,,
1988,Trey Bauer,Penn State,ILB,72.9,215,8.5,,,4.98,12.0,27.0,102.0,4.5,,12.5
1988,John Baylor,Southern Mississippi,CB,71.8,192,9.25,,,4.59,,30.5,120.0,4.1,,11.25
1988,Sanjay Beach,Colorado State,WR,72.4,189,10.75,,,4.61,12.0,33.0,117.0,4.34,,11.67
1988,Brad Beckman,Nebraska-Omaha,TE,74.6,236,9.75,,,4.71,6.0,33.0,115.0,4.25,,11.59
1988,Brian Bedford,California,WR,75.4,214,10.25,,,4.57,13.0,33.5,118.0,4.4,,11.57
1988,Kerwin Bell,Florida,QB,74.1,200,9.5,,,5.07,,28.5,102.0,4.63,,
1988,Barry Belli,Frenso State (CA),K,69.1,167,7.5,,,,18.0,,,,,
1988,J.J. Birden,Oregon,WR,69.4,157,8.5,,,4.45,7.0,38.0,126.0,4.16,,11.33
1988,Bennie Blades,Miami (FL),SS,72.6,216,8.75,,,4.53,15.0,33.0,121.0,4.18,,11.7
1988,Brian Blades,Miami (FL),WR,71.1,182,9.25,,,4.48,13.0,,,,,
1988,John Booty,Texas Christian,CB,72.5,177,9.25,,,4.65,11.0,34.5,126.0,4.43,,11.88
1988,Timothy Borcky,Memphis,OT,79.3,294,9.5,,,5.4,28.0,,,,,
1988,John Brantley,Georgia,OLB,73.9,229,10.75,,,4.83,22.0,30.0,106.0,4.51,,12.56
1988,Michael Brim,Virginia Union,CB,71.6,186,8.75,,,4.44,9.0,30.0,114.0,4.2,,11.45
1988,Henry Brown,Florida,DT,74.6,251,9.25,,,4.99,17.0,30.0,105.0,4.64,,
1988,Phillip Brown,Alabama,OLB,73.9,230,8.25,,,4.64,19.0,34.0,115.0,4.37,,12.03
1988,Selwyn Brown,Miami (FL),SS,71.3,206,8.5,,,4.69,20.0,30.5,117.0,4.35,,11.87
1988,Tim Brown,Notre Dame,WR,72.0,193,9.0,,,4.39,,,,,,
1988,Vincent Brown,Mississippi Valley State,OLB,73.1,245,11.0,,,4.86,24.0,32.0,112.0,4.68,,12.45
1988,Brandy Brownlee,Oklahoma,K,71.8,229,9.75,,,,24.0,,,,,
1988,John Bruhin,Tennessee,OG,75.6,283,9.5,,,,29.0,,,,,
1988,Jeff Burger,Auburn,QB,71.9,208,9.0,,,4.72,,32.5,108.0,4.39,,
1988,David Cadigan,Southern California,OT,76.1,281,10.25,,,4.9,32.0,27.5,105.0,4.67,,
1988,Richard Calvin,Washington State,RB,72.3,198,8.25,,,4.7,10.0,28.0,109.0,4.44,,11.87
1988,Erik Campbell,Michigan,CB,69.8,170,8.0,,,4.52,,30.5,109.0,4.4,,11.81
1988,Lydell Carr,Oklahoma,FB,72.6,226,8.0,,,,20.0,,,,,
1988,Chris Carrier,Louisiana State,SS,76.6,215,10.0,,,,,,,,,
1988,Jon Carter,Pittsburgh,DT,76.3,266,11.0,,,4.95,26.0,28.0,110.0,5.01,,
1988,Pat Carter,Florida State,TE,75.9,263,10.0,,,4.92,11.0,29.0,98.0,4.77,,12.78
1988,Chuck Cecil,Arizona,FS,71.8,184,8.5,,,,6.0,,,,,
1988,Chris Chandler,Washington,QB,75.9,211,9.25,,,4.87,10.0,30.0,102.0,4.4,,
1988,Curtis Chappell,Howard (DC),WR,70.9,152,8.5,,,4.46,3.0,31.0,103.0,4.22,,11.29
1988,Clifford Charlton,Florida,OLB,74.3,238,,,,,15.0,,,,,
1988,Louis Cheek,Texas A&M,OT,78.4,288,10.25,,,5.46,23.0,23.0,100.0,4.91,,
1988,Tommy Clapp,Louisiana State,DE,75.8,276,10.5,,,5.34,20.0,30.5,101.0,4.72,,
1988,Larry Clarkson,Montana,OT,79.5,303,10.75,,,5.07,16.0,27.5,106.0,5.0,,
1988,Patrick Collins,Oklahoma,RB,69.4,197,9.25,,,4.49,10.0,33.5,110.0,4.29,,11.74
1988,Bill Condon,Alabama,OG,74.0,263,9.0,,,5.22,32.0,28.0,101.0,4.96,,
1988,George Cooper,Ohio State,RB,73.0,245,9.5,,,4.9,16.0,30.0,109.0,4.29,,12.01
1988,Jason Cooper,Duke,TE,75.3,243,9.25,,,,20.0,,,,,
1988,Danny Copeland,Eastern Kentucky,SS,74.0,206,10.0,,,4.59,18.0,30.5,115.0,,,
1988,Marcus Cotton,Southern California,OLB,75.3,214,9.0,,,4.63,19.0,,,,,
1988,Aaron Cox,Arizona State,WR,69.1,174,8.5,,,4.4,3.0,30.0,109.0,4.34,,11.49
1988,Greg Cox,Miami (FL),K,76.3,207,9.0,,,,10.0,,,,,
1988,Greg Cox,San Jose State,SS,71.0,215,9.75,,,4.67,15.0,30.0,114.0,4.34,,11.69
1988,Jeff Cross,Missouri,DE,75.6,261,10.0,,,4.93,19.0,28.0,99.0,4.72,,
1988,Derrick Crudup,Oklahoma,SS,73.9,212,9.0,,,4.61,8.0,28.0,100.0,4.54,,12.25
1988,Peter Curkendall,Penn State,DT,74.5,279,8.25,,,,28.0,28.5,106.0,,,
1988,Reuben Davis,North Carolina,DT,75.5,294,8.75,,,5.19,14.0,26.0,105.0,5.02,,
1988,Scott Davis,Illinois,DE,78.9,270,9.75,,,5.07,19.0,30.0,102.0,,,
1988,Wendell Davis,Louisiana State,WR,71.5,188,8.75,,,,3.0,,,,,
1988,Dermontti Dawson,Kentucky,C,74.3,272,,,,4.94,24.0,30.0,109.0,4.34,,
1988,Kent Dean,Kansas State,TE,76.0,233,8.75,,,,11.0,,,,,
1988,Robert Delpino,Missouri,RB,71.4,201,9.5,,,4.54,13.0,34.0,120.0,4.15,,11.47
1988,Glenn Derby,Wisconsin,OT,78.5,290,9.75,,,5.2,22.0,25.0,99.0,4.83,,
1988,Dave Desrochers,San Diego State,OT,78.4,290,9.5,,,5.56,25.0,23.0,88.0,5.08,,
1988,Scott Dill,Memphis,OT,76.8,271,9.75,,,5.29,18.0,24.0,96.0,4.66,,
1988,Cris Dishman,Purdue,CB,72.0,173,8.75,,,4.42,7.0,32.5,117.0,4.34,,11.6
1988,Rickey Dixon,Oklahoma,FS,70.8,177,10.0,,,4.47,6.0,31.0,106.0,4.32,,11.94
1988,Duke Donaldson,Auburn,WR,69.4,169,7.75,,,4.64,5.0,28.5,106.0,4.18,,11.52
1988,Alfred Dorsey,Nicholls State (LA),WR,66.8,168,9.0,,,4.7,8.0,28.5,108.0,4.38,,11.8
1988,John Driscoll,New Hampshire,OT,77.5,284,9.75,,,5.14,18.0,26.5,93.0,4.89,,
1988,Tommy Duhart,Southeastern Oklahoma State,DT,75.9,281,9.75,,,5.28,20.0,25.0,101.0,5.1,,
1988,Ron Duncan,Ball State (IN),OG,76.3,251,9.5,,,5.02,17.0,27.5,108.0,4.72,,
1988,Jerry Dunlap,Youngstown State (OH),CB,68.0,175,9.5,,,4.61,13.0,31.0,109.0,4.27,,11.74
1988,James Earle,Clemson,OLB,76.1,224,9.0,,,4.79,,29.0,108.0,4.84,,12.17
1988,Quinn Early,Iowa,WR,72.1,193,9.5,,,4.41,9.0,35.0,117.0,4.23,,11.65
1988,Ferrell Edmunds,Maryland,TE,78.0,241,10.5,,,,18.0,,,,,
1988,Brad Edwards,South Carolina,FS,73.8,196,9.5,,,4.61,9.0,35.5,111.0,4.21,,11.64
1988,John Elliott,Michigan,OT,78.9,305,10.75,,,5.46,,25.0,98.0,4.81,,
1988,Tom Erlandson,Washington,OLB,73.6,221,9.25,,,4.82,,33.0,111.0,4.53,,12.36
1988,Corris Ervin,Central Florida,CB,71.0,173,9.0,,,,6.0,,,,,
1988,Eric Everett,Texas Tech,CB,70.5,161,8.5,,,4.54,,38.5,129.0,4.09,,11.38
1988,Jeff Fairholm,Arizona,WR,71.4,186,8.75,,,4.64,12.0,30.5,108.0,4.23,,11.5
1988,Mel Farr,UCLA,FB,72.3,223,8.5,,,,21.0,,,,,
1988,Doug Fiala,Colorado State,OT,78.6,286,9.75,,,5.36,19.0,25.5,117.0,4.78,,
1988,Lucius Floyd,Nevada Las Vegas,RB,70.6,190,8.5,,,4.69,12.0,31.5,117.0,4.28,,12.08
1988,Bernard Ford,Central Florida,WR,69.5,168,8.0,,,4.37,6.0,32.0,115.0,4.05,,11.31
1988,Brian Forde,Washington State,OLB,74.5,225,9.0,,,4.64,13.0,34.0,123.0,4.36,,11.28
1988,Garry Frank,Mississippi State,OG,74.3,289,10.0,,,5.02,25.0,30.0,108.0,4.3,,
1988,Darryl Franklin,Washington,WR,70.4,187,10.25,,,4.75,10.0,29.0,108.0,4.35,,11.71
1988,Paul Frase,Syracuse,DE,77.0,264,9.0,,,4.96,19.0,28.0,110.0,4.57,,
1988,Todd Freiwald,Virginia Military Inst (VA),DE,76.5,233,10.0,,,4.85,25.0,31.5,113.0,4.7,,
1988,Darrel Fullington,Miami (FL),FS,73.9,190,9.5,,,4.59,11.0,33.5,119.0,4.28,,11.88
1988,Ezekial Gadson,Pittsburgh,OLB,72.0,205,9.25,,,4.51,18.0,,,,,
1988,Herb Gainer,Florida State,WR,74.3,192,8.5,,,4.75,7.0,28.5,112.0,4.5,,12.03
1988,Chris Gaines,Vanderbilt,OLB,71.9,228,10.0,,,4.82,19.0,34.0,110.0,4.4,,11.94
1988,Harry Galbreath,Tennessee,OG,73.1,271,10.75,,,5.12,24.0,27.0,106.0,4.89,,
1988,Kenny Gamble,Colgate (NY),RB,70.5,196,8.5,,,4.69,,30.0,111.0,4.48,,11.86
1988,Teddy Garcia,Louisiana-Monroe,K,69.6,187,8.5,,,,7.0,,,,,
1988,John Garrett,Syracuse,WR,70.6,172,9.0,,,4.78,9.0,28.0,112.0,4.37,,11.94
1988,Peter Giftopoulos,Penn State,ILB,74.5,241,,,,,,,,,,
1988,Ed Gillies,Cal-State Fullerton,OG,77.0,265,8.75,,,5.01,24.0,26.0,106.0,4.66,,
1988,Keith Gloster,Temple,WR,71.5,174,8.5,,,4.79,,28.0,122.0,4.34,,11.81
1988,Tim Goad,North Carolina,DT,74.8,273,9.5,,,5.06,27.0,29.5,108.0,4.63,,
1988,Robert Goff,Auburn,DE,75.1,262,8.75,,,4.85,18.0,29.0,108.0,,,
1988,Erwin Grabisna,Case Western (OH),DT,74.9,251,9.5,,,4.61,29.0,28.0,111.0,4.41,,
1988,David Grant,West Virginia,DT,76.0,277,10.0,,,5.11,16.0,25.0,102.0,,,
1988,Gaston Green,UCLA,RB,70.3,189,8.5,,,4.32,8.0,33.5,119.0,4.27,,12.0
1988,Todd Gregoire,Wisconsin,K,71.3,190,8.25,,,,12.0,,,,,
1988,Paul Gruber,Wisconsin,OT,76.6,290,9.5,,,,23.0,,,,,
1988,Kevin Guidry,Louisiana State,CB,72.6,176,10.0,,,4.59,,36.0,124.0,4.1,,11.31
1988,Brian Habib,Washington,OG,78.8,273,10.0,,,5.01,34.0,28.5,107.0,4.84,,
1988,John Hagy,Texas,FS,71.4,190,9.0,,,4.65,4.0,31.5,114.0,4.14,,11.28
1988,Eugene Hardy,Arizona,CB,70.4,183,9.5,,,4.89,17.0,32.5,111.0,,,
1988,Kevin Harmon,Iowa,RB,71.9,196,8.5,,,4.6,8.0,27.5,106.0,4.19,,11.96
1988,Darryl Harris,Arizona State,WR,70.5,184,8.0,,,4.62,11.0,31.5,117.0,4.45,,11.99
1988,Ken Harvey,California,OLB,74.0,226,9.0,,,4.61,25.0,37.5,126.0,4.26,,11.33
1988,Michael Haynes,Northern Arizona,WR,72.4,180,8.5,,,4.46,5.0,34.5,119.0,4.36,,11.26
1988,Steve Hegdale,Tulsa (OK),OT,76.8,283,10.25,,,,21.0,,,,,
1988,Dan Henning,Maryland,QB,71.5,195,9.0,,,5.27,5.0,26.5,99.0,4.64,,
1988,Charles Henry,Miami (FL),TE,76.1,224,10.5,,,,,,,,,
1988,Ken Henry,Southern California,WR,74.5,194,9.5,,,4.84,,36.5,112.0,4.44,,12.0
1988,Harold Hicks,San Diego State,FS,71.6,199,9.5,,,4.49,13.0,36.5,126.0,4.3,,11.66
1988,Alex Higdon,Ohio State,TE,76.9,247,10.0,,,4.72,23.0,30.0,109.0,4.32,,11.61
1988,Mark Higgs,Kentucky,RB,67.0,195,8.5,,,4.53,17.0,43.0,126.0,4.16,,11.38
1988,Nate Hill,Auburn,DT,75.6,273,9.25,,,4.9,23.0,31.0,109.0,5.01,,
1988,Percy Hines,Houston,CB,70.4,192,9.0,,,4.54,12.0,32.0,115.0,4.52,,12.03
1988,George Hinkle,Arizona,DE,77.8,266,10.0,,,5.17,19.0,25.0,99.0,4.86,,
1988,Mike Hinnant,Temple,TE,74.6,254,9.25,,,4.97,15.0,29.0,100.0,,,
1988,Pierce Holt,Angelo State (TX),DE,76.3,269,9.25,,,,20.0,,,,,
1988,Alan Hooker,North Carolina A&T,RB,73.0,190,9.75,,,4.69,,33.5,123.0,4.5,,
1988,Rob Houghtlin,Iowa,K,71.4,169,9.75,,,,10.0,,,,,
1988,David Houle,Michigan State,OT,76.3,277,9.5,,,5.12,30.0,32.0,111.0,4.53,,
1988,William Howard,Tennessee,RB,71.9,242,8.5,,,4.89,17.0,26.0,104.0,4.42,,11.74
1988,Al Huge,Hillsdale (MI),DT,75.3,279,10.25,,,5.17,23.0,24.0,103.0,4.71,,
1988,Stan Humphries,Louisiana-Monroe,QB,73.9,223,10.25,,,4.93,,28.0,102.0,4.56,,
1988,Mark Hutson,Oklahoma,OG,75.0,289,10.25,,,5.17,12.0,25.0,96.0,,,
1988,Riccardo Ingram,Georgia Tech,CB,71.4,207,8.75,,,4.72,13.0,29.5,110.0,4.41,,12.57
1988,Todd Irvin,Mississippi,OT,77.4,288,9.25,,,5.2,15.0,26.5,99.0,4.85,,
1988,Artis Jackson,Texas Tech,DT,76.9,309,9.5,,,5.34,22.0,26.0,95.0,5.03,,
1988,Keith Jackson,Oklahoma,TE,74.4,250,9.5,,,4.69,,29.0,,4.59,,12.17
1988,Kenny Jackson,San Jose State,RB,70.8,191,9.5,,,4.77,7.0,28.5,114.0,4.54,,12.23
1988,Jeff James,Stanford,WR,70.6,179,8.75,,,4.59,6.0,33.0,113.0,4.48,,11.55
1988,Tony Jeffery,Texas Christian,RB,70.9,208,9.0,,,4.48,15.0,28.0,115.0,4.4,,11.76
1988,Paul Jetton,Texas,OG,76.4,288,9.5,,,5.33,21.0,28.0,110.0,4.84,,
1988,Greg Johnson,Oklahoma,OT,76.0,311,9.0,,,5.07,23.0,27.0,102.0,4.66,,
1988,Michael Johnson,Texas Tech,OLB,73.3,227,9.5,,,4.93,19.0,27.0,104.0,4.45,,11.85
1988,Rory Johnson,St. Joseph's (IN),RB,70.5,222,9.0,,,4.81,31.0,31.5,111.0,4.56,,12.49
1988,Steve Johnson,Virginia Tech,TE,77.4,235,9.75,,,,16.0,30.5,116.0,4.38,,11.72
1988,Troy Johnson,Oklahoma,OLB,72.9,229,9.0,,,4.76,18.0,30.5,115.0,4.26,,11.9
1988,Dante Jones,Oklahoma,OLB,73.3,229,9.75,,,,17.0,,,,,
1988,Derwin Jones,Miami (FL),DT,75.4,270,9.0,,,,18.0,,,,,
1988,Ernie Jones,Indiana,WR,71.0,186,9.0,,,,,,,,,
1988,Keith Jones,Nebraska,RB,69.1,179,8.0,,,4.38,6.0,36.0,117.0,4.19,,11.48
1988,Quintin Jones,Pittsburgh,SS,71.0,193,8.0,,,,13.0,,,,,
1988,Robert Jones,Houston,FS,73.5,205,10.25,,,4.66,,29.5,110.0,4.26,,12.22
1988,Tony Jones,Western Carolina,OT,77.0,270,10.0,,,5.28,19.0,,,,,
1988,Victor Jones,Virginia Tech,OLB,73.8,244,8.5,,,4.83,14.0,26.0,96.0,4.41,,12.39
1988,Paul Jurgensen,Georgia Tech,DE,77.1,243,9.0,,,5.04,20.0,27.0,108.0,4.49,,
1988,Todd Kalis,Arizona State,OG,77.8,277,10.25,,,5.03,21.0,29.0,109.0,4.66,,
1988,Craig Kantner,Ball State (IN),OT,75.8,278,8.75,,,5.2,26.0,25.0,99.0,4.84,,
1988,Ted Karamanos,Northern Illinois,OG,74.0,282,10.0,,,5.33,29.0,25.5,104.0,4.7,,
1988,Brian Kinchen,Louisiana State,TE,74.3,227,9.5,,,4.99,24.0,33.5,106.0,4.31,,11.89
1988,Jeff Knapton,Wyoming,DE,76.9,236,8.75,,,5.02,16.0,25.0,105.0,4.44,,
1988,Matthew Knizner,Penn State,QB,74.4,198,9.75,,,4.91,,28.5,101.0,4.6,,
1988,Kurt Koch,Colorado,DE,79.6,269,9.5,,,5.32,18.0,26.5,101.0,4.53,,
1988,Todd Krumm,Michigan State,CB,72.8,195,9.25,,,4.79,3.0,27.0,106.0,4.34,,11.76
1988,Eric Kumerow,Ohio State,DE,79.0,257,9.75,,,,,,,,,
1988,Greg Kunkel,Kentucky,OT,76.8,286,9.5,,,5.18,26.0,25.0,91.0,4.47,,
1988,Chuck Lanza,Notre Dame,C,74.3,265,10.0,,,4.88,26.0,30.5,112.0,4.58,,
1988,Guy Liggins,San Jose State,WR,74.0,198,8.5,,,4.72,17.0,30.5,108.0,4.45,,12.08
1988,Andre Lloyd,Jackson State (MS),OLB,73.0,252,8.25,,,,19.0,28.0,108.0,4.7,,12.38
1988,Gordon Lockbaum,Holy Cross (MA),RB,70.6,195,8.75,,,4.75,16.0,30.0,111.0,4.13,,11.4
1988,Andre Lockley,Tulane (LA),OT,77.8,286,10.25,,,5.41,,27.0,97.0,5.01,,
1988,Chip Lohmiller,Minnesota,K,75.0,211,9.0,,,,12.0,,,,,
1988,Rodney Lossow,Wisconsin,C,74.6,273,10.25,,,5.0,28.0,26.0,107.0,4.69,,
1988,Rogie Magee,Louisiana State,WR,74.5,203,9.5,,,4.51,8.0,33.0,111.0,4.34,,11.59
1988,Richard Marks,Oklahoma,OT,76.3,273,8.75,,,5.32,18.0,25.5,95.0,4.86,,
1988,Mark Maye,North Carolina,QB,75.0,196,8.5,,,,,,,,,
1988,Martin Mayhew,Florida State,CB,68.5,172,8.5,,,4.47,7.0,34.0,111.0,4.42,,11.7
1988,Dan Mccoin,Cincinnati,QB,74.6,206,9.25,,,5.1,,25.5,97.0,4.62,,
1988,Randall Mcdaniel,Arizona State,OG,75.8,268,10.0,,,4.6,17.0,35.0,119.0,,,
1988,Terence Mcdaniel,Tennessee,CB,70.1,170,9.5,,,,,,,,,
1988,Darryl Mcgill,Wake Forest,RB,69.9,213,9.5,,,4.59,20.0,30.5,,,,
1988,Paul Mcgowan,Florida State,OLB,71.6,227,9.5,,,4.79,28.0,31.5,116.0,4.5,,11.97
1988,Gary Mcguire,Houston,OLB,75.1,238,8.0,,,4.94,19.0,30.5,102.0,4.5,,12.81
1988,Rick Mcleod,Washington,OT,78.0,266,9.5,,,5.43,,27.5,109.0,4.72,,
1988,Danny Mcmanus,Florida State,QB,71.5,196,9.75,,,4.86,,25.0,101.0,4.49,,
1988,Erik Mcmillan,Missouri,SS,73.8,199,9.0,,,,12.0,35.0,118.0,4.39,,
1988,Don Mcpherson,Syracuse,QB,73.1,181,9.25,,,4.53,,32.0,114.0,4.2,,
1988,David Miles,Brigham Young,WR,74.5,183,8.75,,,4.59,6.0,33.3,119.0,4.32,,11.74
1988,Anthony Miller,Tennessee,WR,70.6,181,8.5,,,4.38,14.0,32.0,111.0,4.2,,11.84
1988,James Milling,Maryland,WR,69.4,156,7.75,,,4.47,8.0,32.0,111.0,4.32,,11.7
1988,George Mira,Miami (FL),ILB,71.9,230,10.25,,,4.83,28.0,32.5,111.0,4.28,,11.99
1988,Eric Moore,Indiana,OT,76.9,291,10.5,,,5.05,18.0,25.0,100.0,,,
1988,Tim Moore,Michigan State,OLB,74.5,218,9.25,,,4.75,17.0,33.5,122.0,3.87,,11.4
1988,Jamie Morris,Michigan,RB,66.8,185,8.25,,,4.54,,30.5,110.0,4.41,,11.58
1988,Burton Murchison,Lamar (TX),RB,71.8,205,9.5,,,,,,,,,
1988,Brad Muster,Stanford,FB,75.8,232,9.0,,,4.69,17.0,,,,,
1988,Woody Myers,South Carolina,C,76.5,283,9.5,,,5.08,20.0,28.0,107.0,,,
1988,Keith Neubert,Nebraska,TE,77.1,241,10.25,,,4.88,11.0,31.5,108.0,4.52,,11.52
1988,Anthony Newman,Oregon,SS,72.1,199,9.75,,,4.43,17.0,38.5,133.0,3.82,,10.65
1988,Mark Nichols,Michigan State,DT,73.6,262,9.5,,,,26.0,,,,,
1988,Al Noga,Hawaii,DT,73.0,259,9.25,,,4.89,34.0,32.0,115.0,4.43,,
1988,Lavance Northington,Oregon State,CB,71.8,185,9.25,,,4.73,16.0,32.5,117.0,4.2,,11.6
1988,Ken Norton,UCLA,ILB,73.8,230,8.5,,,4.56,21.0,32.0,114.0,4.37,,11.68
1988,Dave Nugent,Boston College,DT,75.0,269,9.0,,,5.0,24.0,27.5,103.0,4.79,,
1988,Clarence Nunn,San Diego State,CB,70.3,176,9.5,,,4.61,15.0,32.5,113.0,4.3,,11.89
1988,Sammy Obrient,Texas A&M,DT,74.5,257,9.25,,,5.03,22.0,27.0,108.0,4.62,,
1988,Walter Odom,Florida,TE,75.4,241,8.75,,,4.89,15.0,32.5,117.0,4.6,,12.18
1988,Michael Oliphant,Puget Sound (WA),WR,69.0,173,9.0,,,,13.0,,,,,
1988,Tommy Oliver,Alabama State,DE,76.6,256,8.25,,,4.94,20.0,29.0,102.0,4.76,,
1988,Cassius Osborn,Georgia,WR,72.1,194,9.25,,,4.62,9.0,30.5,110.0,4.48,,11.88
1988,Billy Owens,Pittsburgh,FS,73.4,197,9.75,,,4.63,16.0,30.5,112.0,4.13,,11.88
1988,Carl Painter,Hampton (VA),RB,69.5,184,9.5,,,,9.0,,,,,
1988,Daryl Parham,North Carolina,OT,77.8,258,8.75,,,4.99,13.0,32.0,122.0,4.62,,12.5
1988,Anthony Parker,Arizona State,CB,69.9,175,8.25,38.5,,,,,,,,
1988,Matt Patchan,Miami (FL),OT,75.5,275,9.5,,,,28.0,,,,,
1988,Shawn Patterson,Arizona State,DE,76.9,261,9.25,,,4.81,28.0,29.0,108.0,4.35,,
1988,Gary Patton,Eastern Michigan,RB,68.5,193,9.75,,,4.63,8.0,30.5,108.0,4.32,,11.42
1988,Darryl Pearson,Alabama State,WR,73.9,198,9.25,,,4.78,2.0,28.5,103.0,4.44,,11.98
1988,Mike Perez,San Jose State,QB,73.5,207,8.75,,,,16.0,,,,,
1988,Brett Perriman,Miami (FL),WR,69.4,175,8.75,,,4.36,17.0,36.0,,,,
1988,Gerald Perry,Southern (LA),OT,77.9,311,10.5,,,5.14,13.0,26.5,99.0,,,
1988,Richard Petitbon,Maryland,ILB,75.9,240,,,,,17.0,,,,,
1988,Edward Phillips,Auburn,OLB,73.9,241,8.75,,,4.77,20.0,,,,,
1988,John Phillips,Clemson,OG,76.4,268,10.0,,,5.2,17.0,29.5,98.0,5.04,,
1988,Jon Phillips,Oklahoma,OG,75.4,280,9.5,,,5.07,23.0,26.5,104.0,4.76,,
1988,Mike Piel,Illinois,DT,76.5,263,10.25,,,5.15,,29.0,111.0,4.43,,
1988,Paul Pomfret,Penn State,TE,75.5,242,10.0,,,4.86,17.0,31.5,110.0,4.45,,11.74
1988,Joel Porter,Baylor,OT,75.8,269,9.0,,,5.02,27.0,28.0,100.0,4.79,,
1988,Kevin Porter,Auburn,SS,70.5,211,9.0,,,4.56,15.0,34.5,119.0,4.2,,11.31
1988,James Primus,UCLA,RB,70.8,196,8.0,,,4.49,14.0,33.5,114.0,4.28,,11.48
1988,Mickey Pruitt,Colorado,SS,73.0,211,10.25,,,,5.0,,,,,
1988,Rollin Putzier,Oregon,DT,76.0,279,10.25,,,4.99,22.0,29.5,106.0,4.48,,
1988,Mickey Ray,Appalachian State (NC),OLB,73.9,231,9.25,,,4.75,12.0,33.0,111.0,4.53,,12.21
1988,Darrell Reed,Oklahoma,OLB,73.3,225,9.0,,,4.92,15.0,29.5,110.0,4.58,,11.86
1988,Harvey Reed,Howard (DC),RB,71.0,181,9.0,,,4.5,9.0,32.0,119.0,4.21,,11.49
1988,Tom Rehder,Notre Dame,OT,78.3,270,9.75,,,4.86,14.0,31.5,114.0,4.56,,
1988,Caesar Rentie,Oklahoma,OG,74.9,293,10.5,,,5.06,30.0,26.5,100.0,5.0,,
1988,James Rich,Albany State (GA),WR,72.0,170,9.0,,,4.68,8.0,31.0,114.0,4.51,,12.33
1988,Gary Richard,Pittsburgh,CB,69.1,171,8.25,,,4.6,15.0,31.5,104.0,4.47,,11.54
1988,David Richards,UCLA,OT,77.0,327,9.0,,,5.29,22.0,22.5,90.0,4.98,,
1988,Alfredo Roberts,Miami (FL),TE,75.8,247,8.75,,,4.95,,29.5,,4.46,,11.91
1988,Bill Romanowski,Boston College,OLB,75.5,231,9.25,,,4.76,,31.5,111.0,4.25,,11.45
1988,Rich Romer,New York,OLB,74.8,214,9.25,,,4.79,18.0,30.0,111.0,4.38,,11.89
1988,Tim Rother,Nebraska,DE,79.0,265,10.25,,,4.96,17.0,32.5,111.0,4.55,,
1988,Tollie Royal,Sam Houston State (TX),SS,71.0,197,9.5,,,4.68,17.0,37.0,115.0,4.28,,11.47
1988,Todd Santos,San Diego State,QB,73.9,207,10.0,,,4.98,10.0,27.5,100.0,4.5,,
1988,James Saxon,San Jose State,RB,71.1,205,9.25,,,4.67,12.0,31.0,115.0,4.42,,11.97
1988,Greg Scales,Wake Forest,TE,75.6,253,9.25,,,4.84,17.0,29.0,112.0,4.54,,12.28
1988,Andy Schillinger,Miami (OH),WR,71.6,179,9.0,,,4.48,8.0,30.5,110.0,4.11,,11.11
1988,Michael Scott,Missouri,OG,76.6,277,8.5,,,5.16,23.0,27.0,105.0,4.82,,11.11
1988,Mike Scully,Illinois,OT,76.9,283,10.25,,,5.28,24.0,25.0,103.0,4.77,,
1988,Stacy Searels,Auburn,OT,77.4,276,9.75,,,5.19,,25.5,99.0,4.7,,
1988,Sterling Sharpe,South Carolina,WR,71.5,202,9.5,,,,,,,,,
1988,Ricky Shaw,Oklahoma State,DE,76.3,234,11.0,,,4.74,15.0,34.5,127.0,4.5,,
1988,Bob Sims,Florida,OG,75.5,269,10.0,,,5.15,25.0,29.0,96.0,4.69,,
1988,Dwight Sistrunk,Iowa,CB,72.1,185,9.5,,,4.77,,31.5,106.0,4.4,,11.7
1988,Steve Slayden,Duke,QB,73.5,185,10.25,,,4.99,1.0,26.5,103.0,4.57,,
1988,Danny Smith,South Carolina,WR,74.4,207,8.25,,,4.7,6.0,30.5,115.0,4.45,,12.02
1988,Neil Smith,Nebraska,DE,76.3,257,9.0,,,4.65,,32.5,124.0,4.57,,
1988,Rod Smith,Nebraska,WR,71.8,197,9.0,,,,9.0,,,,,
1988,Chris Spielman,Ohio State,ILB,72.0,234,9.25,,,4.9,23.0,32.5,109.0,4.13,,11.97
1988,John Stephens,Northwestern State (LA),RB,72.1,220,8.5,,,4.41,23.0,35.5,116.0,4.22,,11.34
1988,Tony Stephens,Clemson,DT,74.6,306,9.5,,,,23.0,,,,,
1988,Lemuel Stinson,Texas Tech,CB,69.4,165,9.0,,,4.54,,37.0,122.0,4.27,,11.63
1988,Fred Strickland,Purdue,OLB,74.1,244,9.0,,,4.73,23.0,32.0,114.0,4.28,,11.91
1988,Rick Strom,Georgia Tech,QB,74.3,203,9.25,,,4.72,9.0,31.0,108.0,4.39,,
1988,Danny Stubbs,Miami (FL),DE,76.3,259,9.5,,,4.9,,25.0,110.0,4.65,,
1988,John Talley,West Virginia,WR,77.0,225,10.0,,,4.83,6.0,31.0,115.0,4.37,,11.81
1988,David Tate,Colorado,SS,72.6,178,9.0,,,4.71,14.0,35.5,126.0,4.24,,11.45
1988,Lars Tate,Georgia,RB,73.6,213,8.75,,,4.47,18.0,31.5,124.0,4.37,,11.69
1988,Keith Taylor,Illinois,SS,71.4,193,8.0,,,4.56,14.0,,,,,
1988,Franky Thomas,Houston,FS,74.4,208,10.0,,,4.69,14.0,31.5,111.0,4.35,,11.8
1988,George Thomas,Nevada Las Vegas,WR,69.4,169,9.5,,,4.4,7.0,34.0,120.0,4.4,,11.63
1988,Rodney Thomas,Brigham Young,CB,69.8,197,9.0,,,4.52,16.0,32.5,111.0,4.34,,11.64
1988,Thurman Thomas,Oklahoma State,RB,69.9,198,8.75,,,4.47,13.0,33.0,114.0,4.21,,11.39
1988,William Thompson,Boston College,OLB,74.4,230,9.25,,,4.69,22.0,30.0,113.0,4.42,,12.14
1988,Jim Thornton,Cal-State Fullerton,TE,74.0,246,9.5,,,4.7,29.0,36.0,123.0,4.31,,11.42
1988,Randy Thornton,Houston,OLB,76.1,223,10.0,,,4.58,14.0,32.0,124.0,4.3,,11.73
1988,Tom Tupa,Ohio State,P,76.5,220,10.25,,,4.83,13.0,28.0,105.0,4.31,,
1988,Robert Tyler,South Carolina State,TE,77.0,259,10.0,,,5.02,15.0,27.0,104.0,4.85,,13.0
1988,Darryl Usher,Illinois,WR,67.5,162,8.25,,,4.46,10.0,34.5,110.0,4.02,,11.24
1988,Chris Verhulst,Cal State Chico,TE,74.0,239,9.25,,,4.67,27.0,,,,,
1988,Dave Viaene,Minnesota-Duluth,C,77.0,291,11.0,,,5.28,31.0,28.5,104.0,4.98,,
1988,David Vickers,Oklahoma,CB,74.6,197,10.0,,,4.86,7.0,33.0,110.0,4.25,,11.8
1988,Van Waiters,Indiana,OLB,75.9,243,8.75,,,4.87,9.0,30.5,108.0,4.7,,12.8
1988,Kevin Walker,Maryland,OLB,74.5,238,,,,,22.0,,,,,
1988,Reggie Ware,Auburn,RB,73.0,241,8.5,,,4.59,17.0,34.0,109.0,4.4,,12.01
1988,James Washington,UCLA,FS,72.9,191,7.5,,,4.66,6.0,34.0,116.0,4.43,,11.98
1988,Charles Webb,Arizona,FB,72.3,224,9.0,,,4.71,17.0,28.5,107.0,4.45,,12.25
1988,Brandy Wells,Notre Dame,CB,70.0,184,9.25,,,4.53,15.0,33.5,115.0,4.33,,11.55
1988,Herb Wester,Iowa,OT,79.5,300,9.25,,,5.41,22.0,26.5,93.0,4.99,,
1988,Derrick White,Oklahoma,CB,68.3,182,9.0,,,4.59,10.0,28.5,95.0,4.63,,11.57
1988,Lorenzo White,Michigan State,RB,70.6,207,9.0,,,,,,,,,
1988,Sheldon White,Miami (OH),CB,71.1,191,9.5,,,4.47,10.0,35.5,112.0,3.97,,11.31
1988,Todd White,Cal-State Fullerton,WR,72.3,196,10.5,,,4.68,7.0,32.0,111.0,4.38,,11.48
1988,William White,Ohio State,SS,69.8,189,9.5,,,4.57,11.0,33.0,111.0,4.22,,11.54
1988,Clay Whitehurst,Alabama,WR,71.8,196,8.25,,,4.67,3.0,29.0,107.0,4.25,,11.5
1988,Dave Widell,Boston College,OT,78.4,297,10.0,,,5.41,19.0,24.0,98.0,4.53,,
1988,Steve Wilkes,Appalachian State (NC),OT,76.3,254,9.75,,,5.28,14.0,28.5,106.0,4.72,,12.58
1988,Channing Williams,Arizona State,FB,69.8,227,8.75,,,4.69,16.0,29.5,109.0,4.64,,12.1
1988,Jarvis Williams,Florida,SS,71.4,195,9.0,,,4.59,7.0,28.0,102.0,4.41,,11.98
1988,John Williams,Kansas State,WR,72.4,190,9.0,,,4.53,6.0,25.5,106.0,4.64,,12.42
1988,Terry Williams,Bethune-Cookman (FL),CB,70.5,192,8.25,,,4.46,18.0,28.5,116.0,4.34,,11.59
1988,Warren Williams,Miami (FL),RB,72.1,190,8.0,,,,8.0,,,,,
1988,Matt Wilson,Texas A&M,C,76.1,279,9.5,,,5.44,,24.5,103.0,5.01,,
1988,Scott Wilson,North Carolina State,DE,79.3,262,10.25,,,5.03,12.0,27.5,109.0,4.84,,
1988,Mike Withycombe,Frenso State (CA),OT,77.1,308,11.0,,,5.49,19.0,23.0,93.0,4.77,,
1988,Troy Wolkow,Minnesota,OG,74.9,269,9.5,,,4.89,26.0,31.5,101.0,4.58,,
1988,Ickey Woods,Nevada Las Vegas,FB,72.3,231,9.0,,,4.54,14.0,31.5,116.0,4.38,,12.06
1988,Keith Woodside,Texas A&M,RB,71.4,203,8.5,,,4.59,14.0,30.5,113.0,4.3,,11.42
1988,Bo Wright,Alabama,FB,70.1,210,9.5,,,4.46,18.0,30.5,109.0,4.2,,11.24
1988,Richard Zayas,Brigham Young,WR,71.8,176,9.0,,,4.66,1.0,30.0,109.0,4.39,,12.1
1988,Marty Zendejas,Nevada Las Vegas,K,68.3,168,7.5,,,,4.0,,,,,
1988,Marc Zeno,Tulane (LA),WR,74.9,202,9.0,,,4.81,7.0,35.0,114.0,4.32,,11.7
1988,Phil Zielinski,Central Michigan,OLB,74.9,233,,,,4.97,,28.5,108.0,4.32,,11.46
1987,Mike Adams,Arizona State,CB,69.8,198,8.5,30.5,,4.42,13.0,32.0,118.0,4.6,,11.91
1987,John Adickes,Baylor,C,74.8,266,10.25,30.0,,4.97,25.0,26.5,103.0,4.6,,
1987,Tommy Agee,Auburn,FB,71.8,217,9.0,30.75,,,15.0,,,,,
1987,David Alexander,Tulsa (OK),C,75.0,279,10.5,32.75,,5.13,22.0,27.5,105.0,4.33,,
1987,Lyneal Alston,Southern Mississippi,WR,72.1,202,10.0,33.0,,4.64,7.0,32.0,114.0,4.52,,11.85
1987,Steve Alvord,Washington,DE,76.5,273,8.75,34.0,,4.86,18.0,28.5,108.0,4.49,,
1987,Anthony Anderson,Grambling State (LA),CB,73.6,208,8.5,32.5,,4.69,,31.0,111.0,4.48,,12.17
1987,Joe Armentrout,Wisconsin,FB,72.3,220,10.25,30.5,,4.71,18.0,31.0,116.0,4.16,,11.59
1987,Bruce Armstrong,Louisville,OT,76.0,284,10.25,32.75,,5.05,22.0,27.0,100.0,4.81,,
1987,Gene Atkins,Florida A&M,FS,71.3,191,9.0,29.75,,4.58,14.0,31.0,120.0,4.55,,12.05
1987,Robert Awalt,San Diego State,TE,77.0,239,9.5,30.75,,4.86,,28.0,108.0,4.45,,12.07
1987,Stephen Baker,Frenso State (CA),WR,68.0,157,8.25,30.25,,4.6,,31.0,116.0,4.41,,11.89
1987,Jerry Ball,Southern Methodist (TX),DT,72.1,292,9.0,31.25,,5.14,23.0,24.0,96.0,4.77,,
1987,Robert Banks,Notre Dame,DT,76.0,250,8.5,31.5,,4.98,18.0,,,,,
1987,Roy Banks,Eastern Illinois,WR,70.1,188,9.5,32.0,,4.52,4.0,32.0,114.0,4.26,,11.31
1987,Roland Barbay,Louisiana State,DE,75.4,259,10.0,32.5,,5.18,13.0,21.5,91.0,4.59,,
1987,Steve Bartalo,Colorado State,RB,68.8,201,9.5,28.0,,4.83,14.0,28.5,114.0,4.05,,11.34
1987,Doug Bartlett,Northern Illinois,OLB,74.3,250,9.75,30.75,,4.75,31.0,31.0,112.0,4.12,,
1987,Harris Barton,North Carolina,C,76.3,280,9.5,31.75,,5.03,24.0,31.0,106.0,4.46,,
1987,Gerald Bayless,Bowling Green (OH),TE,75.8,235,9.25,32.0,,4.82,,26.0,108.0,4.34,,11.62
1987,Albert Bell,Alabama,WR,70.8,174,9.25,30.0,,4.63,4.0,29.5,114.0,4.5,,12.23
1987,Leonard Bell,Indiana,SS,70.8,201,8.75,30.5,,4.61,18.0,30.0,106.0,4.3,,11.8
1987,Mark Bellini,Brigham Young,WR,70.9,178,9.0,30.0,,,8.0,,,,,
1987,Rod Bernstine,Texas A&M,RB,75.0,238,10.0,32.25,,4.68,18.0,29.5,112.0,4.39,,12.01
1987,Ray Berry,Baylor,ILB,74.5,226,9.25,31.0,,4.85,22.0,28.5,105.0,4.47,,12.01
1987,Steve Beuerlein,Notre Dame,QB,74.4,203,10.0,30.0,,5.1,3.0,23.0,93.0,4.63,,
1987,Alvin Blount,Eastern Kentucky,WR,69.5,201,8.75,31.25,,4.58,13.0,35.0,116.0,4.17,,11.08
1987,Ron Bohm,Illinois,DT,74.6,254,8.75,31.25,,5.12,13.0,24.5,103.0,4.54,,
1987,John Bosa,Boston College,DE,76.1,267,9.75,31.5,,4.85,27.0,28.0,99.0,4.41,,
1987,Stephen Braggs,Texas,CB,69.0,176,9.75,29.75,,4.55,7.0,28.5,111.0,4.1,,11.64
1987,David Brandon,Memphis,OLB,75.1,223,9.0,32.0,,4.73,9.0,26.5,108.0,4.45,,12.12
1987,Jeff Bregel,Southern California,OG,76.3,279,9.75,31.0,,5.4,20.0,28.5,108.0,4.63,,
1987,James Brim,Wake Forest,WR,75.0,183,7.75,32.0,,4.53,7.0,32.0,116.0,4.12,,11.21
1987,Louis Brock,Southern California,CB,70.6,163,9.5,31.25,,,,,,,,
1987,Jerome Brown,Miami (FL),DT,74.3,292,9.75,33.0,,4.86,17.0,,,,,
1987,Tom Brown,Pittsburgh,RB,72.5,218,8.5,29.75,,4.69,19.0,25.5,97.0,4.35,,11.8
1987,Jason Buck,Brigham Young,DE,77.0,250,9.25,32.75,,,19.0,,,,,
1987,Tony Burse,Middle Tennessee State,RB,72.0,220,9.5,30.5,,4.71,20.0,27.5,104.0,4.88,,12.37
1987,Cody Carlson,Baylor,QB,75.0,191,9.25,31.0,,4.82,,29.5,111.0,4.45,,
1987,Mark Carrier,Nicholls State (LA),WR,71.8,182,9.25,30.75,,4.46,9.0,30.0,114.0,4.51,,12.0
1987,Toby Caston,Louisiana State,OLB,73.0,235,9.5,31.75,,4.82,10.0,32.5,117.0,4.55,,12.18
1987,Dick Chapura,Missouri,DT,75.4,275,9.25,32.5,,,,,,,,
1987,Robert Clark,North Carolina Central,WR,69.3,170,9.5,29.75,,4.58,4.0,28.5,114.0,4.58,,11.63
1987,John Clay,Missouri,OT,77.4,320,9.75,33.25,,5.51,16.0,25.0,85.0,4.77,,
1987,Michael Clemons,William & Mary (VA),TE,64.9,163,8.25,28.25,,4.67,9.0,29.0,108.0,4.42,,11.62
1987,Joey Clinkscales,Tennessee,WR,73.0,193,9.75,31.75,,4.61,,32.5,103.0,4.43,,11.78
1987,Chris Conlin,Penn State,OT,75.4,285,9.75,32.25,,5.33,21.0,23.0,92.0,4.59,,
1987,Toi Cook,Stanford,CB,70.3,185,8.5,29.5,,4.58,,29.0,114.0,4.3,,11.46
1987,Dave Croston,Iowa,OT,76.8,281,10.5,33.75,,5.48,14.0,24.5,92.0,4.76,,
1987,Brian Davis,Nebraska,CB,73.1,189,8.25,30.5,,4.45,8.0,35.5,119.0,4.17,,11.68
1987,Greg Davis,Citadel (SC),K,71.0,197,9.0,29.25,,5.07,14.0,22.0,104.0,4.68,,
1987,John Davis,Georgia Tech,OG,75.9,301,9.0,31.25,,5.53,21.0,21.0,,,,
1987,Mark Dennis,Illinois,OT,78.3,292,10.25,34.0,,5.29,18.0,26.0,97.0,4.71,,
1987,John Diettrich,Ball State (IN),K,72.8,194,9.75,30.25,,,1.0,,,,,
1987,Randy Dixon,Pittsburgh,OG,75.6,292,9.5,33.25,,5.28,24.0,25.0,90.0,5.17,,
1987,Karl Dorrell,UCLA,WR,71.0,188,9.5,31.25,,4.67,8.0,30.5,112.0,4.44,,11.77
1987,D.J. Dozier,Penn State,RB,72.3,204,10.25,31.25,,,,34.0,122.0,,,
1987,Doug Dubose,Nebraska,RB,71.0,191,8.75,29.5,,,11.0,,,,,
1987,David Dudley,Arkansas,OLB,74.1,210,9.75,33.0,,4.65,15.0,27.5,111.0,4.38,,11.69
1987,Curtis Duncan,Northwestern,WR,70.3,180,9.5,31.5,,4.44,12.0,31.0,117.0,4.56,,11.86
1987,Scott Eccles,Eastern New Mexico,TE,76.3,243,9.25,31.75,,4.57,19.0,31.0,116.0,4.2,,11.65
1987,Onzy Elam,Tennessee State,OLB,73.8,216,9.0,30.75,,4.71,19.0,29.5,110.0,4.35,,11.88
1987,Tony Elliott,Central Michigan,SS,70.4,190,9.25,30.5,,4.84,8.0,27.0,103.0,4.21,,11.73
1987,Larry Emory,Wisconsin,RB,68.6,193,9.25,30.0,,4.6,13.0,30.0,116.0,4.02,,11.47
1987,Byron Evans,Arizona,ILB,74.0,220,9.5,32.75,,4.79,17.0,29.5,117.0,4.48,,11.94
1987,Donald Evans,Winston-Salem State (NC),DT,73.8,262,8.5,32.0,,4.62,29.0,31.0,115.0,4.52,,
1987,Thomas Everett,Baylor,FS,68.0,177,9.5,30.0,,4.56,11.0,,,,,
1987,Charles Faucette,Maryland,ILB,74.8,240,9.75,30.5,,4.91,,30.0,113.0,4.46,,11.91
1987,Rick Fenney,Washington,FB,74.3,246,9.75,31.5,,4.79,28.0,29.5,101.0,4.46,,11.91
1987,Terrence Flagler,Clemson,RB,71.6,199,9.75,30.0,,4.52,15.0,30.5,113.0,4.41,,12.2
1987,Kenneth Flowers,Clemson,RB,71.9,211,9.5,31.25,,4.44,14.0,31.0,119.0,4.4,,11.86
1987,Ron Francis,Baylor,CB,69.4,188,8.5,30.0,,4.49,8.0,34.0,115.0,4.06,,11.28
1987,Chris Gambol,Iowa,OT,78.5,291,10.5,33.5,,5.2,21.0,27.0,110.0,4.69,,
1987,Rich Gannon,Delaware,QB,74.3,193,9.5,30.0,,4.58,7.0,32.5,110.0,4.11,,
1987,Mark Garalczyk,Western Michigan,DT,76.9,272,10.75,31.75,,5.01,14.0,28.0,106.0,4.56,,
1987,Everett Gay,Texas,WR,74.1,204,10.5,32.5,,4.6,2.0,37.5,123.0,4.38,,11.57
1987,John Gesek,Cal State Sacramento,OT,76.5,274,9.75,32.0,,5.21,23.0,25.5,107.0,4.87,,
1987,Charles Glaze,South Carolina State,SS,71.8,197,8.0,30.75,,4.5,,29.5,115.0,4.5,,11.8
1987,Kevin Gogan,Washington,OG,79.0,310,9.75,32.75,,5.46,,20.5,88.0,4.88,,
1987,Chris Goode,Alabama,CB,71.6,192,9.75,31.75,,4.6,2.0,33.0,116.0,4.25,,11.38
1987,Alex Gordon,Cincinnati,OLB,76.8,239,9.75,34.0,,4.85,13.0,29.0,115.0,4.62,,12.81
1987,Sonny Gordon,Ohio State,FS,70.5,195,9.0,31.25,,4.6,19.0,30.5,106.0,,,
1987,Rick Graf,Wisconsin,OLB,77.0,240,9.5,32.0,,4.66,18.0,34.0,122.0,4.02,,11.56
1987,Don Graham,Penn State,ILB,73.5,240,9.5,31.0,,4.85,18.0,29.0,105.0,4.21,,11.77
1987,Marcus Greenwood,UCLA,FB,72.3,206,9.25,30.75,,4.65,13.0,32.0,112.0,4.12,,11.74
1987,Wayne Haddix,Liberty (VA),CB,73.1,200,8.75,32.75,,4.67,8.0,37.0,122.0,4.35,,11.36
1987,Delton Hall,Clemson,CB,72.0,202,9.25,30.0,,4.48,3.0,30.5,112.0,4.61,,12.4
1987,Ron Hall,Hawaii,TE,76.1,239,10.0,32.0,,4.71,20.0,28.5,111.0,4.14,,11.41
1987,Shawn Halloran,Boston College,QB,76.3,217,10.25,31.25,,5.14,10.0,23.5,94.0,4.53,,
1987,Tracy Ham,Georgia Southern,RB,70.3,196,9.25,30.0,,4.74,6.0,28.0,110.0,4.28,,11.8
1987,James Hansen,Utah,OT,76.8,258,8.75,31.75,,5.09,21.0,24.0,108.0,4.43,,
1987,Jim Harbaugh,Michigan,QB,74.3,203,9.75,31.25,,,,,,,,
1987,Archie Harris,William & Mary (VA),OT,77.9,270,9.5,32.25,,5.08,31.0,,,,,
1987,William Harris,Bishop (TX),TE,76.3,244,10.0,33.0,,4.71,10.0,28.0,107.0,4.43,,12.6
1987,Lakei Heimuli,Brigham Young,RB,70.8,219,9.5,30.0,,4.81,20.0,29.5,101.0,4.75,,12.63
1987,Thomas Henley,Stanford,WR,69.3,174,8.25,29.75,,4.53,,31.0,108.0,4.22,,11.57
1987,Cliff Hicks,Oregon,CB,69.4,192,9.0,29.5,,4.5,8.0,31.5,116.0,4.34,,11.33
1987,Alonzo Highsmith,Miami (FL),FB,72.9,236,9.5,33.0,,,27.0,34.0,118.0,,,
1987,Bruce Hill,Arizona State,WR,71.8,173,,,,4.49,,30.5,116.0,4.03,,11.36
1987,Lonzell Hill,Washington,WR,70.6,190,8.75,30.75,,4.57,,31.0,113.0,4.11,,11.32
1987,Merril Hoge,Idaho State,FB,72.6,210,8.5,30.0,,4.89,15.0,28.5,100.0,4.09,,11.33
1987,John Holifield,West Virginia,RB,71.1,208,9.25,31.0,,4.55,14.0,30.5,115.0,4.15,,11.67
1987,Johnny Holland,Texas A&M,OLB,73.8,226,10.25,33.0,,4.76,16.0,33.5,124.0,4.36,,11.89
1987,Bruce Holmes,Minnesota,OLB,73.9,229,10.5,31.5,,4.92,15.0,28.0,105.0,4.5,,12.4
1987,Darryl Holmes,Fort Valley State (GA),SS,74.4,188,9.0,32.5,,4.73,2.0,30.5,116.0,4.22,,11.53
1987,Jon Horton,Arizona,WR,72.5,186,,,,4.64,2.0,30.0,116.0,,,
1987,Todd Howard,Texas A&M,OLB,74.9,237,9.5,32.5,,4.8,17.0,28.0,108.0,4.5,,12.16
1987,Doug Hudson,Nicholls State (LA),QB,73.8,197,7.25,29.0,,4.86,,25.0,105.0,4.52,,
1987,Mark Ingram,Michigan State,WR,70.6,188,9.0,30.25,,4.42,8.0,32.0,111.0,4.16,,11.42
1987,Jeff Jaeger,Washington,K,71.4,190,8.5,30.0,,4.96,6.0,26.0,103.0,4.49,,
1987,Michael James,Washington State,WR,70.9,185,9.75,30.25,,4.5,16.0,35.0,117.0,4.37,,11.44
1987,Ilia Jarostchuk,New Hampshire,ILB,75.5,231,8.5,30.5,,4.77,,31.0,116.0,4.43,,11.88
1987,Curt Jarvis,Alabama,DT,73.0,266,9.25,30.25,,5.08,15.0,24.5,92.0,4.69,,
1987,Haywood Jeffires,North Carolina State,WR,74.1,191,9.0,33.0,,4.41,,,,,,
1987,Alfred Jenkins,Arizona,RB,75.3,218,10.25,32.0,,4.74,,31.0,116.0,4.49,,
1987,Tim Jessie,Auburn,RB,71.3,190,9.5,31.25,,,12.0,,,,,
1987,Tim Johnson,Penn State,DT,74.0,253,9.25,31.25,,5.03,20.0,25.0,100.0,4.56,,
1987,Walter Johnson,Louisiana Tech,OLB,71.1,240,9.25,32.0,,4.54,22.0,29.5,116.0,4.36,,11.33
1987,Walter Johnson,Pittsburgh,DT,73.0,257,9.5,31.25,,4.97,20.0,28.5,110.0,4.86,,
1987,Will Johnson,Louisiana-Monroe,DE,76.0,232,9.75,33.25,,,17.0,33.5,115.0,,,
1987,Dale Jones,Tennessee,ILB,73.1,223,9.5,29.75,,4.91,,25.0,101.0,4.55,,12.64
1987,Leonard Jones,Texas Tech,FS,73.0,186,8.5,30.75,,4.64,9.0,31.5,113.0,4.33,,11.8
1987,Nelson Jones,North Carolina State,FS,72.8,194,9.5,32.0,,4.64,6.0,,,,,
1987,Rod Jones,Washington,TE,75.3,246,10.0,32.5,,4.85,14.0,24.0,108.0,4.47,,12.53
1987,Tim Jordan,Wisconsin,OLB,75.0,226,8.75,31.5,,4.6,21.0,28.5,112.0,4.2,,11.42
1987,Chris Kelley,Akron,TE,75.0,242,10.0,31.5,,4.88,13.0,30.0,102.0,4.5,,12.01
1987,Larry Kelm,Texas A&M,OLB,75.8,221,8.5,31.75,,4.83,12.0,30.0,113.0,4.29,,11.96
1987,Paul Kiser,Wake Forest,OG,75.6,277,9.5,30.75,,5.11,,26.0,93.0,4.95,,
1987,Wally Kleine,Notre Dame,DE,80.4,299,10.25,35.0,,5.2,18.0,27.5,99.0,4.74,,
1987,Shawn Knight,Brigham Young,DE,78.3,292,9.25,32.25,,,23.0,,,,,
1987,Fred Lane,Georgia,WR,68.4,171,9.5,31.0,,4.48,2.0,25.0,109.0,4.36,,11.93
1987,Gary Lee,Georgia Tech,WR,72.8,195,,,,4.53,4.0,31.5,117.0,,,
1987,John Little,Georgia,FS,73.3,199,9.25,30.0,,4.66,,29.0,113.0,4.19,,11.65
1987,Charles Lockett,Long Beach State (CA),WR,70.6,175,8.75,30.0,,4.45,3.0,33.0,113.0,4.39,,12.0
1987,Danny Lockett,Arizona,OLB,74.0,228,9.5,32.0,,4.83,21.0,30.5,120.0,4.39,,12.18
1987,Joe Macesker,Texas-El Paso,OT,78.5,286,10.0,33.0,,5.23,22.0,25.5,106.0,5.01,,
1987,Milton Mack,Alcorn State (MS),CB,70.6,186,9.75,30.0,,4.53,12.0,34.5,118.0,4.22,,11.32
1987,Terence Mack,Clemson,OLB,75.0,239,8.5,31.5,,,16.0,26.0,107.0,,,
1987,Don Majkowski,Virginia,QB,73.5,199,9.0,32.25,,4.83,,34.0,116.0,4.13,,
1987,Massimo Manca,Penn State,K,69.6,206,8.75,29.0,,5.18,,21.0,91.0,4.73,,
1987,Tim Manoa,Penn State,FB,72.0,232,9.25,31.5,,4.71,22.0,24.5,106.0,4.35,,12.08
1987,Warren Marshall,James Madison (VA),FB,73.1,219,10.0,30.75,,4.68,14.0,26.5,111.0,4.56,,12.19
1987,Willie Marshall,Temple,WR,73.5,183,,,,4.59,3.0,32.5,120.0,,,
1987,Kelvin Martin,Boston College,WR,69.0,160,,,,4.55,7.0,29.0,112.0,4.14,,11.39
1987,Skip Mcclendon,Arizona State,DE,77.0,266,9.0,33.25,,5.12,12.0,28.0,112.0,4.52,,
1987,David Mccluskey,Georgia,FB,72.0,221,9.25,31.5,,4.71,,22.5,101.0,4.37,,12.06
1987,Tim Mcdonald,Southern California,SS,74.5,207,8.75,32.0,,4.72,6.0,33.0,122.0,4.27,,11.78
1987,Thomas Mchale,Cornell (NY),DE,76.0,271,9.75,32.5,,5.21,,25.0,,4.61,,
1987,Keith Mckeller,Jacksonville State (FL),TE,76.3,244,10.0,31.0,,4.84,16.0,31.0,111.0,4.63,,12.7
1987,Ron Mclean,Cal-State Fullerton,DE,75.5,267,9.5,32.25,,4.99,20.0,24.0,114.0,4.68,,
1987,Bruce Mesner,Maryland,DT,76.9,279,8.5,32.75,,,20.0,,,,,
1987,Chris Miller,Oregon,QB,73.4,190,,,,4.74,,30.5,117.0,4.35,,
1987,Roland Mitchell,Texas Tech,CB,71.1,180,9.5,31.5,,4.49,9.0,32.0,128.0,4.15,,11.49
1987,Stacey Mobley,Jackson State (MS),WR,67.4,157,,,,4.55,7.0,33.5,115.0,4.52,,12.09
1987,Jeff Modesitt,Delaware,TE,75.8,241,9.5,31.75,,4.89,16.0,30.5,112.0,4.48,,12.34
1987,Mark Moore,Oklahoma State,FS,71.0,199,9.0,30.5,,4.7,7.0,28.0,114.0,4.1,,11.23
1987,Dan Morgan,Penn State,OG,78.3,288,8.5,31.75,,5.25,14.0,25.0,93.0,4.84,,
1987,Ron Morris,Southern Methodist (TX),WR,72.6,187,,,,4.59,8.0,31.5,116.0,4.29,,11.05
1987,Bobby Morse,Michigan State,RB,69.6,201,9.75,29.75,,4.65,14.0,29.0,110.0,4.07,,11.5
1987,Gary Moss,Georgia,CB,70.4,193,8.25,30.0,,,12.0,,,,,
1987,Winston Moss,Miami (FL),OLB,75.3,235,9.25,31.5,,4.69,16.0,30.0,111.0,4.36,,11.62
1987,Ronnie Moten,Florida,OLB,72.5,230,9.5,30.25,,4.8,20.0,30.5,116.0,,,
1987,Mark Mraz,Utah State,DT,75.1,256,9.5,31.0,,4.92,21.0,28.0,113.0,4.53,,
1987,Jamie Mueller,Benedictine (KS),FB,73.0,224,9.75,31.25,,4.61,19.0,33.0,117.0,3.99,,11.31
1987,Marc Munford,Nebraska,OLB,74.0,238,9.0,30.5,,4.78,15.0,30.0,110.0,4.31,,11.85
1987,Ricky Nattiel,Florida,WR,68.9,178,,,,4.41,,32.0,116.0,,,
1987,Frankie Neal,Fort Hays State (KS),WR,73.3,208,,,,4.51,,35.0,120.0,4.38,,11.63
1987,Calvin Nicholas,Grambling State (LA),WR,75.8,208,,,,4.67,12.0,27.5,117.0,4.4,,11.99
1987,Gerald Nichols,Florida State,DT,73.0,263,9.25,31.25,,4.93,22.0,25.0,109.0,4.48,,
1987,Hardy Nickerson,California,ILB,73.5,223,9.5,30.5,,4.82,19.0,28.0,108.0,4.15,,11.46
1987,Danny Noonan,Nebraska,DT,75.0,274,9.75,32.25,,4.82,,32.0,115.0,4.38,,
1987,Paul O'Connor,Miami (FL),OG,75.0,279,10.25,32.0,,5.39,,24.0,93.0,4.62,,
1987,Nate Odomes,Wisconsin,CB,69.3,188,9.0,30.75,,4.43,18.0,33.5,119.0,4.3,,11.59
1987,Christian Okoye,Azusa Pacific (CA),RB,73.6,250,9.75,33.0,,,21.0,31.0,,,,
1987,Darryl Oliver,Miami (FL),RB,70.8,194,9.5,31.5,,4.63,12.0,28.0,112.0,4.4,,12.07
1987,Bob Ontko,Penn State,OLB,75.0,233,8.0,31.0,,4.92,23.0,28.5,116.0,4.28,,11.9
1987,Paul Palmer,Temple,RB,69.3,184,9.75,29.75,,4.53,11.0,30.0,116.0,4.22,,11.49
1987,Keith Paskett,Western Kentucky,WR,71.1,180,,,,4.5,4.0,29.0,111.0,4.35,,11.65
1987,Todd Peat,Northern Illinois,OG,74.0,294,10.0,31.5,,5.37,18.0,26.0,100.0,4.92,,
1987,Tim Peoples,Washington,FS,72.5,200,9.5,32.75,,4.55,,29.0,112.0,4.44,,11.82
1987,Victor Perry,Georgia,OT,76.6,281,9.5,32.0,,5.22,,27.5,99.0,4.81,,
1987,Bob Perryman,Michigan,FB,72.8,234,9.25,31.75,,,15.0,29.0,108.0,4.34,,11.99
1987,Phil Pettey,Missouri,OG,75.5,260,9.75,31.75,,5.27,17.0,23.0,100.0,4.54,,
1987,Tim Pidgeon,Syracuse,OLB,71.1,231,10.0,29.0,,4.69,22.0,30.0,111.0,4.02,,11.26
1987,Chris Pike,Tulsa (OK),DT,78.9,292,9.25,34.25,,,31.0,,,,,
1987,Bruce Plummer,Mississippi State,SS,71.9,196,8.75,30.25,,4.57,,29.5,118.0,4.17,,11.76
1987,Kerry Porter,Washington State,RB,73.6,209,9.5,31.75,,4.47,9.0,32.5,118.0,4.18,,11.48
1987,Tommy Powell,Auburn,SS,70.0,186,9.0,30.0,,,11.0,,,,,
1987,Gregg Rakoczy,Miami (FL),C,77.8,290,9.75,32.5,,5.41,15.0,24.5,93.0,4.34,,
1987,Bill Ransdell,Kentucky,QB,73.5,204,,,,4.96,10.0,24.0,99.0,4.22,,
1987,Albert Reese,Southern Methodist (TX),TE,75.3,254,10.75,33.0,,4.99,,28.5,107.0,4.42,,12.09
1987,Jerry Reese,Illinois,TE,73.3,229,9.25,31.5,,4.73,14.0,27.5,107.0,4.37,,11.73
1987,Mike Reid,Wisconsin,ILB,73.3,230,9.75,30.25,,4.85,17.0,28.0,112.0,4.41,,11.68
1987,Carlos Reviez,Tennessee,K,68.4,189,9.25,28.75,,5.1,10.0,22.0,96.0,4.47,,
1987,Ricky Reynolds,Washington State,CB,71.6,182,8.75,29.5,,4.48,16.0,30.5,118.0,4.17,,11.03
1987,Craig Richardson,Eastern Washington,WR,71.3,185,,,,4.62,14.0,34.5,119.0,4.35,,11.52
1987,Greg Richardson,Alabama,WR,67.3,164,,,,4.35,1.0,28.0,113.0,4.21,,11.54
1987,Doug Riesenberg,California,OT,78.0,261,9.75,32.5,,5.14,21.0,21.5,99.0,4.43,,
1987,Jim Riggs,Clemson,TE,77.0,245,10.0,32.25,,4.78,18.0,25.5,100.0,4.34,,12.08
1987,Bob Riley,Indiana,OT,77.0,284,10.0,33.5,,5.22,24.0,24.0,100.0,4.5,,
1987,Garland Rivers,Michigan,CB,73.0,185,8.75,29.5,,,,,,,,
1987,Reggie Rogers,Washington,DE,78.3,268,9.5,34.25,,4.76,,29.0,103.0,4.91,,
1987,Henry Rolling,Nevada Las Vegas,OLB,73.5,211,9.0,32.0,,4.64,20.0,36.5,119.0,4.42,,12.03
1987,Rod Saddler,Texas A&M,DE,77.3,276,9.75,31.5,,4.99,16.0,30.5,114.0,4.68,,
1987,Scott Schwedes,Syracuse,WR,71.5,174,,,,4.47,,33.5,116.0,4.16,,11.06
1987,Patrick Scott,Grambling State (LA),WR,69.4,173,,,,4.75,,31.5,116.0,4.34,,11.42
1987,Colin Scotts,Hawaii,DE,77.5,264,10.0,33.75,,4.89,,27.0,111.0,4.41,,
1987,Leon Seals,Jackson State (MS),DE,76.9,263,9.0,32.25,,5.05,10.0,22.5,101.0,4.79,,
1987,John Settle,Appalachian State (NC),RB,69.3,207,8.75,30.5,,4.75,10.0,29.0,112.0,4.51,,12.14
1987,Mike Shula,Alabama,QB,74.0,201,,,,5.13,2.0,26.5,99.0,4.49,,
1987,Mike Simmonds,Indiana State,OG,75.9,281,9.5,32.5,,5.28,27.0,25.5,99.0,4.55,,
1987,Ed Simmons,Eastern Washington,OT,76.1,292,9.0,34.25,,5.33,24.0,26.5,102.0,4.9,,
1987,Edwin Simmons,Texas,RB,75.3,237,10.0,34.5,,4.54,12.0,34.0,123.0,4.77,,12.63
1987,Victor Simmons,Central State (OH),OLB,72.0,244,8.5,32.0,,4.86,27.0,28.5,110.0,4.6,,12.77
1987,Brian Siverling,Penn State,TE,78.5,252,10.0,32.25,,4.94,6.0,29.0,99.0,4.61,,12.3
1987,Elton Slater,Southwestern Louisiana,CB,69.8,193,9.5,29.75,,4.59,7.0,26.0,116.0,4.16,,11.65
1987,Al Smith,Utah State,OLB,72.3,228,8.75,31.25,,4.66,24.0,26.0,111.0,4.5,,12.58
1987,Don Smith,Mississippi State,RB,71.3,199,,,,4.67,11.0,30.0,114.0,,,
1987,Sean Smith,Grambling State (LA),DE,76.3,273,9.25,31.5,,,,,,,,
1987,Steve Smith,Penn State,RB,72.9,244,10.75,31.0,,,12.0,,,,,
1987,Timmy Smith,Texas Tech,RB,70.6,216,9.0,27.75,,,10.0,,,,,
1987,Loren Snyder,Northern Colorado,QB,75.6,207,,,,5.15,6.0,26.5,104.0,4.63,,
1987,Tyrone Sorrells,Georgia Tech,OG,75.8,265,9.75,32.0,,4.82,18.0,30.5,114.0,5.05,,
1987,Chris Spachman,Nebraska,DE,76.6,242,9.0,32.5,,5.01,11.0,26.5,109.0,4.4,,
1987,Jason Stargel,Cincinnati,WR,74.3,186,,,,4.64,5.0,30.5,114.0,4.36,,11.94
1987,Kelly Stouffer,Colorado State,QB,75.0,212,,,,4.95,,28.0,108.0,4.51,,
1987,Troy Stradford,Boston College,RB,68.8,192,,,,4.65,,31.0,116.0,4.55,,11.18
1987,Wilbur Strozier,Georgia,OG,75.8,273,9.75,32.5,,,29.0,,,,,
1987,George Swarn,Miami (OH),RB,70.8,205,8.5,32.25,,4.6,16.0,33.5,121.0,4.25,,11.34
1987,Kevin Sweeney,Frenso State (CA),QB,71.3,187,,,,,,,,,,
1987,Ben Tamburello,Auburn,C,74.5,264,10.25,30.5,,5.03,20.0,28.0,108.0,4.59,,
1987,Gene Taylor,Frenso State (CA),WR,74.3,189,,,,4.54,10.0,30.5,127.0,4.32,,12.26
1987,Kitrick Taylor,Washington State,WR,70.8,178,,,,4.55,2.0,31.0,123.0,4.21,,11.19
1987,Derek Tennell,UCLA,TE,76.3,243,9.0,32.25,,4.7,17.0,32.0,117.0,4.61,,12.27
1987,Vinny Testaverde,Miami (FL),QB,76.3,213,10.0,33.5,,4.75,13.0,,,,,
1987,Eric Thomas,Tulane (LA),CB,70.3,171,8.25,30.75,,4.38,7.0,35.0,126.0,4.22,,11.58
1987,Henry Thomas,Louisiana State,DT,73.8,268,10.0,32.25,,4.95,18.0,27.0,98.0,4.67,,
1987,Jeff Tiefenthaler,South Dakota State,WR,73.0,181,,,,4.67,11.0,24.0,105.0,,,
1987,Van Tiffin,Alabama,K,68.6,155,9.0,28.25,,4.9,,22.5,100.0,4.65,,
1987,Spencer Tillman,Oklahoma,RB,70.4,202,9.25,29.0,,4.58,18.0,27.0,103.0,4.21,,11.51
1987,Steve Trapilo,Boston College,OG,76.5,284,10.25,32.5,,5.22,26.0,23.5,97.0,4.91,,
1987,Odessa Turner,Northwestern State (LA),WR,74.9,205,,,,4.53,10.0,31.0,116.0,4.25,,11.32
1987,Ralph Van Dyke,Southern Illinois,OT,77.8,262,9.0,32.75,,5.28,21.0,24.5,99.0,4.94,,
1987,Jeff Van Raaphorst,Arizona State,QB,73.0,206,,,,4.83,8.0,24.0,106.0,4.41,,
1987,Roger Vick,Texas A&M,FB,74.5,223,10.5,31.0,,4.61,12.0,34.0,119.0,4.25,,11.61
1987,Danny Villa,Arizona State,OT,77.0,309,9.0,33.0,,5.5,21.0,22.5,92.0,4.78,,
1987,Jeff Ward,Texas,K,68.9,171,8.5,27.75,,4.78,,24.5,103.0,4.38,,
1987,Jim Warne,Arizona State,OT,78.5,307,9.5,35.0,,5.52,,22.0,89.0,5.0,,
1987,Arthur Wells,Grambling State (LA),TE,75.8,236,9.5,31.25,,4.82,13.0,28.0,101.0,4.82,,12.57
1987,Tom Welter,Nebraska,OT,76.4,274,9.75,31.75,,5.23,13.0,27.0,87.0,5.04,,
1987,Adrian White,Florida,SS,71.5,198,9.75,31.0,,,17.0,,,,,
1987,Bobby White,Penn State,DT,74.3,246,10.25,32.25,,4.87,18.0,26.0,109.0,4.41,,
1987,Gerald White,Michigan,FB,71.4,220,9.5,31.0,,,,28.0,104.0,4.49,,11.8
1987,Solomon Wilcots,Colorado,CB,70.3,186,8.5,30.75,,4.6,11.0,31.5,118.0,4.4,,11.67
1987,Bruce Wilkerson,Tennessee,OT,77.0,280,9.25,32.75,,,17.0,,,,,
1987,Brian Williams,Central Michigan,OT,78.9,293,9.5,33.0,,5.48,14.0,22.0,91.0,5.0,,
1987,Maurice Williams,Virginia Tech,RB,71.5,213,7.5,31.0,,4.77,13.0,28.0,104.0,4.57,,12.37
1987,Perry Williams,Clemson,CB,73.0,203,8.0,30.5,,4.67,8.0,29.0,103.0,4.21,,11.48
1987,Karl Wilson,Louisiana State,DE,76.5,258,9.5,32.5,,4.96,,25.0,111.0,4.56,,
1987,Frank Winters,Western Illinois,C,75.0,273,9.25,32.25,,5.1,20.0,25.5,100.0,4.79,,
1987,Carl Woods,Vanderbilt,RB,71.0,198,9.75,30.5,,4.6,11.0,27.5,106.0,4.19,,11.82
1987,Tony Woods,Pittsburgh,DE,74.8,249,10.0,34.0,,4.85,18.0,29.0,115.0,4.55,,11.82
1987,Rod Woodson,Purdue,CB,72.0,202,10.5,31.0,,4.33,10.0,36.0,125.0,3.98,,10.92
1987,John Wooldridge,Ohio State,RB,68.4,193,,,,,,,,,,
1987,David Wyman,Stanford,ILB,74.0,235,9.5,31.25,,4.79,23.0,29.0,118.0,4.3,,11.78
1987,Theo Young,Arkansas,TE,74.0,231,9.0,34.0,,4.89,9.0,30.0,107.0,4.2,,11.71
1987,Jeff Zimmerman,Florida,OG,75.4,341,9.0,33.5,,5.36,22.0,22.5,,4.83,,
